# Time (days)	Flux	Error
-0.001001	1.021528	0.001394
0.015105	1.069931	0.001277
0.028360	1.011564	0.001531
0.037906	1.056498	0.001315
0.051437	1.060773	0.001557
0.064457	1.032614	0.001294
0.082572	1.066368	0.001261
0.093559	1.034468	0.001546
0.106721	1.055144	0.001422
0.120881	1.036171	0.001372
0.132204	1.006237	0.001529
0.146597	1.002745	0.001447
0.158608	1.035972	0.001705
0.174343	0.999158	0.001567
0.185615	1.020545	0.001336
0.200714	1.009658	0.001227
0.214996	1.010670	0.001360
0.226774	0.968832	0.001546
0.241381	1.007379	0.001650
0.252015	0.970297	0.001796
0.265389	0.990719	0.001581
0.280619	0.989326	0.001644
0.293391	0.980875	0.001773
0.305141	0.995060	0.001623
0.319728	0.964127	0.001570
0.335324	0.986539	0.001586
0.346129	0.967237	0.001492
0.360453	0.964676	0.001442
0.373246	0.998481	0.001466
0.387374	0.960893	0.001604
0.400931	0.961955	0.001704
0.414603	0.973745	0.001289
0.427857	0.998853	0.001395
0.441613	0.964651	0.001675
0.454429	0.953523	0.001247
0.467471	0.966075	0.001232
0.479873	0.972974	0.001635
0.489808	0.968931	0.001391
0.506729	0.955360	0.001476
0.519544	0.956637	0.001432
0.533016	0.960697	0.001620
0.544986	0.978819	0.001328
0.561653	0.999370	0.001730
0.571515	0.953938	0.001431
0.587908	1.001225	0.001767
0.600384	0.965050	0.001786
0.614624	0.972255	0.001331
0.628557	0.967637	0.001595
0.643424	1.011101	0.001320
0.655923	0.979528	0.001756
0.668855	1.027289	0.001383
0.682719	0.984828	0.001328
0.694205	0.969472	0.001500
0.707610	0.976756	0.001588
0.720197	0.983438	0.001618
0.734588	0.982234	0.001769
0.749020	1.001060	0.001350
0.760859	0.989796	0.001525
0.774232	1.009159	0.001631
0.786731	1.000965	0.001797
0.803058	1.023814	0.001536
0.814305	1.000744	0.001424
0.828378	0.979887	0.001583
0.840713	0.955881	0.001577
0.854944	0.981346	0.001449
0.865249	0.997061	0.001288
0.881202	0.979510	0.001541
0.893550	1.025284	0.001570
0.909467	0.996078	0.001484
0.922106	0.984139	0.001750
0.934046	0.979450	0.001686
0.946803	1.002521	0.001323
0.959859	1.026706	0.001384
0.975215	1.005200	0.001321
0.986891	1.003680	0.001484
1.003434	0.994088	0.001478
1.013110	1.024992	0.001727
1.026980	0.996389	0.001450
1.039862	1.009430	0.001235
1.052614	1.009631	0.001685
1.068429	1.000649	0.001328
1.080176	1.010199	0.001664
1.096150	1.045127	0.001584
1.107997	1.005319	0.001794
1.118774	1.022713	0.001459
1.133499	1.025295	0.001683
1.147925	1.000580	0.001491
1.162992	1.041487	0.001329
1.173987	0.990322	0.001645
1.187600	1.003740	0.001723
1.199322	1.042710	0.001684
1.216371	1.024634	0.001609
1.225083	1.051448	0.001213
1.241738	1.018451	0.001722
1.254719	1.028166	0.001450
1.268516	1.009161	0.001319
1.282288	1.070107	0.001616
1.296209	1.004660	0.001640
1.308197	1.016876	0.001436
1.319198	1.067806	0.001390
1.336952	1.004390	0.001761
1.347373	1.063895	0.001219
1.362756	1.052339	0.001549
1.374507	1.044739	0.001398
1.389251	0.997239	0.001593
1.401542	1.053269	0.001480
1.414377	1.039916	0.001748
1.429466	1.029780	0.001734
1.438294	1.043289	0.001689
1.454508	1.026372	0.001757
1.468346	1.008859	0.001704
1.482144	1.030646	0.001424
1.494231	1.000235	0.001381
1.505780	1.015558	0.001617
1.522138	1.014823	0.001465
1.533469	1.024460	0.001581
1.549232	1.003961	0.001596
1.562241	0.994176	0.001351
1.575060	1.002376	0.001336
1.590484	1.019111	0.001492
1.603367	1.036945	0.001278
1.613764	0.992029	0.001607
1.626091	0.983942	0.001388
1.643687	1.026368	0.001308
1.658247	0.972203	0.001666
1.667562	0.972517	0.001481
1.682280	0.975484	0.001221
1.693957	1.003399	0.001783
1.707696	0.951995	0.001216
1.725871	0.967851	0.001790
1.735866	0.984292	0.001499
1.748753	0.962997	0.001220
1.762192	0.981179	0.001270
1.773684	1.009425	0.001289
1.789202	0.938641	0.001368
1.804538	0.963602	0.001350
1.817377	0.973380	0.001727
1.828088	0.976796	0.001629
1.840927	0.967202	0.001787
1.856359	0.950828	0.001259
1.868861	0.950521	0.001676
1.882006	0.957785	0.001232
1.894500	0.985887	0.001515
1.909949	0.980325	0.001357
1.922286	0.994911	0.001217
1.935503	0.979084	0.001558
1.948942	0.980976	0.001695
1.962795	0.990018	0.001678
1.974261	1.012733	0.001242
1.987539	0.956675	0.001721
1.998894	0.981605	0.001238
2.016083	1.002159	0.001433
2.031550	0.971702	0.001443
2.043730	1.003102	0.001589
2.055665	0.998338	0.001590
2.067528	1.010965	0.001350
2.081893	0.966530	0.001438
2.094876	0.949769	0.001839
2.109545	0.990284	0.001522
2.122073	0.966553	0.001648
2.136360	0.994789	0.001698
2.148572	1.003755	0.001473
2.160659	0.974288	0.001471
2.178098	0.980017	0.001482
2.187370	1.000909	0.001520
2.200858	0.985648	0.001227
2.214874	0.984756	0.001587
2.228467	0.983840	0.001804
2.243615	0.997337	0.001713
2.256437	0.997082	0.001532
2.268647	0.979202	0.001585
2.283289	1.013695	0.001618
2.298942	1.016275	0.001601
2.309841	0.984013	0.001453
2.322987	0.996323	0.001552
2.336991	1.000584	0.001724
2.348192	1.008772	0.001458
2.366475	0.997654	0.001644
2.378119	1.024653	0.001436
2.388682	1.042905	0.001417
2.403539	0.989478	0.001552
2.413343	0.997410	0.001562
2.429926	1.021362	0.001733
2.442843	0.998291	0.001673
2.456699	0.983231	0.001276
2.468668	1.016464	0.001791
2.484335	1.024588	0.001236
2.494976	1.016980	0.001726
2.511179	1.002582	0.001352
2.522379	1.026680	0.001441
2.533806	1.063141	0.001289
2.548964	1.022291	0.001351
2.565361	1.011385	0.001779
2.574145	1.036453	0.001563
2.588238	1.036502	0.001316
2.603452	1.002021	0.001282
2.615039	1.046789	0.001623
2.629115	1.038306	0.001319
2.641992	1.061516	0.001427
2.657267	1.069996	0.001503
2.669424	0.990426	0.001489
2.684716	1.052441	0.001644
2.694283	1.034951	0.001434
2.711723	1.031467	0.001320
2.724191	1.012763	0.001330
2.736745	1.026849	0.001361
2.750374	1.035809	0.001372
2.762535	1.014315	0.001302
2.775262	1.057132	0.001369
2.792189	1.012909	0.001340
2.803069	1.007096	0.001719
2.815018	0.992392	0.001221
2.830517	1.023042	0.001773
2.843586	0.993771	0.001767
2.857713	0.957738	0.001791
2.869344	0.986869	0.001265
2.882120	1.031930	0.001359
2.895200	1.006113	0.001488
2.908585	0.973436	0.001481
2.924277	0.988415	0.001784
2.937346	0.995832	0.001739
2.951212	0.987098	0.001482
2.964030	1.017429	0.001256
2.976061	0.972022	0.001405
2.993247	0.975209	0.001311
3.003232	0.984084	0.001271
3.014482	0.985269	0.001705
3.031279	0.994176	0.001571
3.043011	0.985253	0.001487
3.056492	0.979608	0.001370
3.069911	0.977766	0.001537
3.084026	0.971195	0.001823
3.095347	0.958197	0.001359
3.109693	0.986254	0.001563
3.123628	0.952966	0.001771
3.138709	1.004467	0.001648
3.149177	0.966235	0.001213
3.162875	0.944869	0.001337
3.178587	0.943541	0.001845
3.191166	0.994994	0.001591
3.203939	0.992848	0.001293
3.216077	0.946531	0.001654
3.231810	0.949791	0.001482
3.243713	0.975425	0.001734
3.257215	0.969068	0.001684
3.270572	0.983820	0.001523
3.283938	0.991539	0.001213
3.298276	1.014473	0.001703
3.310104	1.006869	0.001565
3.320751	0.974438	0.001665
3.336730	1.010359	0.001643
3.350474	0.980373	0.001670
3.364048	1.022438	0.001200
3.376297	0.972671	0.001528
3.388797	1.013130	0.001374
3.404642	0.975789	0.001631
3.418292	1.009529	0.001353
3.428408	1.009596	0.001539
3.443583	1.020011	0.001576
3.456288	0.973096	0.001622
3.471079	0.987626	0.001259
3.483530	0.955838	0.001820
3.495366	1.010704	0.001755
3.512271	0.968309	0.001740
3.524656	1.010390	0.001727
3.536852	0.991445	0.001785
3.549406	1.000336	0.001314
3.562547	0.985829	0.001271
3.577141	0.976288	0.001580
3.588269	0.994481	0.001257
3.606466	0.997551	0.001744
3.616584	1.019196	0.001365
3.630795	1.032777	0.001336
3.643668	0.982503	0.001587
3.657856	1.020350	0.001645
3.672140	1.026001	0.001200
3.680736	1.011249	0.001537
3.698559	1.013716	0.001411
3.710808	1.021624	0.001361
3.725772	0.989086	0.001331
3.738212	1.015054	0.001413
3.748950	1.020752	0.001351
3.762735	0.998433	0.001582
3.779325	1.029659	0.001407
3.792165	0.993892	0.001342
3.804050	1.022683	0.001667
3.818649	1.006065	0.001341
3.830301	1.030608	0.001725
3.845783	1.020671	0.001568
3.857443	1.044330	0.001280
3.870121	1.030687	0.001726
3.884736	1.007463	0.001647
3.897537	1.028551	0.001590
3.911880	1.061926	0.001671
3.923976	1.017658	0.001622
3.937777	1.022395	0.001436
3.954602	1.034012	0.001248
3.965867	1.014993	0.001614
3.977564	1.001721	0.001722
3.991539	1.044681	0.001542
4.003143	1.025663	0.001509
4.019991	1.025969	0.001689
4.031130	1.002590	0.001615
4.046109	1.049200	0.001746
4.059361	1.021281	0.001612
4.072536	1.054395	0.001572
4.085879	1.037740	0.001389
4.099418	0.984633	0.001319
4.114127	0.988572	0.001295
4.125369	1.010274	0.001777
4.138806	1.004340	0.001328
4.148867	1.024330	0.001329
4.164041	1.012148	0.001589
4.176584	1.014901	0.001487
4.191952	0.970184	0.001533
4.205849	0.999046	0.001453
4.218990	0.998752	0.001228
4.229779	0.952723	0.001726
4.246584	0.960127	0.001276
4.259109	0.972948	0.001334
4.271626	0.985674	0.001717
4.283463	1.011871	0.001534
4.298508	0.980217	0.001474
4.312326	0.960280	0.001424
4.326516	0.966130	0.001777
4.337328	0.993497	0.001399
4.351236	0.971182	0.001688
4.364044	0.971198	0.001676
4.378886	0.970417	0.001756
4.391591	0.966473	0.001580
4.405043	0.981327	0.001558
4.417634	1.001888	0.001310
4.433020	0.976630	0.001806
4.446467	1.011441	0.001720
4.459552	0.974610	0.001448
4.469723	0.987955	0.001551
4.485700	0.984785	0.001378
4.499481	0.973501	0.001494
4.511986	0.961475	0.001701
4.525883	0.997396	0.001325
4.540167	0.962303	0.001256
4.552892	0.986231	0.001625
4.566786	0.994633	0.001647
4.581012	0.967970	0.001675
4.593510	0.981757	0.001445
4.605955	0.965870	0.001605
4.619303	0.953809	0.001290
4.632508	0.969137	0.001661
4.646552	0.974333	0.001419
4.659132	1.023820	0.001758
4.672994	1.029110	0.001794
4.685235	1.021443	0.001736
4.698520	1.005647	0.001812
4.713004	0.953940	0.001323
4.725155	0.949167	0.001513
4.737959	0.991009	0.001391
4.752078	0.979552	0.001487
4.766101	0.992831	0.001426
4.778250	1.014469	0.001575
4.794484	1.036419	0.001307
4.805565	0.994378	0.001275
4.817705	0.963688	0.001560
4.835935	0.983490	0.001609
4.845237	1.003533	0.001430
4.861495	1.003954	0.001215
4.873285	0.984824	0.001316
4.886335	1.018625	0.001794
4.898148	1.007816	0.001421
4.912629	1.024690	0.001470
4.924727	0.982997	0.001371
4.940109	0.999719	0.001559
4.952294	0.985546	0.001762
4.965858	1.006633	0.001259
4.982133	0.972755	0.001395
4.991183	1.002467	0.001370
5.004206	1.039116	0.001224
5.018597	1.009295	0.001263
5.033335	0.988571	0.001633
5.048155	1.011119	0.001477
5.058682	0.995939	0.001536
5.073814	1.003677	0.001780
5.085027	0.971591	0.001362
5.099279	1.023459	0.001319
5.110188	1.010765	0.001497
5.124121	1.038500	0.001385
5.140563	1.038166	0.001777
5.154136	1.022508	0.001593
5.167343	1.018159	0.001687
5.179977	0.996817	0.001591
5.189113	1.040141	0.001407
5.205134	1.033553	0.001618
5.217478	1.004476	0.001564
5.232794	1.050433	0.001243
5.245821	0.992250	0.001793
5.260742	1.032520	0.001542
5.274952	1.046027	0.001208
5.287680	1.017722	0.001363
5.300039	1.026425	0.001325
5.315092	1.035872	0.001423
5.325781	1.041091	0.001739
5.340923	1.033667	0.001478
5.352096	1.030399	0.001268
5.366724	1.050490	0.001722
5.380994	0.990872	0.001408
5.393521	1.010149	0.001665
5.405343	1.032587	0.001482
5.419923	0.994761	0.001717
5.434332	1.019541	0.001591
5.447621	1.041853	0.001367
5.463230	1.028814	0.001420
5.474018	0.976897	0.001253
5.487024	1.015915	0.001482
5.497643	0.993477	0.001586
5.512611	0.984276	0.001748
5.524898	1.029273	0.001336
5.542035	1.011489	0.001464
5.552926	1.028231	0.001756
5.564840	0.975880	0.001659
5.580005	0.980936	0.001684
5.593257	0.979738	0.001636
5.607440	0.978886	0.001664
5.620507	0.951566	0.001332
5.634062	0.946516	0.001486
5.646541	0.948436	0.001449
5.660394	0.978773	0.001393
5.670972	0.972094	0.001779
5.684524	0.987880	0.001382
5.699636	0.963664	0.001436
5.712946	0.948808	0.001601
5.724756	0.963984	0.001784
5.741596	0.910933	0.001624
5.753517	0.980876	0.001489
5.766168	0.999185	0.001292
5.780508	0.989060	0.001730
5.794485	0.981907	0.001244
5.804518	0.997499	0.001659
5.821191	0.956342	0.001364
5.833773	0.973729	0.001409
5.847734	0.996864	0.001485
5.861102	0.948663	0.001817
5.872088	0.955410	0.001769
5.888518	0.969123	0.001658
5.901498	0.997610	0.001740
5.915485	0.949678	0.001310
5.925635	0.980410	0.001521
5.941036	0.992880	0.001782
5.952560	0.959979	0.001333
5.965517	0.977257	0.001382
5.982063	0.980385	0.001268
5.992788	0.936462	0.001727
6.007659	0.976889	0.001384
6.020164	1.009635	0.001448
6.034995	0.956342	0.001617
6.046485	1.015949	0.001312
6.060982	1.013160	0.001755
6.074874	0.991194	0.001455
6.083273	1.022278	0.001741
6.100229	0.993802	0.001548
6.112129	1.019714	0.001772
6.129274	0.988098	0.001345
6.141559	0.953767	0.001592
6.153972	0.970105	0.001594
6.168365	1.023541	0.001275
6.181045	1.020549	0.001461
6.193044	1.013820	0.001803
6.209308	0.984128	0.001349
6.223029	1.021269	0.001450
6.235307	0.992563	0.001754
6.248691	0.989328	0.001206
6.260690	1.021674	0.001543
6.273430	1.035145	0.001473
6.288544	1.022132	0.001264
6.299822	1.004710	0.001255
6.313975	0.991170	0.001517
6.326967	1.003128	0.001779
6.339429	1.009385	0.001410
6.354848	0.993791	0.001616
6.367328	1.035735	0.001263
6.380603	0.984229	0.001628
6.396355	1.031211	0.001434
6.406720	1.005307	0.001398
6.419416	1.005518	0.001221
6.433187	1.031669	0.001371
6.448059	0.994722	0.001631
6.462612	1.012632	0.001271
6.474392	0.998830	0.001393
6.486147	1.042363	0.001705
6.498552	1.042205	0.001537
6.513728	1.034983	0.001240
6.529508	1.062840	0.001605
6.541419	1.019794	0.001480
6.553114	1.040050	0.001496
6.568002	1.047918	0.001482
6.580079	1.021933	0.001206
6.594013	1.018932	0.001693
6.608770	1.022392	0.001377
6.622246	1.042036	0.001382
6.634934	1.012072	0.001583
6.646708	1.049753	0.001713
6.661853	1.057347	0.001708
6.674333	1.029189	0.001619
6.686819	1.056051	0.001706
6.699801	1.036789	0.001226
6.714056	1.021072	0.001213
6.727985	1.026096	0.001493
6.741082	1.018922	0.001711
6.750496	1.014308	0.001496
6.767374	1.028898	0.001419
6.783711	0.999785	0.001363
6.792869	0.994346	0.001555
6.809314	1.015346	0.001790
6.822329	0.979087	0.001600
6.834893	0.990258	0.001613
6.850098	1.002705	0.001785
6.860259	1.014918	0.001355
6.874663	1.013113	0.001623
6.887927	0.968491	0.001745
6.902341	0.987079	0.001537
6.915930	1.022779	0.001327
6.932129	0.982028	0.001522
6.941214	0.950672	0.001498
6.955986	0.995170	0.001616
6.970364	0.935952	0.001585
6.981638	0.985328	0.001656
6.995050	0.961235	0.001748
7.010304	0.997028	0.001570
7.020126	0.981520	0.001274
7.036233	0.997937	0.001363
7.047339	0.965625	0.001665
7.061565	0.983894	0.001430
7.074784	1.022855	0.001280
7.090458	0.964672	0.001639
7.100380	0.970454	0.001432
7.112272	0.998614	0.001215
7.127808	0.957135	0.001751
7.140300	0.994035	0.001553
7.155379	0.987237	0.001420
7.169497	0.967645	0.001365
7.182507	0.983048	0.001742
7.193422	0.987508	0.001447
7.206485	0.960596	0.001771
7.222555	1.001070	0.001686
7.233683	0.987126	0.001478
7.246517	0.994415	0.001694
7.263985	0.971651	0.001427
7.274794	0.995996	0.001206
7.288912	0.979308	0.001407
7.302373	0.955638	0.001411
7.315448	0.999052	0.001481
7.328742	0.984574	0.001432
7.342430	0.993468	0.001421
7.354447	1.010235	0.001485
7.368844	0.976216	0.001252
7.381131	0.968241	0.001295
7.396381	0.991041	0.001635
7.408747	0.996559	0.001603
7.422016	0.999144	0.001520
7.435893	0.968327	0.001654
7.450238	1.002947	0.001754
7.463364	0.966106	0.001695
7.476158	0.990072	0.001657
7.488408	0.990746	0.001371
7.504000	1.005850	0.001209
7.514391	0.983285	0.001404
7.527929	0.955165	0.001814
7.544365	0.968944	0.001753
7.554325	0.992513	0.001278
7.569558	0.973508	0.001598
7.582625	0.988568	0.001670
7.595363	0.995956	0.001357
7.608258	0.960882	0.001213
7.621699	1.041563	0.001232
7.634334	1.008816	0.001234
7.647261	1.004045	0.001422
7.659828	1.004344	0.001332
7.675542	1.017572	0.001636
7.690573	1.012036	0.001294
7.700191	0.987153	0.001371
7.716205	1.014220	0.001740
7.729306	0.995958	0.001218
7.743762	1.029944	0.001631
7.756846	1.010599	0.001692
7.769937	1.015348	0.001402
7.781366	1.011249	0.001226
7.795917	1.047871	0.001637
7.808741	0.994195	0.001547
7.820985	1.047689	0.001667
7.836455	1.013803	0.001566
7.848079	1.052742	0.001793
7.863800	1.017564	0.001595
7.876495	1.032159	0.001429
7.887441	1.003842	0.001680
7.904180	1.005611	0.001241
7.916148	1.046510	0.001550
7.929364	1.035337	0.001267
7.939239	0.998433	0.001397
7.955040	0.994192	0.001590
7.968197	1.021963	0.001294
7.981562	1.020124	0.001518
7.994462	1.030394	0.001237
8.007585	1.017719	0.001721
8.024371	1.025968	0.001447
8.035164	1.035038	0.001390
8.046400	1.019964	0.001667
8.061582	1.050350	0.001565
8.074991	1.022297	0.001716
8.088933	1.037410	0.001547
8.102549	1.013539	0.001273
8.116264	1.043551	0.001429
8.128618	0.975481	0.001642
8.142871	1.019023	0.001466
8.160145	0.979835	0.001513
8.168376	0.971839	0.001406
8.180628	0.988615	0.001802
8.197497	0.961545	0.001322
8.209008	1.004435	0.001246
8.221788	1.020648	0.001630
8.234529	0.983532	0.001786
8.251165	0.974731	0.001622
8.261539	0.998546	0.001236
8.278856	0.948027	0.001500
8.291824	0.971616	0.001766
8.304337	0.995886	0.001739
8.315795	0.972548	0.001391
8.333566	0.957084	0.001281
8.341336	0.957349	0.001344
8.356379	0.979684	0.001275
8.368237	0.947591	0.001606
8.383452	1.032619	0.001242
8.396817	0.991789	0.001507
8.410858	0.959283	0.001780
8.422848	0.996885	0.001455
8.437370	0.982680	0.001396
8.449394	0.970002	0.001699
8.463552	0.973567	0.001657
8.475455	0.977225	0.001318
8.490939	0.971799	0.001280
8.504090	1.011189	0.001354
8.515889	0.963047	0.001302
8.529975	0.980100	0.001582
8.542038	0.994959	0.001339
8.558814	0.989838	0.001519
8.572968	0.980665	0.001632
8.583822	0.992976	0.001341
8.598874	1.008310	0.001326
8.610836	0.983613	0.001247
8.623506	0.984023	0.001620
8.635445	1.000201	0.001531
8.650871	0.991098	0.001567
8.662006	0.981620	0.001558
8.676719	0.988921	0.001342
8.690899	1.002997	0.001738
8.702594	0.949383	0.001698
8.715371	0.991083	0.001418
8.729263	1.007407	0.001452
8.744160	1.000463	0.001656
8.756652	1.025089	0.001707
8.771254	0.974524	0.001486
8.785955	0.992286	0.001325
8.795900	1.015987	0.001701
8.811611	0.993119	0.001223
8.824006	0.996016	0.001342
8.836339	0.993593	0.001404
8.849563	1.008682	0.001409
8.862203	1.002972	0.001797
8.876979	1.024899	0.001261
8.888195	1.003366	0.001551
8.900751	1.011146	0.001662
8.915790	1.020673	0.001580
8.930395	0.950374	0.001409
8.943092	0.974541	0.001426
8.956001	1.056260	0.001309
8.969867	1.039831	0.001341
8.984840	0.981570	0.001593
8.995706	1.014376	0.001654
9.010577	1.031057	0.001386
9.023841	0.988410	0.001698
9.035503	1.005205	0.001387
9.051602	1.015444	0.001545
9.063084	1.026215	0.001393
9.080048	1.035830	0.001766
9.089726	1.018872	0.001622
9.103754	1.017861	0.001531
9.120117	1.013636	0.001806
9.131963	0.993477	0.001489
9.143786	1.004816	0.001444
9.154209	1.020304	0.001613
9.172322	1.018286	0.001458
9.182293	1.023576	0.001694
9.198037	1.056363	0.001694
9.210691	1.002363	0.001237
9.224291	1.036014	0.001347
9.237132	1.024105	0.001222
9.250112	1.002632	0.001564
9.263516	1.033190	0.001284
9.277320	1.002335	0.001575
9.289527	1.024157	0.001526
9.303478	1.021930	0.001547
9.318715	1.012837	0.001490
9.328828	1.048538	0.001339
9.345620	1.001190	0.001218
9.358483	1.035985	0.001326
9.374681	1.031445	0.001239
9.385266	1.025592	0.001622
9.397774	1.012984	0.001362
9.411670	1.008972	0.001565
9.421791	0.989411	0.001473
9.438503	1.015258	0.001534
9.449932	1.021036	0.001529
9.466401	0.991669	0.001331
9.477324	1.007418	0.001361
9.491338	0.987720	0.001616
9.503036	0.972419	0.001690
9.517182	0.979498	0.001631
9.530655	0.956839	0.001814
9.545194	1.023678	0.001712
9.559133	0.965566	0.001669
9.570464	0.965207	0.001333
9.582306	1.009630	0.001496
9.595732	0.980683	0.001432
9.612416	0.977287	0.001235
9.625357	0.971883	0.001373
9.638136	0.985401	0.001294
9.651185	0.977845	0.001261
9.664688	0.962999	0.001384
9.677682	0.986193	0.001754
9.692674	0.964110	0.001776
9.704606	0.955718	0.001453
9.716739	0.941926	0.001734
9.730497	0.998912	0.001574
9.742291	0.988107	0.001400
9.759015	1.008359	0.001432
9.770423	0.978329	0.001750
9.784316	0.990938	0.001321
9.796621	0.942347	0.001694
9.810617	0.964730	0.001460
9.825669	0.987520	0.001646
9.838206	1.005875	0.001663
9.851744	0.951828	0.001753
9.866365	0.989369	0.001779
9.878669	0.996784	0.001626
9.890611	0.960802	0.001643
9.905708	0.948385	0.001232
9.916687	1.004995	0.001315
9.932718	0.971092	0.001676
9.945103	1.022677	0.001488
9.958872	0.983895	0.001688
9.971837	0.999026	0.001603
9.984596	0.993930	0.001478
9.996380	0.976272	0.001498
10.013703	0.997760	0.001673
10.024085	0.971556	0.001304
10.037142	0.953272	0.001275
10.051972	1.013008	0.001210
10.065226	0.977673	0.001662
10.077696	0.976258	0.001229
10.090874	0.989133	0.001487
10.105837	0.988555	0.001399
10.120426	1.002343	0.001687
10.131632	0.961602	0.001431
10.144955	0.993643	0.001254
10.159623	1.015814	0.001744
10.171037	1.004718	0.001497
10.183310	0.986982	0.001544
10.196786	0.970580	0.001554
10.211240	0.989997	0.001341
10.224768	0.988648	0.001452
10.235923	0.988425	0.001238
10.252096	0.968709	0.001750
10.265498	1.003057	0.001240
10.277249	0.974591	0.001383
10.292045	1.028256	0.001648
10.308947	1.003131	0.001563
10.318056	1.021961	0.001286
10.330012	0.981745	0.001282
10.344072	1.049354	0.001219
10.357506	0.991392	0.001430
10.370922	0.964548	0.001814
10.384489	1.021585	0.001353
10.398436	1.013376	0.001327
10.410592	1.021226	0.001425
10.425792	1.024957	0.001347
10.438579	1.032065	0.001398
10.452362	1.035735	0.001236
10.462938	0.999886	0.001686
10.480364	1.003173	0.001269
10.494838	0.989377	0.001669
10.505559	1.016350	0.001674
10.518581	1.054876	0.001494
10.531959	1.068122	0.001391
10.547515	1.022662	0.001544
10.556390	1.024576	0.001455
10.574107	1.023655	0.001548
10.584089	1.047985	0.001355
10.601215	1.035265	0.001692
10.612992	1.007893	0.001536
10.625724	1.006489	0.001370
10.637610	1.059666	0.001484
10.649445	1.020895	0.001322
10.663112	1.030815	0.001437
10.678129	1.014310	0.001399
10.693971	1.040963	0.001215
10.704754	1.006242	0.001560
10.716350	1.011331	0.001500
10.732038	1.014938	0.001302
10.744848	1.048553	0.001588
10.759130	1.013222	0.001413
10.771402	1.007317	0.001576
10.784112	1.002698	0.001611
10.798328	0.969961	0.001649
10.811441	0.998732	0.001654
10.827582	0.997543	0.001364
10.839573	0.953731	0.001319
10.853454	0.976940	0.001477
10.865063	0.977934	0.001596
10.879037	0.948637	0.001743
10.891262	0.998535	0.001744
10.906610	0.959859	0.001515
10.918125	0.991123	0.001668
10.932467	0.955426	0.001405
10.944979	0.940385	0.001705
10.959839	0.985334	0.001528
10.974071	1.007137	0.001810
10.985678	1.009380	0.001288
11.000538	0.973880	0.001244
11.013119	0.952583	0.001326
11.026765	0.972991	0.001412
11.040415	0.969825	0.001460
11.052839	0.934348	0.001412
11.065970	0.961191	0.001697
11.077259	0.973923	0.001402
11.091596	0.996497	0.001773
11.106246	0.979666	0.001237
11.122297	0.969233	0.001778
11.133518	0.989078	0.001701
11.145183	0.988930	0.001489
11.160214	0.981388	0.001811
11.174882	0.983711	0.001286
11.185299	0.971932	0.001332
11.200524	0.983739	0.001341
11.213800	0.967175	0.001542
11.225286	0.974297	0.001335
11.239001	0.970323	0.001330
11.251179	0.986970	0.001442
11.267140	0.980107	0.001404
11.281175	0.961295	0.001498
11.292535	0.979781	0.001371
11.307424	1.034728	0.001406
11.319860	0.964221	0.001665
11.333122	0.971512	0.001253
11.345915	0.970896	0.001382
11.359459	0.985917	0.001678
11.372715	0.986647	0.001496
11.387049	0.980795	0.001531
11.400566	0.991364	0.001467
11.413470	1.005263	0.001596
11.427986	1.009955	0.001781
11.438844	0.992447	0.001463
11.453407	1.015953	0.001204
11.465784	1.007948	0.001627
11.480694	1.007061	0.001476
11.494429	1.001171	0.001417
11.504623	0.981389	0.001436
11.520908	0.994864	0.001279
11.534832	0.969656	0.001410
11.546992	0.992681	0.001640
11.557303	1.020770	0.001248
11.576174	0.999735	0.001571
11.585833	1.000456	0.001261
11.599908	0.997175	0.001304
11.615709	1.009013	0.001218
11.626104	1.014918	0.001584
11.639783	0.983526	0.001381
11.655189	1.008949	0.001805
11.667312	0.996679	0.001491
11.680891	1.014419	0.001637
11.693336	1.028864	0.001460
11.706753	1.000703	0.001306
11.720951	0.999782	0.001458
11.731432	1.001770	0.001800
11.745253	1.045192	0.001215
11.759503	1.043321	0.001783
11.772371	1.033371	0.001342
11.788528	1.024282	0.001255
11.799893	0.983330	0.001572
11.813462	1.045742	0.001731
11.825422	1.004120	0.001586
11.841189	0.990984	0.001235
11.853242	0.998737	0.001515
11.866238	1.047751	0.001449
11.879693	1.004754	0.001492
11.892772	1.024387	0.001457
11.905645	1.016866	0.001312
11.920296	1.010244	0.001587
11.934667	1.020261	0.001701
11.948880	0.984513	0.001339
11.958006	1.046330	0.001206
11.973354	0.996330	0.001398
11.990232	1.013475	0.001624
12.000819	1.033895	0.001276
12.012524	1.002484	0.001525
12.027324	1.046233	0.001692
12.039707	0.999418	0.001640
12.054969	1.030738	0.001284
12.068132	1.023031	0.001552
12.080365	1.051126	0.001371
12.095059	1.002637	0.001295
12.108148	0.993350	0.001207
12.121929	0.980031	0.001424
12.134764	1.015609	0.001239
12.147476	0.990231	0.001549
12.159878	0.978934	0.001452
12.176850	0.987698	0.001609
12.187713	0.991405	0.001593
12.200155	0.983874	0.001256
12.213483	0.989721	0.001346
12.230470	1.002359	0.001801
12.242107	0.986727	0.001215
12.252280	0.954675	0.001353
12.268766	0.990026	0.001563
12.280495	0.975499	0.001619
12.294069	0.942817	0.001532
12.306591	0.989661	0.001490
12.321696	0.957754	0.001570
12.336846	0.969649	0.001383
12.345495	0.962592	0.001598
12.359952	0.971980	0.001403
12.373187	0.974630	0.001302
12.386679	0.978071	0.001276
12.399147	0.966759	0.001794
12.413158	1.004180	0.001795
12.427117	0.961164	0.001572
12.442702	0.984992	0.001252
12.451457	1.026847	0.001322
12.467477	0.954137	0.001783
12.482195	0.976524	0.001447
12.493524	0.985632	0.001367
12.509751	1.007568	0.001494
12.522609	0.990603	0.001745
12.534964	0.950348	0.001465
12.550133	0.977071	0.001241
12.562105	0.954483	0.001697
12.576151	1.005197	0.001600
12.585975	0.995224	0.001619
12.601880	0.963148	0.001408
12.613734	0.989381	0.001669
12.625962	0.988049	0.001531
12.640975	0.977985	0.001472
12.655257	1.002818	0.001673
12.667231	0.963192	0.001533
12.682062	1.011029	0.001290
12.696408	0.980198	0.001771
12.707508	0.973493	0.001546
12.720984	1.023758	0.001211
12.734947	0.963023	0.001796
12.748235	0.936257	0.001829
12.763000	0.966029	0.001780
12.771485	0.989383	0.001591
12.788768	0.956053	0.001487
12.800714	0.988367	0.001638
12.813599	1.003394	0.001424
12.831134	0.991122	0.001616
12.841626	1.002145	0.001673
12.854347	0.993478	0.001233
12.870796	0.982334	0.001569
12.882267	1.017537	0.001666
12.894498	0.995510	0.001421
12.909100	0.990190	0.001674
12.922099	0.991864	0.001499
12.933267	1.003097	0.001370
12.947308	1.021569	0.001803
12.960923	0.985186	0.001476
12.974404	1.025351	0.001301
12.988894	1.009335	0.001527
13.000705	1.051169	0.001598
13.013815	0.999336	0.001303
13.028948	1.000938	0.001472
13.042024	1.006889	0.001722
13.053082	1.046174	0.001332
13.067673	1.027988	0.001388
13.082124	1.013902	0.001452
13.097619	0.992468	0.001215
13.108534	1.015543	0.001529
13.122235	1.005310	0.001687
13.135140	0.990725	0.001746
13.148511	1.064029	0.001639
13.159438	1.047391	0.001506
13.177129	1.023491	0.001624
13.189099	0.999694	0.001395
13.203194	1.032326	0.001804
13.213484	1.029799	0.001672
13.227587	1.012339	0.001752
13.242323	1.046572	0.001739
13.254545	1.010472	0.001772
13.267869	1.027159	0.001592
13.284632	1.024201	0.001433
13.294305	1.016706	0.001466
13.308644	0.971190	0.001462
13.321772	1.009040	0.001621
13.333404	1.042340	0.001782
13.348485	1.048156	0.001525
13.364495	1.029906	0.001290
13.374718	1.033312	0.001527
13.390185	1.003894	0.001299
13.402084	1.012204	0.001281
13.415865	1.018034	0.001380
13.428300	1.019337	0.001242
13.442699	0.979425	0.001718
13.455242	0.988826	0.001334
13.471066	1.016762	0.001782
13.481021	1.007918	0.001388
13.495174	0.986976	0.001264
13.506331	0.964722	0.001572
13.523993	1.032297	0.001647
13.536468	0.997890	0.001389
13.549848	0.999190	0.001819
13.561649	0.976197	0.001632
13.576445	0.975495	0.001672
13.590487	0.982985	0.001713
13.601616	0.939999	0.001674
13.618115	0.950940	0.001582
13.628601	0.976030	0.001505
13.641318	0.965142	0.001580
13.657417	0.987419	0.001514
13.669008	0.947081	0.001268
13.682357	0.979628	0.001749
13.696800	0.941276	0.001317
13.710238	0.966382	0.001696
13.721329	0.975320	0.001791
13.736067	0.958851	0.001762
13.749818	1.022910	0.001647
13.763160	0.986276	0.001699
13.778168	0.972999	0.001513
13.788580	0.974347	0.001676
13.801725	0.958007	0.001685
13.814198	0.988339	0.001620
13.830461	0.988263	0.001695
13.841365	0.958221	0.001403
13.855422	0.967510	0.001322
13.867659	0.946183	0.001816
13.880885	0.993483	0.001396
13.896062	0.996473	0.001323
13.910459	0.981390	0.001613
13.920835	1.006756	0.001726
13.936522	1.008882	0.001481
13.949404	0.972232	0.001294
13.961556	0.967517	0.001634
13.975387	1.024377	0.001352
13.989243	0.987325	0.001245
14.001781	0.998511	0.001738
14.013650	0.987684	0.001273
14.030886	0.956446	0.001238
14.044628	0.977972	0.001663
14.055557	0.990086	0.001803
14.070497	0.950767	0.001394
14.084063	1.002674	0.001275
14.096500	0.987606	0.001674
14.107833	1.006980	0.001532
14.122621	0.991991	0.001449
14.135477	1.008896	0.001728
14.149554	1.001702	0.001461
14.161771	0.967714	0.001438
14.178237	0.954867	0.001796
14.188876	0.980080	0.001399
14.202690	1.020911	0.001586
14.215212	0.976490	0.001718
14.228188	0.989907	0.001280
14.243720	0.995161	0.001377
14.256072	0.979845	0.001540
14.271965	0.993803	0.001235
14.279601	1.003545	0.001414
14.298699	1.014204	0.001642
14.308148	1.010945	0.001660
14.323033	1.035206	0.001521
14.334725	1.047526	0.001573
14.350753	1.028084	0.001753
14.362880	0.988919	0.001227
14.376068	0.989710	0.001551
14.388855	1.016099	0.001479
14.403870	1.056339	0.001461
14.418122	1.029642	0.001396
14.429264	1.021874	0.001225
14.445005	1.038564	0.001787
14.457238	1.014594	0.001386
14.469708	1.023614	0.001399
14.482467	1.055082	0.001523
14.493408	1.020968	0.001648
14.510960	1.031588	0.001554
14.522767	1.033997	0.001388
14.537804	1.009904	0.001373
14.549312	1.017435	0.001230
14.564636	1.046300	0.001623
14.578719	1.030636	0.001275
14.589663	1.033100	0.001591
14.602085	1.018013	0.001396
14.614533	1.040090	0.001499
14.632743	1.011795	0.001535
14.643614	1.030257	0.001238
14.657144	1.013102	0.001778
14.670993	1.032181	0.001749
14.682292	1.013143	0.001378
14.695343	1.032418	0.001357
14.711949	1.050337	0.001506
14.722801	0.993304	0.001716
14.737824	1.013115	0.001413
14.751390	1.038251	0.001526
14.763755	1.006246	0.001501
14.777006	1.006443	0.001488
14.794032	0.985260	0.001628
14.805929	0.990987	0.001552
14.816504	1.019495	0.001373
14.830383	0.988106	0.001789
14.845404	0.980760	0.001670
14.859882	1.008798	0.001605
14.872497	0.988580	0.001332
14.883209	0.988048	0.001480
14.896476	0.958639	0.001801
14.910585	1.004205	0.001713
14.925410	0.988766	0.001617
14.937787	0.993689	0.001579
14.951977	0.984151	0.001375
14.963770	0.966590	0.001302
14.978563	0.951261	0.001641
14.990823	0.980830	0.001230
15.002131	0.978254	0.001514
15.016952	0.974405	0.001421
15.029239	0.943019	0.001612
15.046126	1.011848	0.001453
15.057223	0.971285	0.001755
15.070715	0.987055	0.001669
15.084824	0.962438	0.001423
15.097135	0.966827	0.001355
15.111416	0.936212	0.001269
15.126011	0.975502	0.001627
15.136323	0.958909	0.001733
15.150867	0.952046	0.001286
15.165044	0.960793	0.001368
15.175373	0.950950	0.001543
15.193373	0.944189	0.001681
15.203881	0.953677	0.001650
15.216405	0.965306	0.001819
15.230912	0.956071	0.001753
15.244901	0.990656	0.001650
15.258132	0.985720	0.001731
15.271982	0.970302	0.001426
15.283799	0.985716	0.001689
15.298913	0.968351	0.001439
15.312192	1.005258	0.001663
15.323774	0.971541	0.001243
15.339226	0.972824	0.001598
15.351214	0.955512	0.001535
15.366313	1.032248	0.001691
15.376043	0.969334	0.001320
15.392730	0.980760	0.001211
15.405763	0.992766	0.001608
15.418951	0.952189	0.001579
15.432955	0.954963	0.001235
15.445407	0.983059	0.001774
15.460565	1.034472	0.001569
15.470710	1.012242	0.001721
15.484545	0.979862	0.001665
15.497069	1.003491	0.001523
15.511251	0.999325	0.001539
15.524916	1.005756	0.001636
15.537412	0.993173	0.001293
15.553103	0.967578	0.001693
15.563540	1.034862	0.001236
15.576927	1.010268	0.001598
15.593164	1.015147	0.001410
15.604416	1.005146	0.001813
15.618939	1.023641	0.001677
15.631473	1.037839	0.001272
15.646686	1.038156	0.001662
15.658852	1.042098	0.001304
15.670141	1.029175	0.001326
15.682314	1.024146	0.001612
15.697777	0.988151	0.001610
15.710896	0.997435	0.001680
15.724377	1.030070	0.001404
15.735168	0.999898	0.001555
15.754672	1.021492	0.001569
15.766863	1.058466	0.001728
15.779227	1.013912	0.001560
15.792098	0.994011	0.001780
15.805203	0.990979	0.001634
15.818758	1.056375	0.001397
15.830082	1.023938	0.001217
15.841814	1.002661	0.001202
15.858816	1.028672	0.001521
15.872616	1.083482	0.001423
15.885156	1.000413	0.001217
15.899748	0.984225	0.001330
