# Time (days)	Flux	Error
-0.000932	1.035774	0.001283
0.013362	1.033122	0.001540
0.025433	1.005593	0.001393
0.040482	1.027780	0.001402
0.053811	1.007220	0.001506
0.066202	0.993484	0.001366
0.076575	1.009408	0.001299
0.093704	1.027433	0.001401
0.106239	0.987208	0.001606
0.123714	0.959805	0.001285
0.132299	1.012723	0.001704
0.146287	1.002171	0.001706
0.160309	0.967011	0.001336
0.175116	0.970096	0.001455
0.188433	1.006414	0.001607
0.200442	0.996945	0.001278
0.212909	0.952261	0.001569
0.225806	0.945799	0.001607
0.240007	1.002234	0.001356
0.254186	0.996844	0.001679
0.263797	0.963020	0.001266
0.279801	0.980107	0.001502
0.293216	0.987143	0.001342
0.308194	0.973225	0.001643
0.319809	1.007282	0.001513
0.333562	1.000000	0.001557
0.347387	0.969532	0.001457
0.360117	1.012034	0.001739
0.373073	1.042547	0.001340
0.390791	1.029141	0.001395
0.400517	1.033099	0.001728
0.412496	1.039541	0.001586
0.428376	1.005770	0.001411
0.438778	1.024756	0.001738
0.452778	1.058662	0.001534
0.466598	1.008982	0.001305
0.478820	1.031763	0.001423
0.493808	1.031479	0.001581
0.506540	1.031705	0.001266
0.520189	1.000654	0.001746
0.533880	1.040348	0.001221
0.548290	1.025136	0.001511
0.559465	1.026496	0.001742
0.574775	1.020997	0.001469
0.586408	1.000573	0.001458
0.599635	0.990339	0.001646
0.613398	1.011091	0.001761
0.625877	1.023289	0.001654
0.639521	0.998207	0.001465
0.654446	1.011721	0.001327
0.667903	1.019802	0.001291
0.681383	1.001021	0.001678
0.694493	0.967836	0.001764
0.709137	0.997243	0.001691
0.720833	0.996152	0.001415
0.733397	0.974031	0.001276
0.745726	0.967635	0.001285
0.759251	0.975804	0.001228
0.775728	0.972787	0.001300
0.788030	0.958944	0.001736
0.800903	0.962783	0.001645
0.811845	0.969424	0.001809
0.827212	0.967454	0.001639
0.842556	0.957464	0.001821
0.856461	0.981983	0.001255
0.867534	0.965153	0.001662
0.881127	0.991694	0.001609
0.896313	0.963433	0.001551
0.905794	1.031302	0.001363
0.922159	1.002564	0.001495
0.934581	1.014150	0.001357
0.947896	1.012810	0.001341
0.963934	1.036676	0.001627
0.973309	1.026503	0.001213
0.988961	1.077305	0.001683
0.999828	1.056979	0.001416
1.012400	1.049126	0.001328
1.026190	1.038286	0.001671
1.042123	1.029678	0.001592
1.056733	1.063692	0.001649
1.068418	1.030232	0.001687
1.082433	1.019203	0.001647
1.096834	0.983183	0.001663
1.109732	1.022161	0.001535
1.120480	1.032841	0.001579
1.132510	0.976906	0.001658
1.147491	1.005156	0.001759
1.163086	0.989068	0.001733
1.174715	1.020048	0.001748
1.187330	0.972863	0.001764
1.202265	0.977137	0.001474
1.214061	0.989293	0.001349
1.229508	0.954252	0.001549
1.240604	0.953766	0.001563
1.253814	0.995362	0.001785
1.269315	0.987590	0.001565
1.279024	0.975717	0.001579
1.294057	0.996439	0.001602
1.308613	1.003315	0.001767
1.322024	0.973819	0.001756
1.333562	0.971187	0.001598
1.347429	1.007867	0.001395
1.362338	0.964485	0.001641
1.373850	0.981478	0.001723
1.388754	0.982410	0.001485
1.402636	0.980987	0.001630
1.415761	0.962969	0.001642
1.428315	0.957846	0.001330
1.440561	1.019634	0.001666
1.454298	1.033011	0.001618
1.467430	0.991079	0.001315
1.478534	1.034535	0.001359
1.494261	1.015593	0.001257
1.508268	1.036157	0.001725
1.525401	1.057863	0.001539
1.534911	1.053997	0.001402
1.548552	1.054277	0.001208
1.561916	1.027540	0.001327
1.574271	1.029912	0.001562
1.588426	1.002054	0.001509
1.600982	1.013931	0.001602
1.614307	1.017825	0.001678
1.627625	1.043547	0.001424
1.641752	1.007600	0.001458
1.654739	1.043328	0.001449
1.668222	1.007170	0.001502
1.681586	1.015347	0.001542
1.696607	0.994310	0.001354
1.708679	0.988934	0.001336
1.721462	1.005941	0.001488
1.737055	0.977194	0.001351
1.746792	1.006478	0.001603
1.758137	1.006625	0.001462
1.776431	1.008132	0.001476
1.787608	1.022931	0.001370
1.801902	0.980999	0.001370
1.816101	1.001496	0.001782
1.827346	0.981457	0.001700
1.841711	0.993941	0.001726
1.856658	0.964813	0.001688
1.867390	0.976900	0.001471
1.881177	0.986539	0.001302
1.896237	0.956615	0.001256
1.908956	0.983221	0.001655
1.923927	0.922274	0.001411
1.937511	0.982801	0.001518
1.949818	0.950925	0.001347
1.963679	0.960393	0.001763
1.976628	0.986595	0.001505
1.988247	0.995199	0.001512
2.001947	0.987729	0.001242
2.016400	1.002458	0.001639
2.029073	1.005029	0.001431
2.043023	1.016989	0.001634
2.056816	1.021288	0.001675
2.068890	1.055056	0.001764
2.083397	1.006705	0.001571
2.095320	1.032973	0.001696
2.107239	0.988458	0.001724
2.122338	1.026728	0.001286
2.138500	0.999819	0.001445
2.149610	1.048569	0.001669
2.161466	1.044257	0.001204
2.173735	0.995451	0.001216
2.188077	1.002286	0.001737
2.204510	1.028885	0.001574
2.217285	1.026322	0.001602
2.228356	1.005289	0.001260
2.243866	1.001575	0.001706
2.253473	0.981025	0.001719
2.269261	0.976805	0.001722
2.282642	1.020301	0.001494
2.295280	0.996463	0.001295
2.309705	0.985865	0.001507
2.321809	0.996865	0.001728
2.335465	0.956776	0.001427
2.349063	0.971843	0.001643
2.363767	0.994777	0.001446
2.376839	0.994794	0.001435
2.391410	0.982187	0.001278
2.399892	1.002194	0.001366
2.414594	0.978433	0.001542
2.428997	0.948763	0.001680
2.441770	0.967864	0.001324
2.456245	0.996632	0.001384
2.467600	0.982008	0.001674
2.483934	0.945813	0.001595
2.495230	0.963118	0.001420
2.511153	0.959737	0.001234
2.524610	1.016181	0.001539
2.537135	1.055346	0.001561
2.546887	0.967159	0.001513
2.562712	0.993764	0.001669
2.576607	1.012868	0.001610
2.589670	1.005440	0.001280
2.602025	1.037003	0.001707
2.612626	0.991915	0.001399
2.630712	1.058621	0.001346
2.643874	1.030487	0.001486
2.657281	1.039489	0.001257
2.668880	1.073443	0.001659
2.684291	1.039366	0.001566
2.695659	1.041821	0.001693
2.710645	1.016562	0.001519
2.723544	1.014230	0.001444
2.735547	1.025906	0.001309
2.750977	1.006512	0.001522
2.762837	1.048321	0.001631
2.778972	0.990108	0.001683
2.790148	0.981115	0.001458
2.802909	1.002057	0.001773
2.815386	1.020121	0.001519
2.831106	0.964684	0.001731
2.844320	0.980573	0.001313
2.858219	1.035616	0.001429
2.868720	0.972715	0.001407
2.883624	0.997122	0.001685
2.898495	0.992575	0.001770
2.908890	0.988497	0.001558
2.924585	0.976861	0.001348
2.934909	0.985974	0.001468
2.947110	0.997962	0.001461
2.962926	0.982820	0.001744
2.975808	0.962232	0.001340
2.991629	0.987224	0.001662
3.003871	0.974427	0.001377
3.015340	0.994615	0.001321
3.029907	0.966668	0.001247
3.042247	0.981423	0.001744
3.057409	1.000430	0.001646
3.070485	0.946169	0.001727
3.081270	0.956946	0.001750
3.096756	0.977945	0.001553
3.110570	0.995535	0.001332
3.123945	0.998207	0.001225
3.136332	0.986599	0.001554
3.153520	1.021769	0.001777
3.162675	1.015607	0.001541
3.178337	1.013044	0.001528
3.191537	1.038996	0.001795
3.204663	1.006117	0.001566
3.217533	1.054773	0.001681
3.230778	1.030595	0.001746
3.246342	1.039036	0.001477
3.256959	1.035741	0.001366
3.272231	1.060420	0.001551
3.284525	1.013309	0.001682
3.297280	1.050825	0.001620
3.310395	1.008934	0.001520
3.325564	1.004514	0.001552
3.336585	0.992432	0.001598
3.350204	1.014127	0.001577
3.362700	1.018166	0.001455
3.377198	0.999553	0.001701
3.391780	0.970585	0.001353
3.402785	1.002747	0.001702
3.415964	0.994115	0.001528
3.430609	0.985966	0.001743
3.444173	0.987862	0.001687
3.453982	1.000323	0.001639
3.470153	0.992838	0.001805
3.484388	0.967611	0.001321
3.497931	0.975723	0.001715
3.512396	1.024625	0.001563
3.521912	1.008590	0.001564
3.536372	0.989444	0.001666
3.550503	0.987222	0.001375
3.564444	0.969425	0.001339
3.578984	0.989521	0.001306
3.592172	0.969735	0.001229
3.604102	0.952715	0.001304
3.616615	0.933092	0.001743
3.631891	0.953711	0.001384
3.643996	0.983636	0.001288
3.657597	0.988701	0.001332
3.669671	0.964452	0.001593
3.684136	1.004908	0.001592
3.697275	1.009099	0.001398
3.710473	1.045374	0.001466
3.726070	0.999763	0.001458
3.739421	1.001143	0.001533
3.748499	1.069625	0.001345
3.763574	1.026145	0.001659
3.777007	1.035910	0.001733
3.790191	1.019320	0.001215
3.803638	1.039176	0.001449
3.815601	1.009764	0.001464
3.830139	1.070237	0.001513
3.844183	1.024191	0.001747
3.856107	1.018337	0.001471
3.869709	1.000680	0.001592
3.887301	0.984610	0.001469
3.898368	0.988130	0.001414
3.912653	1.012870	0.001383
3.925118	1.008881	0.001562
3.937744	0.998373	0.001462
3.953373	1.011761	0.001385
3.964010	1.023191	0.001474
3.978009	0.976434	0.001683
3.990968	0.981880	0.001626
4.004437	0.958161	0.001473
4.019179	0.977010	0.001356
4.031402	1.002311	0.001774
4.043333	1.012689	0.001472
4.058374	0.980411	0.001579
4.071059	0.992670	0.001597
4.083299	0.956109	0.001782
4.098545	0.970899	0.001747
4.110401	0.967895	0.001658
4.123536	0.977741	0.001358
4.137670	0.984154	0.001713
4.153915	0.977549	0.001546
4.164158	0.977061	0.001507
4.176192	0.966798	0.001466
4.190679	0.994552	0.001716
4.204985	0.973057	0.001516
4.217096	0.999148	0.001789
4.231076	1.001330	0.001345
4.246343	1.008265	0.001425
4.259914	1.022677	0.001749
4.270683	1.018699	0.001407
4.284371	1.003282	0.001602
4.297120	1.023582	0.001587
4.311995	1.022309	0.001564
4.324350	1.029250	0.001404
4.338237	1.043856	0.001721
4.352927	1.045378	0.001412
4.365717	1.024009	0.001583
4.378394	1.033076	0.001739
4.394102	1.042200	0.001654
4.405056	1.027744	0.001734
4.419937	1.040882	0.001432
4.433358	1.024263	0.001571
4.445007	0.995323	0.001734
4.457134	0.976698	0.001734
4.471650	0.970398	0.001330
4.484192	0.965121	0.001584
4.497628	0.996399	0.001484
4.511327	0.999943	0.001524
4.526094	1.006385	0.001505
4.538057	0.981814	0.001676
4.549625	0.991917	0.001289
4.562853	1.000038	0.001245
4.578494	1.016504	0.001627
4.590429	1.004493	0.001581
4.606182	0.995798	0.001456
4.620551	0.994895	0.001407
4.633181	0.967794	0.001261
4.644624	0.997602	0.001441
4.657449	0.922680	0.001345
4.672907	0.973337	0.001377
4.684310	0.976712	0.001441
4.698132	0.981879	0.001714
4.713357	0.957488	0.001762
4.727151	0.962680	0.001626
4.739079	0.985531	0.001777
4.750229	0.997474	0.001351
4.764507	0.957443	0.001324
4.777671	0.979445	0.001784
4.789893	0.985546	0.001310
4.806259	1.009553	0.001684
4.818525	1.008236	0.001601
4.830467	0.996717	0.001573
4.846276	1.007278	0.001494
4.857779	0.991089	0.001368
4.874862	1.029937	0.001226
4.886419	1.030572	0.001213
4.896150	1.045350	0.001427
4.911299	1.022728	0.001220
4.924077	1.015550	0.001422
4.938052	0.999374	0.001673
4.951471	1.010759	0.001540
4.964302	1.059081	0.001438
4.978472	1.035572	0.001262
4.991463	1.002878	0.001286
5.002901	1.012656	0.001324
5.019003	0.981568	0.001405
5.032178	0.989436	0.001562
5.045354	1.001396	0.001678
5.058561	1.013634	0.001645
5.072425	0.946258	0.001521
5.084580	0.983459	0.001410
5.099030	0.977513	0.001538
5.114710	0.981054	0.001460
5.127240	1.007993	0.001580
5.139877	0.998724	0.001370
5.153330	0.960280	0.001367
5.166733	0.965608	0.001238
5.178701	0.973867	0.001768
5.193476	0.981095	0.001289
5.206476	0.973034	0.001715
5.218175	1.011412	0.001419
5.231247	0.960766	0.001292
5.246432	0.967607	0.001549
5.256994	0.945243	0.001569
5.271941	1.016706	0.001729
5.286261	1.025647	0.001238
5.297297	0.935235	0.001664
5.313004	0.951391	0.001224
5.324705	0.974977	0.001317
5.341953	0.970859	0.001488
5.348000	0.995684	0.001345
5.365368	0.995174	0.001465
5.377985	1.017183	0.001501
5.391506	1.014900	0.001599
5.407470	1.016264	0.001554
5.418520	0.998633	0.001401
5.434864	1.025776	0.001522
5.444946	1.025735	0.001389
5.460169	1.021617	0.001256
5.474157	0.988762	0.001534
5.484671	1.037288	0.001679
5.497653	1.026614	0.001571
5.511252	1.010799	0.001736
5.527007	1.021862	0.001323
5.539269	1.014782	0.001598
5.552358	0.993600	0.001441
5.565554	0.981258	0.001525
5.579661	1.032173	0.001213
5.593406	0.997390	0.001256
5.607309	1.008963	0.001707
5.623772	1.002610	0.001565
5.633525	0.984601	0.001336
5.645547	0.979038	0.001598
5.660369	1.032176	0.001546
5.672732	0.971886	0.001614
5.684739	0.949071	0.001835
5.701174	0.949753	0.001576
5.714903	1.014927	0.001509
5.726429	0.986009	0.001429
5.739702	1.042104	0.001295
5.750316	0.986744	0.001392
5.766764	0.955559	0.001601
5.780628	0.999675	0.001527
5.793326	0.989736	0.001470
5.807763	0.971024	0.001471
5.818860	1.000537	0.001420
5.833961	0.949328	0.001587
5.847671	0.972517	0.001776
5.860540	0.969936	0.001377
5.871344	0.981032	0.001494
5.888992	0.997601	0.001535
5.898862	1.015855	0.001750
5.913049	0.999250	0.001709
5.928094	0.992413	0.001246
5.939499	0.967376	0.001434
5.950975	1.043677	0.001374
5.966375	1.030535	0.001542
5.983182	1.027808	0.001384
5.993877	1.031278	0.001694
6.008103	1.012659	0.001236
6.020358	1.038107	0.001611
6.034702	1.057244	0.001805
6.044860	1.022737	0.001622
6.059562	1.045913	0.001374
6.073555	1.046878	0.001396
6.086702	1.048562	0.001561
6.100798	1.003991	0.001768
6.112141	1.020100	0.001364
6.124227	0.986642	0.001799
6.139160	0.990296	0.001460
6.151990	0.991116	0.001477
6.166336	1.009480	0.001249
6.181372	0.976559	0.001246
6.195356	0.999525	0.001466
6.207953	0.989169	0.001703
6.221623	0.997068	0.001429
6.235111	1.017437	0.001275
6.246702	1.011084	0.001666
6.262283	1.021824	0.001229
6.275111	0.981233	0.001557
6.288573	1.009902	0.001610
6.298239	0.962990	0.001304
6.314494	0.965126	0.001368
6.326486	0.981766	0.001301
6.340500	0.967405	0.001638
6.353227	0.995682	0.001222
6.366876	0.931606	0.001652
6.381974	0.984523	0.001374
6.392865	0.979134	0.001286
6.406643	0.999508	0.001535
6.421170	0.951227	0.001492
6.433471	0.956060	0.001592
6.446996	0.996416	0.001814
6.460629	1.064031	0.001661
6.473517	1.007572	0.001529
6.486147	1.008616	0.001792
6.499216	1.013185	0.001755
6.513834	1.021782	0.001282
6.528446	1.010974	0.001712
6.540501	1.024533	0.001614
6.553574	1.060094	0.001555
6.566597	1.017968	0.001339
6.581481	1.041389	0.001325
6.593118	1.041469	0.001535
6.605774	1.031163	0.001564
6.618495	0.993456	0.001268
6.634121	0.999187	0.001287
6.646927	1.017405	0.001423
6.662211	1.015946	0.001504
6.672464	1.003591	0.001792
6.685048	1.004526	0.001227
6.701015	0.985341	0.001576
6.715154	1.033027	0.001219
6.727003	1.038326	0.001688
6.739575	0.999267	0.001480
6.752968	0.991973	0.001502
6.764680	0.973855	0.001227
6.781897	1.003405	0.001540
6.792677	1.009594	0.001513
6.808631	1.001991	0.001267
6.820478	0.992008	0.001795
6.836064	0.998337	0.001508
6.848325	1.001263	0.001313
6.858956	0.994827	0.001442
6.872800	1.002438	0.001719
6.886267	1.003163	0.001245
6.899798	0.946230	0.001532
6.916795	0.964423	0.001432
6.926950	0.958455	0.001802
6.941321	0.949724	0.001687
6.954184	0.960735	0.001264
6.967240	0.978892	0.001742
6.981600	0.943550	0.001514
6.992482	0.976892	0.001633
7.005427	0.999604	0.001611
7.021777	1.025478	0.001683
7.033241	0.999982	0.001354
7.048908	1.010469	0.001443
7.063506	1.016916	0.001479
7.075513	1.002188	0.001756
7.087918	1.070806	0.001632
7.099773	1.015356	0.001652
7.115738	1.108909	0.001779
7.129007	1.033481	0.001759
7.141198	1.056753	0.001764
7.155181	1.040799	0.001687
7.164845	1.026455	0.001424
7.181115	1.022420	0.001361
7.195261	1.015504	0.001224
7.207116	1.006451	0.001217
7.222585	1.013577	0.001325
7.233135	0.981623	0.001626
7.247639	0.966248	0.001596
7.260191	0.979962	0.001248
7.274295	1.023224	0.001715
7.291136	1.019586	0.001639
7.300662	0.989555	0.001450
7.314761	0.993252	0.001734
7.328431	0.987067	0.001306
7.340496	0.997178	0.001486
7.354166	0.980419	0.001705
7.368426	0.989955	0.001379
7.380705	0.963937	0.001428
7.395499	0.971546	0.001808
7.406297	0.938692	0.001657
7.420725	0.985050	0.001505
7.434822	0.975702	0.001706
7.448612	0.963852	0.001722
7.461616	0.922706	0.001620
7.474172	0.943198	0.001432
7.487365	0.946731	0.001339
7.504009	0.960868	0.001695
7.516441	0.973057	0.001582
7.528425	0.974860	0.001257
7.541996	1.017900	0.001243
7.556017	0.972740	0.001802
7.568008	0.975007	0.001358
7.583066	0.990639	0.001305
7.596035	0.996168	0.001746
7.608071	1.003165	0.001408
7.620447	1.008084	0.001453
7.635228	1.021476	0.001749
7.646491	1.023984	0.001628
7.662178	1.019875	0.001747
7.676108	0.989614	0.001575
7.690258	1.016039	0.001734
7.701820	1.067594	0.001369
7.715725	1.025157	0.001269
7.728171	1.008443	0.001284
7.744501	1.013348	0.001555
7.758479	1.018253	0.001291
7.769858	1.038680	0.001200
7.780884	1.009132	0.001374
7.796480	0.979186	0.001497
7.806435	0.980660	0.001471
7.822392	1.011618	0.001812
7.835874	0.965733	0.001370
7.846839	0.989204	0.001752
7.862222	0.989554	0.001405
7.875076	0.997607	0.001692
7.887066	0.990927	0.001761
7.902212	0.986372	0.001548
7.917633	1.008865	0.001714
7.928240	0.997815	0.001753
7.942227	0.986188	0.001274
7.953836	0.974938	0.001745
7.970104	0.954986	0.001389
7.979257	1.014314	0.001503
7.996665	0.996237	0.001455
8.008666	0.980785	0.001629
8.022826	0.964408	0.001502
8.035892	0.987643	0.001722
8.050548	0.963854	0.001442
8.062846	0.943961	0.001317
8.077229	0.932596	0.001820
8.089145	0.961955	0.001279
8.103099	0.999451	0.001715
8.116165	0.974350	0.001223
8.129014	1.001659	0.001365
8.140067	0.993825	0.001733
8.156099	0.967876	0.001521
8.169291	1.002954	0.001705
8.180750	0.981618	0.001439
8.192362	1.011580	0.001561
8.210004	1.007940	0.001584
8.223581	1.027609	0.001557
8.234341	1.050428	0.001296
8.247975	1.038158	0.001398
8.263102	1.082895	0.001263
8.277286	1.004508	0.001658
8.289512	1.028193	0.001337
8.301912	1.015599	0.001245
8.318783	1.011804	0.001676
8.330648	1.004043	0.001219
8.342935	1.005500	0.001760
8.353617	1.002523	0.001350
8.367708	1.038909	0.001346
8.383341	0.975210	0.001546
8.395758	0.986183	0.001682
8.407762	1.023769	0.001592
8.422493	1.029166	0.001772
8.438120	0.983612	0.001334
8.450419	0.990331	0.001319
8.462902	0.974863	0.001478
8.477970	0.993423	0.001667
8.489101	0.992858	0.001587
8.503038	0.972787	0.001499
8.515969	0.999797	0.001382
8.528471	0.960741	0.001321
8.542061	0.997217	0.001510
8.555450	0.988566	0.001316
8.568688	0.960523	0.001510
8.581120	0.948501	0.001694
8.595964	0.939613	0.001689
8.609276	0.943368	0.001834
8.622249	0.941889	0.001672
8.637882	0.997415	0.001364
8.651074	0.959634	0.001328
8.664739	0.964203	0.001401
8.676133	0.984382	0.001674
8.687653	0.981155	0.001608
8.703868	0.974116	0.001415
8.716599	1.009113	0.001461
8.726092	0.997887	0.001547
8.743934	1.006595	0.001489
8.758293	0.999181	0.001345
8.769839	1.055112	0.001278
8.782361	1.034620	0.001700
8.797520	0.986792	0.001625
8.809070	1.046087	0.001530
8.821399	1.070602	0.001365
8.835154	1.039240	0.001316
8.849639	1.056600	0.001486
8.862174	1.009326	0.001472
8.877527	1.045029	0.001236
8.890091	1.034029	0.001520
8.901771	1.017193	0.001419
8.917449	1.015635	0.001341
8.928195	1.013422	0.001488
8.942087	0.991381	0.001215
8.956549	1.028282	0.001312
8.970147	1.029901	0.001617
8.984264	1.001970	0.001246
8.996054	1.017904	0.001612
9.008783	0.981933	0.001416
9.024314	0.985551	0.001549
9.037122	0.954239	0.001315
9.051581	1.019350	0.001384
9.062919	0.988170	0.001797
9.076447	1.004074	0.001284
9.091774	1.006825	0.001462
9.104871	1.003491	0.001617
9.116612	0.966177	0.001229
9.131485	0.999439	0.001651
9.143236	0.944549	0.001717
9.155371	0.941743	0.001483
9.172612	0.946881	0.001653
9.183274	0.986401	0.001550
9.195069	0.989525	0.001608
9.210698	0.955820	0.001594
9.222308	0.947744	0.001709
9.237352	0.974920	0.001474
9.249525	1.009117	0.001512
9.264654	1.014118	0.001744
9.275667	1.012412	0.001514
9.289121	1.038211	0.001506
9.303390	0.996742	0.001211
9.316385	1.017144	0.001363
9.331606	1.059785	0.001471
9.344579	1.050686	0.001494
9.356405	1.045323	0.001652
9.370801	1.028752	0.001377
9.384399	1.038612	0.001257
9.396062	1.034836	0.001757
9.409032	1.028409	0.001382
9.425488	1.028656	0.001681
9.437002	1.016000	0.001293
9.448913	1.014399	0.001341
9.462932	1.043354	0.001425
9.475497	1.029145	0.001639
9.487019	1.008889	0.001535
9.503638	1.012370	0.001543
9.515931	1.011692	0.001218
9.529239	1.032448	0.001325
9.545163	0.995104	0.001351
9.554762	1.019416	0.001471
9.572460	1.006066	0.001204
9.583326	1.015077	0.001429
9.598531	0.975937	0.001678
9.608372	1.017819	0.001739
9.625461	1.013240	0.001704
9.635890	0.985441	0.001328
9.651625	0.994790	0.001754
9.663868	0.978008	0.001274
9.675727	0.966114	0.001759
9.691291	0.973086	0.001288
9.701466	0.994490	0.001301
9.716090	0.973934	0.001685
9.728775	0.957921	0.001755
9.741224	0.955539	0.001711
9.758073	0.985987	0.001681
9.770154	0.963089	0.001339
9.785150	0.988745	0.001464
9.797858	0.929090	0.001333
9.812159	0.946522	0.001235
9.825732	0.947023	0.001553
9.835699	0.991399	0.001574
9.850774	0.998733	0.001570
9.863185	1.013073	0.001259
9.877664	0.997650	0.001781
9.891691	1.043467	0.001327
9.905412	1.021793	0.001769
9.917372	0.993769	0.001666
9.930317	1.011245	0.001682
9.943905	1.037878	0.001771
9.957933	1.003577	0.001650
9.969865	1.002852	0.001365
9.983716	1.024427	0.001397
9.995590	1.019640	0.001361
10.011713	1.017354	0.001796
10.024990	1.000111	0.001521
10.038310	1.003515	0.001251
10.050287	1.005223	0.001512
10.063849	0.983517	0.001543
10.079174	0.999908	0.001520
10.094067	1.010910	0.001281
10.102089	0.993637	0.001549
10.117078	0.986916	0.001364
10.132359	0.960693	0.001640
10.143657	0.999422	0.001319
10.156624	1.010181	0.001367
10.169716	0.971778	0.001427
10.183259	1.002247	0.001513
10.199030	1.015168	0.001410
10.211354	0.999579	0.001666
10.223314	0.999021	0.001763
10.237658	0.934189	0.001674
10.248885	0.963955	0.001607
10.264918	0.949056	0.001441
10.277722	0.971766	0.001304
10.291249	0.970139	0.001533
10.305893	0.991443	0.001329
10.317814	0.952922	0.001327
10.331641	0.976306	0.001803
10.344705	0.988880	0.001509
10.356926	0.980401	0.001383
10.373431	0.978001	0.001633
10.386722	0.996676	0.001750
10.398712	0.952117	0.001570
10.412689	1.011595	0.001488
10.422887	1.011983	0.001303
10.436334	1.007684	0.001737
10.449858	1.023119	0.001443
10.465287	1.018842	0.001256
10.478703	1.023586	0.001311
10.492315	1.040608	0.001522
10.506443	1.026631	0.001651
10.518941	1.003663	0.001590
10.532190	1.022216	0.001638
10.544767	0.975461	0.001277
10.557259	1.000200	0.001370
10.571738	1.005309	0.001645
10.584042	1.020074	0.001274
10.597834	1.006963	0.001578
10.612216	1.010971	0.001500
10.627704	1.019706	0.001458
10.637904	0.984179	0.001647
10.649405	1.016858	0.001758
10.666330	0.971379	0.001447
10.677783	0.988761	0.001484
10.691545	0.984555	0.001539
10.706066	0.984204	0.001667
10.719512	0.985912	0.001734
10.730729	0.967643	0.001344
10.744721	0.996717	0.001698
10.759289	0.987332	0.001545
10.770333	0.958216	0.001356
10.785682	0.986049	0.001619
10.797213	0.967833	0.001577
10.809969	1.006233	0.001824
10.823244	0.959181	0.001239
10.836878	0.986788	0.001821
10.854036	0.963912	0.001564
10.865077	0.961689	0.001589
10.878770	0.965244	0.001646
10.891422	0.962922	0.001797
10.904567	0.990669	0.001404
10.920209	0.996086	0.001341
10.932073	0.978925	0.001594
10.943381	0.965191	0.001594
10.958709	0.981967	0.001750
10.974269	1.020777	0.001776
10.983333	0.989736	0.001748
10.997834	0.958809	0.001410
11.011725	1.004065	0.001278
11.025380	1.037253	0.001684
11.040310	1.024585	0.001485
11.053967	1.037415	0.001677
11.067207	1.002043	0.001317
11.078069	1.025689	0.001292
11.092131	1.026444	0.001374
11.105690	1.075909	0.001689
11.120076	1.036078	0.001528
11.134339	1.016448	0.001279
11.146589	1.001750	0.001665
11.158994	0.977258	0.001818
11.171343	1.011002	0.001349
11.187651	1.014194	0.001430
11.198530	0.997722	0.001414
11.211396	0.999100	0.001377
11.225016	0.956801	0.001437
11.240771	0.996204	0.001219
11.252144	0.979078	0.001268
11.264913	0.990373	0.001345
11.277137	0.946327	0.001395
11.293401	0.979443	0.001391
11.305328	0.994862	0.001591
11.318781	0.960189	0.001314
11.330485	0.967733	0.001318
11.346914	0.971015	0.001545
11.360234	0.983360	0.001386
11.370485	1.003395	0.001241
11.383964	0.957494	0.001562
11.399675	0.954738	0.001444
11.411555	0.957835	0.001264
11.423574	0.948875	0.001542
11.436737	0.968730	0.001541
11.453720	0.974018	0.001789
11.467557	0.964923	0.001673
11.478290	0.954160	0.001303
11.491891	1.004210	0.001616
11.505270	1.015344	0.001378
11.518176	0.998414	0.001243
11.534219	0.998691	0.001647
11.545416	0.978841	0.001396
11.559537	1.032804	0.001351
11.571982	1.039599	0.001499
11.586250	1.008129	0.001484
11.598813	1.040410	0.001512
11.613934	1.043300	0.001298
11.623786	1.030094	0.001541
11.637203	1.032197	0.001370
11.650622	1.039476	0.001550
11.666882	1.047871	0.001719
11.678147	1.043644	0.001784
11.691631	1.009082	0.001263
11.706532	1.018553	0.001816
11.717634	1.039562	0.001330
11.731894	0.964515	0.001217
11.746520	0.988238	0.001299
11.759305	0.959933	0.001268
11.772008	0.992958	0.001634
11.785384	0.979932	0.001560
11.798368	0.975372	0.001651
11.812014	1.012157	0.001384
11.825358	0.953803	0.001445
11.839445	1.001695	0.001402
11.852220	0.943074	0.001505
11.864863	0.968795	0.001403
11.878640	0.993888	0.001236
11.891380	0.999203	0.001332
11.904983	0.987831	0.001729
11.918794	0.955527	0.001650
11.933285	0.981931	0.001630
11.948287	0.978562	0.001668
11.960649	0.979512	0.001488
11.974399	0.958083	0.001532
11.988779	0.945556	0.001402
12.002926	1.023207	0.001395
12.014206	0.987862	0.001282
12.024294	0.983466	0.001755
12.039847	0.958716	0.001358
12.053547	0.985264	0.001238
12.066469	0.999741	0.001365
12.080594	1.005341	0.001247
12.092585	1.033375	0.001507
12.105710	1.025893	0.001721
12.118376	1.018644	0.001540
12.135705	1.016791	0.001503
12.147742	1.019813	0.001687
12.160864	1.024331	0.001377
12.173892	1.037209	0.001707
12.187229	1.038949	0.001418
12.199434	1.023330	0.001233
12.214239	1.050526	0.001608
12.224388	1.025319	0.001205
12.240741	1.028905	0.001752
12.253804	1.025621	0.001336
12.267607	0.998080	0.001516
12.280092	1.001918	0.001432
12.293017	0.985029	0.001269
12.305843	0.996554	0.001292
12.321767	0.979150	0.001779
12.333475	0.994461	0.001387
12.347839	0.971801	0.001724
12.357602	1.002672	0.001731
12.373392	0.962593	0.001581
12.386248	0.953314	0.001775
12.399104	0.985344	0.001695
12.414073	0.965715	0.001522
12.425321	0.985906	0.001222
12.439452	0.987661	0.001646
12.454095	1.018056	0.001596
12.469654	0.972531	0.001553
12.481929	1.002189	0.001767
12.493735	0.958942	0.001524
12.507727	0.948103	0.001727
12.522152	0.961591	0.001723
12.531306	0.957800	0.001510
12.547509	0.996481	0.001696
12.561607	0.968334	0.001470
12.574638	1.002626	0.001530
12.588440	0.957560	0.001214
12.599938	0.981502	0.001414
12.612916	1.014411	0.001395
12.628184	0.968047	0.001786
12.640255	0.992394	0.001710
12.652717	1.014234	0.001440
12.668304	0.992154	0.001500
12.679300	1.000673	0.001705
12.696209	1.019651	0.001455
12.706648	1.019132	0.001265
12.721658	1.048575	0.001438
12.734316	1.019731	0.001245
12.747555	1.046732	0.001730
12.759455	0.992900	0.001747
12.773131	1.002949	0.001612
12.787374	0.996731	0.001591
12.801965	1.019657	0.001387
12.811264	0.987695	0.001577
12.827166	1.004847	0.001717
12.840858	1.034375	0.001541
12.854473	0.979411	0.001672
12.865958	1.004944	0.001804
12.880251	0.988020	0.001295
12.895182	0.995216	0.001448
12.908591	0.945087	0.001364
12.920784	0.995391	0.001778
12.932935	0.997453	0.001274
12.945721	0.982888	0.001347
12.961762	1.000102	0.001272
12.973871	0.992813	0.001720
12.988437	0.946881	0.001270
13.002445	0.988222	0.001279
13.014428	0.989545	0.001237
13.027697	0.963564	0.001492
13.041079	0.984766	0.001402
13.053410	0.980047	0.001644
13.067530	0.986511	0.001211
13.078591	0.984083	0.001572
13.094168	0.958370	0.001518
13.107510	0.938291	0.001628
13.120834	0.966024	0.001679
13.132823	0.986443	0.001363
13.146300	0.947938	0.001461
13.161547	0.959373	0.001514
13.173848	0.986588	0.001481
13.188944	0.997618	0.001404
13.201228	0.982604	0.001418
13.214348	0.982582	0.001790
13.230172	0.997454	0.001321
13.240949	1.026062	0.001523
13.253158	1.033879	0.001354
13.268941	1.008108	0.001201
13.283471	1.066517	0.001312
13.297851	1.057075	0.001658
13.306527	1.039046	0.001351
13.321085	1.020277	0.001399
13.332987	1.009896	0.001250
13.347408	1.029332	0.001718
13.360778	1.009687	0.001210
13.374439	1.010937	0.001359
13.386010	1.056288	0.001768
13.403344	1.002305	0.001336
13.414846	1.026811	0.001612
13.430232	0.977626	0.001589
13.441526	1.027963	0.001799
13.454587	1.000753	0.001727
13.468071	0.992794	0.001556
13.482495	0.966180	0.001430
13.493098	0.994267	0.001640
13.508105	0.983223	0.001561
13.521589	1.035663	0.001718
13.535718	1.004952	0.001647
13.546417	0.975827	0.001646
13.561727	0.971655	0.001412
13.574038	0.978382	0.001321
13.590378	0.956636	0.001741
13.599853	0.981875	0.001753
13.616692	0.968384	0.001239
13.629353	0.975139	0.001326
13.640640	0.925395	0.001705
13.654062	0.938079	0.001502
13.669520	0.991333	0.001403
13.680255	0.959576	0.001451
13.695844	0.974433	0.001398
13.707724	0.964384	0.001410
13.721551	0.983334	0.001742
13.734134	0.964221	0.001412
13.751192	1.021594	0.001768
13.762842	0.958275	0.001278
13.773155	0.987121	0.001375
13.788819	1.030602	0.001219
13.801910	1.024850	0.001633
13.814861	1.032674	0.001290
13.828710	1.034983	0.001296
13.842788	1.003549	0.001782
13.854539	1.016471	0.001505
13.869313	1.006727	0.001371
13.880136	1.052082	0.001543
13.894866	1.050922	0.001654
13.906956	1.021202	0.001507
13.920565	0.983032	0.001586
13.935768	1.015165	0.001624
13.948423	1.019408	0.001523
13.964339	0.985457	0.001271
13.973034	1.031333	0.001614
13.990012	1.003934	0.001711
14.002257	0.984015	0.001729
14.014587	0.976865	0.001755
14.027912	1.024696	0.001690
14.042426	1.013986	0.001769
14.055700	1.027932	0.001195
14.070022	1.002215	0.001742
14.079045	0.983278	0.001597
14.094391	0.990932	0.001712
14.107982	0.990242	0.001679
14.120332	0.973334	0.001478
14.137428	0.968346	0.001584
14.145739	0.988457	0.001385
14.162213	0.973411	0.001660
14.175436	1.005820	0.001372
14.188810	0.957623	0.001228
14.202540	1.023583	0.001789
14.215661	1.003611	0.001277
14.227520	0.969424	0.001723
14.241302	0.970043	0.001222
14.253552	1.002894	0.001343
14.268558	0.954067	0.001663
14.283048	0.959950	0.001261
14.296833	0.999711	0.001307
14.308962	0.963138	0.001505
14.321658	1.012968	0.001469
14.335879	0.970234	0.001536
14.348746	0.999012	0.001317
14.359629	0.996181	0.001394
14.376275	1.050213	0.001608
14.388455	1.004074	0.001674
14.402284	1.036856	0.001390
14.415458	1.031568	0.001644
14.430769	1.087591	0.001219
14.442581	1.036343	0.001427
14.453592	1.019718	0.001378
14.467273	0.987240	0.001645
14.482717	1.012783	0.001373
14.496108	1.012106	0.001617
14.509626	1.006417	0.001795
14.522741	1.035711	0.001738
14.536240	1.005097	0.001585
14.550508	1.033731	0.001745
14.561501	1.000773	0.001456
14.576071	0.996242	0.001714
14.587961	1.002980	0.001230
14.600782	0.998369	0.001393
14.615029	0.983662	0.001250
14.630505	0.993787	0.001358
14.642104	0.959829	0.001822
14.656397	1.002509	0.001621
14.669597	0.986908	0.001572
14.684776	0.975396	0.001804
14.697593	0.965388	0.001501
14.709660	1.014288	0.001527
14.724915	0.998352	0.001603
14.736899	0.957114	0.001376
14.749719	0.985462	0.001588
14.765362	0.974629	0.001552
14.776062	0.963674	0.001375
14.790405	0.960283	0.001321
14.803937	0.953188	0.001457
14.817607	0.965526	0.001289
14.830076	0.971126	0.001749
14.841948	0.969462	0.001806
14.854142	1.018150	0.001244
14.869995	1.001714	0.001607
14.882459	0.978066	0.001605
14.896037	0.989600	0.001782
14.909755	1.008648	0.001372
14.922201	1.074630	0.001560
14.933985	1.038616	0.001804
14.950209	1.017413	0.001770
14.963370	1.023355	0.001459
14.976785	1.049173	0.001755
14.990957	1.025130	0.001704
15.002665	1.033287	0.001387
15.015965	1.056854	0.001528
15.028447	1.048822	0.001515
15.043424	1.036679	0.001391
15.059766	1.007368	0.001249
15.068254	1.017119	0.001628
15.084942	1.021784	0.001281
15.096517	1.020423	0.001245
15.109494	1.002253	0.001494
15.121262	1.007555	0.001251
15.133835	0.995975	0.001402
15.150712	0.990331	0.001280
15.160755	0.952693	0.001775
15.178101	0.976566	0.001383
15.189833	1.016847	0.001398
15.204348	0.973717	0.001388
15.217727	0.984161	0.001400
15.228168	1.000935	0.001634
15.244468	0.976947	0.001284
15.256574	0.940745	0.001684
15.269257	0.995583	0.001564
15.282830	0.968327	0.001551
15.297999	0.928919	0.001702
15.311599	0.984159	0.001576
15.322851	0.986653	0.001591
15.336486	0.949760	0.001575
15.350502	0.977513	0.001618
15.361561	1.005982	0.001596
15.379413	0.977766	0.001512
15.390817	0.981207	0.001206
15.402785	0.963058	0.001573
15.415852	0.986262	0.001339
15.433647	0.993973	0.001208
15.443548	0.989757	0.001599
15.454741	1.005145	0.001229
15.470528	1.056787	0.001633
15.481346	1.040028	0.001480
15.499788	1.000150	0.001466
15.512045	1.022732	0.001209
15.524937	1.013031	0.001577
15.539434	1.017661	0.001352
15.550266	1.037598	0.001544
15.567066	0.994998	0.001361
15.574859	1.028308	0.001687
15.590666	0.984011	0.001804
15.604309	1.037850	0.001677
15.618287	1.001514	0.001295
15.630437	1.001767	0.001280
15.645119	0.973864	0.001803
15.657608	0.954202	0.001746
15.669731	0.993581	0.001298
15.684056	0.997011	0.001355
15.696343	1.020413	0.001372
15.709740	1.017227	0.001698
15.722607	0.981032	0.001474
15.736752	0.984496	0.001490
15.752177	0.994930	0.001625
15.765812	1.022111	0.001517
15.775317	0.972259	0.001683
15.791721	0.940272	0.001371
15.802518	1.000179	0.001232
15.813863	0.973056	0.001547
15.830323	0.964617	0.001307
15.845772	0.975682	0.001522
15.858234	0.982895	0.001795
15.869286	0.944479	0.001258
15.886230	0.960432	0.001297
15.896574	0.977302	0.001256
15.909207	0.961372	0.001342
15.921897	0.971916	0.001487
15.937321	0.985819	0.001730
15.949828	0.963670	0.001256
15.963861	0.980720	0.001678
15.976438	0.977742	0.001448
15.992363	0.995515	0.001454
16.005098	1.018747	0.001781
16.016964	0.957230	0.001785
16.031840	1.003912	0.001730
16.043513	1.034879	0.001766
16.055186	0.992241	0.001254
16.072043	1.034438	0.001561
16.084134	1.009918	0.001213
16.099211	1.018999	0.001238
16.110887	1.058515	0.001511
16.124753	1.021386	0.001201
16.136600	1.032762	0.001712
16.149932	1.017112	0.001815
16.165659	0.993376	0.001686
16.177100	1.015541	0.001666
16.189127	1.032832	0.001573
16.202209	1.004853	0.001361
16.218769	0.959912	0.001620
16.230150	1.005359	0.001567
16.243232	0.978847	0.001233
16.257286	0.970342	0.001433
16.272982	1.000831	0.001340
16.283556	0.974311	0.001226
16.299908	1.010314	0.001586
16.311311	0.974019	0.001607
16.323668	1.015204	0.001560
16.339773	1.001025	0.001434
16.349057	0.978779	0.001707
16.364444	0.988639	0.001610
16.376692	1.007276	0.001474
16.392391	0.979669	0.001553
16.404182	0.963887	0.001608
16.417627	0.951742	0.001406
16.430851	0.995347	0.001731
16.443010	0.980964	0.001495
16.457589	0.974387	0.001687
16.471381	0.978690	0.001297
16.485825	0.966771	0.001257
16.497644	0.966496	0.001284
16.508907	0.969605	0.001316
16.523543	0.975507	0.001389
16.536050	0.975837	0.001377
16.551025	0.980639	0.001302
16.565528	0.978172	0.001314
16.576821	0.995414	0.001306
16.590784	1.033999	0.001471
16.602903	1.001725	0.001511
16.615549	1.022882	0.001633
16.629067	1.038807	0.001447
16.646090	1.044129	0.001659
16.660116	1.017201	0.001765
16.670104	1.013039	0.001731
16.684709	1.045958	0.001198
16.698918	1.028408	0.001511
16.711836	0.996187	0.001765
16.723519	1.001452	0.001743
16.737712	0.993734	0.001465
16.753793	0.988450	0.001419
16.765103	0.972013	0.001467
16.778032	1.013609	0.001607
16.789317	0.957412	0.001732
16.804144	1.016924	0.001342
16.817550	0.990401	0.001215
16.831484	0.972045	0.001801
16.844949	0.978226	0.001629
16.857199	1.004675	0.001498
16.870949	1.006350	0.001788
16.885545	0.987541	0.001251
16.898166	0.998888	0.001394
16.910764	0.966293	0.001602
16.923360	0.945415	0.001267
16.939027	0.977852	0.001561
16.952857	0.992281	0.001536
16.963597	0.960601	0.001602
16.979856	0.990892	0.001293
16.992508	0.977049	0.001525
17.004282	0.968827	0.001339
17.020185	1.006787	0.001728
17.031296	0.973130	0.001744
17.046803	0.978576	0.001508
17.055385	0.953576	0.001696
17.071953	0.958347	0.001219
17.085637	0.976217	0.001400
17.098649	0.962869	0.001567
17.111487	0.996031	0.001701
17.126155	0.970559	0.001541
17.138867	1.011804	0.001391
17.149382	0.995017	0.001453
17.165881	0.988977	0.001488
17.179218	1.012334	0.001638
17.192403	1.066590	0.001561
17.205824	0.978366	0.001374
17.217207	1.048837	0.001290
17.231942	1.002174	0.001640
17.246230	1.046169	0.001650
17.256824	1.031802	0.001515
17.272850	1.018608	0.001575
17.284516	0.983831	0.001574
17.297385	1.032972	0.001427
17.311152	1.005294	0.001256
17.325521	0.973714	0.001550
