# Time (days)	Flux	Error
-0.001790	0.998123	0.002244
0.022179	0.995375	0.002812
0.042858	1.001958	0.002003
0.062512	1.006094	0.002620
0.085308	1.004327	0.001882
0.104847	1.006923	0.002530
0.124254	1.008076	0.002079
0.145390	1.009089	0.002050
0.165549	1.009690	0.002244
0.186930	1.014041	0.002617
0.206272	1.014825	0.002073
0.227911	1.014598	0.002753
0.251693	1.015849	0.002606
0.270995	1.017311	0.002098
0.289026	1.018708	0.001909
0.312056	1.016936	0.002024
0.333999	1.019092	0.002304
0.353246	1.021779	0.002199
0.374878	1.024509	0.002602
0.394316	1.021010	0.002182
0.417248	1.024475	0.002599
0.436809	1.026548	0.002699
0.457829	1.024033	0.002000
0.480321	1.024893	0.002193
0.501386	1.023810	0.002738
0.521925	1.027126	0.002594
0.543086	1.025018	0.002716
0.563113	1.024970	0.002339
0.583742	1.024718	0.002315
0.604081	1.027533	0.002381
0.625517	1.032059	0.002791
0.646215	1.028216	0.002280
0.665714	1.027197	0.002383
0.688440	1.026567	0.002542
0.709652	1.026035	0.001905
0.728918	1.024332	0.002496
0.751838	1.022539	0.002048
0.772275	1.025640	0.002504
0.793166	1.024930	0.002761
0.813721	1.022178	0.002164
0.835451	1.024537	0.002747
0.853552	1.020396	0.002299
0.874989	1.022975	0.002097
0.895858	1.022150	0.002108
0.916467	1.020686	0.002543
0.938267	1.021865	0.002407
0.959054	1.023212	0.002685
0.980347	1.017193	0.002123
1.001800	1.017505	0.002221
1.022069	1.018931	0.002014
1.043664	1.016802	0.002441
1.064107	1.016229	0.002117
1.085783	1.011503	0.002467
1.104353	1.011070	0.002544
1.127010	1.009560	0.002096
1.148261	1.014594	0.002518
1.168263	1.011370	0.002423
1.186894	1.016255	0.002336
1.208397	1.012691	0.002534
1.231242	1.012242	0.002373
1.250803	1.011495	0.002567
1.271208	1.010485	0.002220
1.292122	1.009029	0.002556
1.313309	1.008494	0.002733
1.334427	1.005960	0.002202
1.353919	1.008652	0.002736
1.374651	1.010161	0.002589
1.398270	1.007703	0.001951
1.418539	1.009864	0.002011
1.437855	1.004664	0.002450
1.459193	1.009247	0.002066
1.481972	1.011296	0.002578
1.502021	1.010911	0.002310
1.520297	1.010738	0.002518
1.543530	1.008516	0.002362
1.562759	1.008270	0.002780
1.583126	1.008050	0.002400
1.605116	1.013413	0.002520
1.625532	1.009085	0.002502
1.647566	1.009944	0.001930
1.668548	1.016402	0.001985
1.689431	1.015572	0.002171
1.708979	1.012486	0.002673
1.730564	1.013201	0.001973
1.751070	1.016573	0.002472
1.771419	1.015913	0.002657
1.792193	1.020724	0.002129
1.815514	1.022062	0.002357
1.833742	1.020645	0.001925
1.855402	1.021226	0.001887
1.874861	1.020683	0.002188
1.897645	1.021474	0.002562
1.917353	1.025905	0.002567
1.938939	1.024802	0.002433
1.959965	1.026387	0.002176
1.981254	1.028715	0.002604
2.001721	1.028036	0.002367
2.021565	1.031225	0.002771
2.042920	1.025045	0.002656
2.063260	1.030764	0.001914
2.083685	1.031394	0.002024
2.105162	1.032302	0.002681
2.128227	1.029284	0.001977
2.148345	1.032188	0.002634
2.167016	1.032956	0.002733
2.190439	1.035166	0.002558
2.209977	1.035164	0.002268
2.230889	1.035218	0.002616
2.251582	1.033658	0.002654
2.271662	1.036403	0.002123
2.294410	1.033733	0.001892
2.310995	1.038516	0.002527
2.334768	1.038138	0.002270
2.356590	1.036690	0.002486
2.376297	1.036541	0.002564
2.397950	1.038442	0.002468
2.416464	1.037181	0.002318
2.438459	1.037586	0.002078
2.460385	1.036202	0.002173
2.482536	1.039606	0.002734
2.501433	1.036980	0.002371
2.522855	1.033670	0.002562
2.543567	1.035193	0.002489
2.564650	1.037953	0.002197
2.584689	1.033382	0.002037
2.605582	1.031026	0.002648
2.627444	1.031521	0.002292
2.646966	1.029456	0.002064
2.669859	1.032408	0.002110
2.688932	1.028840	0.002483
2.709109	1.028381	0.002558
2.730245	1.028037	0.001963
2.754159	1.024323	0.001950
2.772704	1.024091	0.002171
2.796801	1.023661	0.001883
2.813819	1.021151	0.002067
2.834601	1.024554	0.002636
2.857096	1.021368	0.002342
2.878584	1.018477	0.002007
2.897821	1.015496	0.002626
2.919575	1.017469	0.002151
2.939714	1.015595	0.001951
2.960021	1.014315	0.002688
2.980902	1.015279	0.002195
3.000177	1.012356	0.001984
3.021412	1.008448	0.002025
3.043358	1.008148	0.002526
3.067075	1.005807	0.002187
3.084562	1.005184	0.002389
3.104993	0.999983	0.002162
3.125865	1.004626	0.001955
3.149325	1.000778	0.002043
3.168579	1.000375	0.002788
3.190309	1.000543	0.002311
3.208696	1.000229	0.002555
3.231245	0.997894	0.002024
3.251954	0.994846	0.002615
3.273521	0.996713	0.001929
3.293161	0.996928	0.002226
3.315829	0.996513	0.002489
3.335601	0.993612	0.002167
3.357968	0.992813	0.002748
3.378752	0.991717	0.002533
3.399449	0.992167	0.002378
3.419263	0.994322	0.002629
3.440738	0.992823	0.001985
3.460259	0.992816	0.002481
3.481066	0.989597	0.002550
3.502455	0.989711	0.002142
3.524093	0.991574	0.001902
3.544782	0.991426	0.002020
3.564054	0.989878	0.002376
3.585732	0.989798	0.002235
3.607634	0.988066	0.002206
3.628774	0.991643	0.002811
3.648000	0.991770	0.002468
3.669529	0.986703	0.002253
3.689432	0.990249	0.002593
3.709177	0.989462	0.002426
3.732616	0.993424	0.002477
3.753813	0.994858	0.002148
3.775404	0.991789	0.002112
3.795530	0.994326	0.002263
3.814089	0.992121	0.002525
3.836043	0.994949	0.002426
3.856628	0.997644	0.002459
3.877759	0.994827	0.002347
3.898096	0.995470	0.001972
3.918388	0.996971	0.002811
3.941049	0.996028	0.002271
3.961437	0.995358	0.002117
3.981645	0.996156	0.001977
4.002335	0.998879	0.002516
4.024954	0.999580	0.002714
4.043475	0.997984	0.002649
4.067054	1.002733	0.002317
4.086750	1.001293	0.002659
4.107345	0.994603	0.002254
4.129204	1.002809	0.002525
4.149671	1.000365	0.001882
4.171028	1.001933	0.001977
4.191364	1.002072	0.002187
4.211910	1.000484	0.002032
4.234447	1.000298	0.002252
4.253132	1.002317	0.001891
4.272654	1.001452	0.002298
4.293371	1.002671	0.002468
4.316001	1.001453	0.002449
4.334197	1.000439	0.002793
4.357848	1.004256	0.002485
4.377272	1.001336	0.001895
4.400205	1.001499	0.002137
4.420242	1.000653	0.002712
4.441599	1.003496	0.001949
4.461350	0.998147	0.002305
4.481702	0.996483	0.002264
4.503545	0.996839	0.002721
4.523948	0.997016	0.002604
4.546764	0.998566	0.002490
4.564906	0.993070	0.002264
4.587826	0.998906	0.002284
4.606917	0.995871	0.002368
4.628083	0.994276	0.002130
4.649324	0.988065	0.002114
4.667953	0.993290	0.001897
4.692010	0.986912	0.002711
4.711967	0.987225	0.002087
4.731246	0.989794	0.001997
4.751699	0.985630	0.002528
4.773669	0.986735	0.002107
4.794463	0.985838	0.002127
4.817290	0.983893	0.002115
4.836582	0.979894	0.002449
4.857817	0.981738	0.001926
4.878327	0.979873	0.002595
4.900070	0.977475	0.002334
4.919742	0.975563	0.001903
4.940812	0.975635	0.002003
4.961643	0.973738	0.002432
4.983107	0.975434	0.001907
5.002243	0.974983	0.002030
5.024080	0.971348	0.002398
5.045371	0.969471	0.002098
5.064785	0.969840	0.002052
5.085887	0.964995	0.002291
5.107322	0.966488	0.002161
5.130016	0.969136	0.002811
5.148692	0.968339	0.001964
5.170525	0.965330	0.001942
5.191191	0.959541	0.002241
5.210399	0.962654	0.002427
5.233691	0.960288	0.002392
5.253479	0.963146	0.001987
5.275489	0.960683	0.002444
5.296943	0.961661	0.002478
5.316053	0.960578	0.002280
5.337589	0.962241	0.002219
5.358881	0.961259	0.002360
5.378324	0.956871	0.002535
5.399348	0.963973	0.002227
5.422050	0.961104	0.002037
5.443484	0.959808	0.002262
5.461673	0.962173	0.002699
5.483098	0.961611	0.002784
5.503157	0.959074	0.002449
5.525488	0.960886	0.002752
5.546249	0.964677	0.002707
5.566031	0.963101	0.002387
5.587775	0.960756	0.002427
5.607547	0.964341	0.001899
5.630200	0.964114	0.002010
5.651468	0.962598	0.002540
5.670361	0.967513	0.002184
5.692313	0.969430	0.002691
5.713114	0.965574	0.002047
5.733180	0.967264	0.002156
5.754704	0.968064	0.001931
5.773991	0.970204	0.002664
5.796307	0.971466	0.002673
5.815993	0.974284	0.001995
5.837966	0.971542	0.002097
5.858176	0.971562	0.002659
5.879879	0.976062	0.002575
5.899084	0.979695	0.002486
5.921386	0.980637	0.002055
5.940850	0.981381	0.002234
5.963198	0.977806	0.002239
5.982916	0.980118	0.002257
6.003480	0.984502	0.001998
6.025325	0.984459	0.002304
6.046080	0.986792	0.002610
6.066309	0.982795	0.001915
6.087110	0.987104	0.002272
6.109235	0.987562	0.002282
6.129306	0.988872	0.002752
6.152040	0.989942	0.002606
6.170583	0.990728	0.002663
6.190881	0.990470	0.002672
6.213954	0.992703	0.001920
6.233525	0.991686	0.002723
6.252744	0.991032	0.002400
6.276007	0.994508	0.002620
6.295739	0.992030	0.002290
6.317826	0.993263	0.001903
6.339436	0.994578	0.002743
6.359300	0.997318	0.002410
6.379915	0.992408	0.002644
6.399297	0.998532	0.002082
6.420713	0.995092	0.002040
6.441193	0.997574	0.002781
6.463083	0.996144	0.002074
6.485018	0.996053	0.002130
6.506520	0.995499	0.002284
6.525496	0.995489	0.001978
6.546500	0.999060	0.002277
6.569158	0.994986	0.002509
6.588295	0.994392	0.002543
6.607449	0.992454	0.001959
6.630319	0.993431	0.002714
6.651847	0.990902	0.002166
6.672465	0.992745	0.002652
6.693429	0.992669	0.002577
6.713261	0.991003	0.002761
6.733474	0.991643	0.002100
6.755328	0.992998	0.002577
6.775639	0.985683	0.002437
6.796601	0.991741	0.002762
6.816523	0.987350	0.002223
6.837772	0.988640	0.002147
6.859040	0.987905	0.002688
6.880842	0.982959	0.002415
6.899980	0.988108	0.001929
6.921113	0.985455	0.002713
6.941529	0.987917	0.002577
6.965590	0.982834	0.002430
6.984797	0.980844	0.002335
7.004945	0.982146	0.002120
7.026098	0.982268	0.002122
7.046859	0.983150	0.002404
7.067763	0.978877	0.002344
7.087046	0.981558	0.002005
7.108966	0.983639	0.002502
7.128599	0.979270	0.002484
7.151108	0.978236	0.002125
7.172540	0.980604	0.002594
7.193354	0.984548	0.002342
7.212856	0.982961	0.002139
7.234082	0.980171	0.002762
7.254204	0.980894	0.002613
7.274939	0.983107	0.001915
7.295987	0.984643	0.001907
7.317514	0.982842	0.002615
7.339768	0.979751	0.002285
7.359669	0.981178	0.002263
7.378424	0.981495	0.002278
7.400585	0.986459	0.002488
7.422098	0.985038	0.002382
7.443273	0.986544	0.002432
7.462877	0.987000	0.002699
7.484220	0.990939	0.002327
7.503466	0.989085	0.001895
7.528461	0.987588	0.001932
7.547302	0.988257	0.002799
7.567922	0.992834	0.002314
7.589436	0.995289	0.002233
7.609919	0.995498	0.002261
7.629300	0.997155	0.002426
7.651934	0.999991	0.002764
7.671475	1.000753	0.002394
7.691643	0.999373	0.002550
7.715355	0.999107	0.002207
7.735735	1.004947	0.002253
7.754933	1.006676	0.002690
7.774859	1.008762	0.002343
7.798178	1.005060	0.001936
7.817591	1.009767	0.002209
7.839401	1.013939	0.002651
7.859970	1.008758	0.002082
7.879336	1.014826	0.002349
7.902539	1.014014	0.002510
7.922988	1.012897	0.002458
7.943652	1.016656	0.002603
7.962631	1.019623	0.002527
7.984329	1.023239	0.002537
8.006744	1.021424	0.002743
8.027170	1.021327	0.002237
8.045884	1.018557	0.001984
8.066582	1.024989	0.001922
8.088024	1.025764	0.002194
8.109988	1.023512	0.002422
8.132566	1.028085	0.002058
8.150810	1.027412	0.002642
8.171576	1.028087	0.002527
8.193077	1.028042	0.002131
8.215159	1.028898	0.002463
8.234218	1.029651	0.002294
8.257590	1.031369	0.002506
8.277924	1.031466	0.002744
8.296369	1.034887	0.002668
8.319788	1.032346	0.002508
8.338838	1.031784	0.002063
8.360372	1.033739	0.002615
8.380973	1.033755	0.002400
8.401608	1.028900	0.002448
8.421775	1.033635	0.001967
8.443466	1.033218	0.002772
8.462154	1.035119	0.002465
8.484350	1.028217	0.002104
8.506770	1.030067	0.002551
8.527670	1.030411	0.002623
8.547410	1.028140	0.002633
8.568744	1.032399	0.002664
8.589583	1.033981	0.001929
8.610121	1.029869	0.002151
8.630525	1.029251	0.002004
8.652124	1.028670	0.002494
8.674935	1.026287	0.002512
8.692713	1.024419	0.002758
8.715871	1.026357	0.002782
8.734011	1.025919	0.002073
8.755373	1.024027	0.002468
8.776442	1.022091	0.002792
8.798940	1.023549	0.002786
8.819688	1.021000	0.002799
8.840371	1.017527	0.002302
8.861954	1.020000	0.002129
8.882836	1.020311	0.002513
8.902591	1.020985	0.002165
8.924451	1.016859	0.002333
8.943852	1.015099	0.002027
8.964740	1.018951	0.002591
8.987429	1.014179	0.002581
9.003971	1.014376	0.002248
9.028347	1.017360	0.002623
9.048142	1.014522	0.002278
9.070103	1.013470	0.002458
9.090674	1.010374	0.001948
9.110739	1.012549	0.002526
9.131868	1.009918	0.002008
9.152089	1.011641	0.002331
9.172522	1.014304	0.002132
9.194963	1.008951	0.002659
9.213683	1.008671	0.002401
9.237502	1.009140	0.002121
9.257156	1.010462	0.002327
9.278770	1.009494	0.002658
9.299712	1.010800	0.001898
9.320140	1.008922	0.002783
9.339966	1.009275	0.002796
9.361749	1.009846	0.002463
9.382661	1.011268	0.002741
9.401691	1.013719	0.002015
9.424058	1.010808	0.001954
9.444868	1.013241	0.002100
9.464385	1.010672	0.002237
9.486120	1.017670	0.002495
9.506763	1.010805	0.002700
9.527057	1.014325	0.002078
9.549630	1.013188	0.002234
9.570623	1.016757	0.001983
9.589946	1.015658	0.002584
9.610734	1.018605	0.002325
9.631795	1.016604	0.002705
9.650229	1.017473	0.001902
9.675548	1.021482	0.002622
9.694510	1.018481	0.001965
9.715980	1.022828	0.001953
9.737048	1.022451	0.002071
9.759248	1.019577	0.002460
9.779178	1.022590	0.002670
9.799083	1.025618	0.002504
9.819976	1.023509	0.002490
9.841599	1.028132	0.002202
9.860678	1.026032	0.002059
9.881412	1.025842	0.001887
9.904460	1.027261	0.002286
9.923613	1.027586	0.002567
9.944499	1.027673	0.002117
9.965077	1.028341	0.002645
9.986468	1.027346	0.002295
10.007232	1.028917	0.002693
10.029253	1.031269	0.002554
10.049486	1.033772	0.002474
10.071266	1.031739	0.002646
10.091583	1.031031	0.002714
10.112219	1.032307	0.001926
10.132293	1.031297	0.001976
10.154148	1.036645	0.002650
10.174538	1.036659	0.002161
10.193012	1.033233	0.002385
10.215140	1.032113	0.002069
10.234475	1.027221	0.001897
10.257269	1.029764	0.002045
10.277530	1.032499	0.002356
10.299504	1.032868	0.002501
10.320326	1.030906	0.002426
10.342242	1.031976	0.001916
10.363910	1.030696	0.002196
10.381760	1.030365	0.001944
10.404170	1.031003	0.002793
10.424701	1.027676	0.002541
10.446293	1.028392	0.002374
10.465775	1.025797	0.002716
10.488025	1.021196	0.002615
10.506722	1.023147	0.001944
10.528284	1.023672	0.002357
10.550096	1.020932	0.002573
10.571177	1.018959	0.002712
10.590793	1.016961	0.002657
10.609453	1.021528	0.002079
10.633300	1.014292	0.002351
10.653435	1.013593	0.002393
10.673821	1.014082	0.002453
10.695593	1.011824	0.001883
10.716031	1.013595	0.002037
10.737410	1.011249	0.002783
10.757862	1.008078	0.002299
10.777964	1.010792	0.002139
10.799766	1.005460	0.002320
10.820121	1.003451	0.002333
10.841063	1.006322	0.001994
10.863486	1.000901	0.002698
10.882095	0.999366	0.002516
10.904350	1.000126	0.002095
10.923034	0.995891	0.002174
10.942681	0.999629	0.001991
10.967063	0.995764	0.002225
10.987041	0.990241	0.002070
11.007271	0.992051	0.002742
11.028625	0.992904	0.002504
11.048523	0.990150	0.002246
11.070468	0.989573	0.002254
11.092413	0.986447	0.002328
11.111432	0.988442	0.002095
11.134335	0.986499	0.002673
11.154621	0.986471	0.002597
11.176325	0.983380	0.002533
11.194751	0.987524	0.002642
11.217048	0.980812	0.002065
11.237715	0.983218	0.002504
11.257251	0.985281	0.002704
11.280577	0.980421	0.002263
11.300601	0.984463	0.001985
11.320038	0.981806	0.002263
11.341657	0.984685	0.002306
11.361389	0.977486	0.001947
11.382977	0.981351	0.001894
11.405195	0.981868	0.002024
11.426389	0.985917	0.001879
11.444104	0.980454	0.002397
11.467108	0.981070	0.002552
11.487908	0.981774	0.002170
11.509041	0.984635	0.002722
11.528528	0.984946	0.002151
11.550768	0.984294	0.002492
11.571468	0.983525	0.002690
11.591612	0.982899	0.002350
11.612100	0.989319	0.002138
11.632221	0.984417	0.001901
11.654357	0.987478	0.002273
11.674542	0.986729	0.002598
11.696324	0.988108	0.002292
11.717785	0.988767	0.002724
11.739182	0.987264	0.002246
11.758875	0.993218	0.002173
11.780373	0.987381	0.002334
11.799541	0.992022	0.001881
11.822644	0.990103	0.002626
11.842994	0.988818	0.002198
11.862956	0.991323	0.002153
11.883644	0.991699	0.002531
11.905505	0.994818	0.002230
11.926259	0.995570	0.001971
11.947302	0.994707	0.002683
11.968134	0.991487	0.002015
11.989444	0.993402	0.002714
12.010209	0.994191	0.001949
12.030012	0.995250	0.002778
12.050754	0.994813	0.002695
12.072220	0.996301	0.001897
12.090671	0.997604	0.002687
12.113265	0.998513	0.002772
12.133390	0.996850	0.002491
12.154576	0.996816	0.002537
12.177228	0.992248	0.002450
12.196562	0.993538	0.001967
12.218332	0.996030	0.001960
12.236770	0.995044	0.002352
12.260406	0.994827	0.002756
12.280795	0.992018	0.002777
12.301803	0.994457	0.002240
12.320306	0.993261	0.002446
12.342008	0.990413	0.002069
12.362554	0.992257	0.002137
12.383957	0.990183	0.002771
12.406363	0.993184	0.002799
12.425931	0.988142	0.002725
12.446548	0.985269	0.002364
12.468102	0.990378	0.002591
12.490646	0.989059	0.001951
12.510290	0.982888	0.002184
12.530316	0.986094	0.002053
12.550834	0.982891	0.002336
12.571262	0.980073	0.002763
12.593148	0.978721	0.002583
12.615384	0.980631	0.001883
12.634744	0.981082	0.002491
12.656475	0.979975	0.001903
12.676211	0.977974	0.001930
12.696237	0.975069	0.001978
12.715367	0.975225	0.002037
12.736795	0.972637	0.001990
12.759133	0.969903	0.002326
12.779280	0.971880	0.002315
12.801779	0.969243	0.002247
12.822678	0.967275	0.001925
12.842522	0.967853	0.002189
12.862136	0.967564	0.001963
12.885651	0.965331	0.002767
12.904544	0.963975	0.002178
12.927028	0.965634	0.002580
12.945443	0.962351	0.002487
12.967266	0.965467	0.001911
12.988827	0.963319	0.002514
13.009525	0.961160	0.002468
13.030301	0.965166	0.002433
13.054052	0.962849	0.002114
13.071671	0.961615	0.002177
13.094822	0.961209	0.001982
13.113347	0.960615	0.002214
13.135664	0.960406	0.002645
13.155568	0.960328	0.002343
13.176848	0.959807	0.002454
13.198476	0.960209	0.002028
13.218862	0.959472	0.001894
13.237961	0.964487	0.002728
13.261619	0.959934	0.002404
13.282201	0.960023	0.002691
13.302319	0.960581	0.002089
13.323898	0.962229	0.002482
13.342592	0.960807	0.002496
13.365630	0.965732	0.002473
13.385394	0.964784	0.002525
13.405520	0.964785	0.002386
13.425720	0.965693	0.002046
13.448004	0.967358	0.002131
13.468753	0.970051	0.001884
13.488081	0.969709	0.002487
13.509594	0.970535	0.002262
13.531397	0.971838	0.002374
13.551417	0.971762	0.002237
13.573838	0.970719	0.002789
13.594624	0.973220	0.002428
13.613780	0.976010	0.002667
13.635021	0.975660	0.001932
13.656008	0.977619	0.002004
13.676077	0.979929	0.002124
13.697317	0.981447	0.002471
13.718121	0.981343	0.002198
13.739636	0.984433	0.002493
13.759735	0.983206	0.002536
13.779802	0.983670	0.002178
13.801793	0.985737	0.001884
13.823130	0.988994	0.002425
13.842352	0.988319	0.002270
13.864863	0.989102	0.002528
13.883972	0.991673	0.002657
13.905196	0.991335	0.002568
13.929023	0.998191	0.002699
13.947951	0.992777	0.002693
13.968929	0.995925	0.002578
13.989001	0.994093	0.002004
14.009401	0.995533	0.002703
14.032236	0.995265	0.002592
14.052443	0.998836	0.001893
14.073343	0.997991	0.002705
14.093307	1.000088	0.002531
14.114161	0.997876	0.002498
14.131808	1.000947	0.001902
14.156584	1.001335	0.002717
14.177652	1.000433	0.002355
14.196356	1.002221	0.002215
14.219055	1.006469	0.002187
14.239095	1.000263	0.001900
14.260912	1.002169	0.002154
14.279668	1.002080	0.002194
14.302292	1.004160	0.001981
14.324126	0.999480	0.002354
14.344999	1.002402	0.001920
14.364721	1.002574	0.002199
14.386629	1.001847	0.002191
14.404831	1.002569	0.002359
14.425193	0.999106	0.002485
14.449679	1.000858	0.002339
14.468939	1.001710	0.002716
14.489108	1.001841	0.002556
14.511862	0.998827	0.002084
14.532010	1.001009	0.001880
14.551719	0.996289	0.002374
14.572733	0.999190	0.001956
14.592318	0.999387	0.002357
14.615252	0.995773	0.002716
14.636740	0.997288	0.001965
14.657584	0.993685	0.002535
14.676474	0.994686	0.002007
14.698431	0.994415	0.002770
14.720296	0.994271	0.002653
14.742460	0.995472	0.002534
14.760416	0.993545	0.002040
14.779908	0.990951	0.002813
14.802716	0.994779	0.001958
14.824473	0.989491	0.002532
14.844469	0.990911	0.002676
14.865048	0.990759	0.002692
14.885751	0.990288	0.002024
14.905581	0.991494	0.002295
14.927042	0.989217	0.002240
14.949059	0.990235	0.002416
14.970149	0.989736	0.002077
14.990205	0.991654	0.002361
15.010337	0.990578	0.002696
15.032981	0.993723	0.001903
15.052918	0.993230	0.002241
15.072750	0.986294	0.002400
15.094691	0.988718	0.002650
15.115644	0.990159	0.002301
15.136950	0.989458	0.002720
15.156384	0.994380	0.002114
15.177974	0.993980	0.001895
15.199551	0.992230	0.002161
15.219591	0.994296	0.002514
15.241455	0.993316	0.001995
15.260501	0.998778	0.001885
15.282524	0.998093	0.002166
15.303243	0.994949	0.002377
15.324214	0.999816	0.002404
15.344617	0.998162	0.002805
15.367424	0.998029	0.002530
15.389297	1.002298	0.001941
15.407022	0.999051	0.002343
15.427970	1.004127	0.002554
15.448951	1.002996	0.002141
15.470438	1.006172	0.001930
15.490011	0.999473	0.002302
15.510605	1.006542	0.001919
15.532515	1.011699	0.002391
15.550705	1.010163	0.002157
15.575228	1.011240	0.002093
15.596140	1.014467	0.002459
15.616519	1.014452	0.002653
15.635624	1.013335	0.002276
15.656725	1.019812	0.002500
15.678470	1.019748	0.002409
15.698396	1.019429	0.002035
15.719270	1.018327	0.002049
15.741271	1.021294	0.002107
15.761738	1.023616	0.002745
15.782355	1.024931	0.002363
15.802296	1.025888	0.002067
15.826200	1.028500	0.002258
15.843838	1.028029	0.002526
15.863905	1.028468	0.002450
15.887157	1.032121	0.002063
15.907827	1.032505	0.002569
15.928379	1.030451	0.002472
15.948851	1.028556	0.002814
15.968102	1.033256	0.002598
15.991090	1.034548	0.001993
16.010619	1.035749	0.002688
16.033214	1.034986	0.002726
16.056324	1.036013	0.002713
16.075971	1.036008	0.002430
16.094245	1.037345	0.002191
16.117726	1.037022	0.001935
16.139193	1.033275	0.002349
16.158536	1.039241	0.002218
16.179574	1.034221	0.002684
16.200384	1.037843	0.002479
16.219604	1.038719	0.002747
16.239208	1.036361	0.002393
16.262114	1.036444	0.002148
16.284953	1.037655	0.002111
16.304088	1.036025	0.002402
16.324409	1.038431	0.002610
16.346312	1.034749	0.002441
16.366238	1.037958	0.002002
16.388547	1.033437	0.002473
16.409728	1.032878	0.002328
16.430141	1.034762	0.002527
16.450606	1.033430	0.001895
16.471197	1.034092	0.002614
16.490649	1.032189	0.002317
16.512805	1.031822	0.002026
16.532530	1.030691	0.002745
16.554009	1.027008	0.002694
16.575086	1.025310	0.001940
16.597050	1.026928	0.001916
16.616569	1.024420	0.002628
16.636666	1.025773	0.002492
16.657671	1.024457	0.002413
16.678536	1.023182	0.002755
16.699501	1.017368	0.002139
16.720434	1.020627	0.002478
16.740344	1.019999	0.002129
16.762549	1.018826	0.002285
16.783986	1.015260	0.002177
16.804142	1.016297	0.002192
16.824275	1.015427	0.002477
16.846492	1.017525	0.002232
16.866251	1.011898	0.002398
16.886386	1.016029	0.002253
16.909264	1.010090	0.002158
16.930372	1.013233	0.002399
16.948716	1.008446	0.002469
16.970590	1.011929	0.001899
16.990364	1.008827	0.001893
17.010904	1.012372	0.002435
17.032388	1.011662	0.002147
17.055038	1.006586	0.002444
17.074009	1.008096	0.002294
17.096135	1.007087	0.002019
17.118984	1.010144	0.002770
17.137474	1.010149	0.002287
17.158501	1.006100	0.002375
17.179660	1.006351	0.002556
17.201095	1.008512	0.001980
17.221331	1.009412	0.001883
17.241548	1.008982	0.002319
17.262003	1.008190	0.001938
17.283613	1.011452	0.002010
17.305389	1.014161	0.002745
17.326640	1.009801	0.002329
17.346159	1.012301	0.002617
17.367161	1.007734	0.002565
17.388738	1.010051	0.002747
17.408938	1.012366	0.002466
17.430723	1.013270	0.002043
17.450806	1.013289	0.002114
17.471401	1.017345	0.002460
17.491121	1.013653	0.002228
17.513655	1.013806	0.002215
17.533754	1.020536	0.002031
17.555338	1.015199	0.002445
17.576229	1.019631	0.002795
17.595243	1.017377	0.002306
17.619232	1.023602	0.002430
17.636760	1.020649	0.002044
17.659438	1.021974	0.002236
17.679553	1.020278	0.002011
17.700587	1.023924	0.002813
17.724594	1.021033	0.002057
17.742289	1.023949	0.002773
17.762026	1.021859	0.002472
17.782581	1.025816	0.002711
17.802829	1.026195	0.001955
17.825170	1.024168	0.002616
17.846359	1.025178	0.001889
17.865857	1.027557	0.002468
17.887989	1.024490	0.002808
17.910369	1.026293	0.002562
17.929692	1.023729	0.002029
17.950258	1.026686	0.002134
17.970794	1.023298	0.002044
17.992683	1.024328	0.001983
18.013271	1.026396	0.002484
18.034811	1.024299	0.002613
18.055177	1.026327	0.002221
18.074709	1.024682	0.002201
18.095370	1.023743	0.002549
18.115072	1.023859	0.002393
18.138341	1.025463	0.002476
18.160827	1.023485	0.002410
18.179515	1.022734	0.002635
18.200576	1.022897	0.002503
18.222015	1.018442	0.002711
18.242993	1.022936	0.002532
18.262522	1.018413	0.002165
18.285121	1.015679	0.002752
18.304869	1.019772	0.002618
18.325979	1.015667	0.002679
18.346529	1.015650	0.002250
18.369780	1.011656	0.002335
18.390030	1.013243	0.002775
18.409925	1.010585	0.002725
18.429502	1.009083	0.002547
18.453450	1.008249	0.002240
18.473123	1.003184	0.002332
18.493853	1.007054	0.002372
18.514691	1.006480	0.001960
18.535234	1.004947	0.002344
18.555715	1.001832	0.001965
18.577560	0.998419	0.002599
18.597177	0.997994	0.002218
18.618201	0.998931	0.002118
18.637945	0.994532	0.002515
18.659638	0.993606	0.002042
18.680161	0.996234	0.002737
18.701270	0.992919	0.002285
18.721365	0.990004	0.002408
18.744477	0.991175	0.002260
18.764077	0.985678	0.002628
18.785232	0.983649	0.002571
18.805176	0.983387	0.002544
18.824777	0.984872	0.001939
18.847800	0.982262	0.002785
18.866615	0.979361	0.002604
18.888705	0.982592	0.002641
18.910767	0.978915	0.002230
18.930896	0.977269	0.002396
18.952069	0.984248	0.002408
18.971779	0.976667	0.002464
18.993648	0.977244	0.002745
19.014902	0.979639	0.002305
19.036301	0.972018	0.002315
19.056804	0.974097	0.002177
19.076588	0.975465	0.002444
19.098271	0.974206	0.002773
19.118311	0.975618	0.002419
19.139684	0.973077	0.002650
19.159414	0.973406	0.002308
19.181241	0.973967	0.002341
19.203188	0.973292	0.002071
19.222111	0.978526	0.002780
19.243555	0.972630	0.002475
19.265752	0.976193	0.002639
19.286128	0.976405	0.002778
19.303273	0.975294	0.002502
19.325640	0.973117	0.002176
19.347271	0.976786	0.002674
19.368802	0.976807	0.002288
19.389849	0.978744	0.002684
19.411504	0.976168	0.002521
19.431306	0.977286	0.001880
19.450208	0.978732	0.002283
19.472592	0.978532	0.002177
19.492947	0.980278	0.002796
19.514783	0.976553	0.001983
19.535085	0.980179	0.002280
19.557264	0.981928	0.002700
19.576273	0.982719	0.002601
19.597265	0.982427	0.002447
19.618273	0.986213	0.002541
19.640434	0.983567	0.002307
19.660920	0.984052	0.002438
19.680373	0.985521	0.002142
19.700727	0.983577	0.002574
19.724319	0.990433	0.002044
19.743051	0.982692	0.002009
19.762245	0.987602	0.002303
19.786858	0.985690	0.002377
19.804407	0.989837	0.001883
19.828532	0.991489	0.001954
19.848723	0.988562	0.002809
19.868159	0.992302	0.002805
19.888998	0.992081	0.002502
19.911766	0.989685	0.002034
19.930529	0.990284	0.001992
19.952472	0.994023	0.002329
19.974597	0.996231	0.002317
19.995234	0.992786	0.002341
20.014786	0.991421	0.002121
20.038122	0.992900	0.002068
20.058038	0.988962	0.002641
20.078383	0.986376	0.002531
20.097481	0.991479	0.002238
20.117394	0.991999	0.002503
20.140523	0.988661	0.002315
20.160930	0.989541	0.002088
20.182735	0.992310	0.002202
20.200459	0.987835	0.002811
20.222730	0.987485	0.002070
20.244701	0.989387	0.002796
20.265626	0.988383	0.002123
20.286358	0.987950	0.002313
20.304599	0.985325	0.002335
20.328899	0.984343	0.001944
20.349084	0.978346	0.002797
20.370666	0.983357	0.002669
20.389127	0.979999	0.002600
20.411264	0.981296	0.002501
20.432749	0.978519	0.002206
20.452319	0.980004	0.002505
20.474525	0.978890	0.002643
20.495847	0.978232	0.002642
20.513744	0.973200	0.002725
20.535576	0.973997	0.002381
20.556415	0.970911	0.002101
20.576570	0.974337	0.002031
20.598449	0.972992	0.002492
20.619641	0.969026	0.002428
20.640985	0.967654	0.002419
20.662502	0.965118	0.002444
20.681038	0.969398	0.002184
20.703589	0.966602	0.002453
20.723369	0.968511	0.002614
20.745372	0.965102	0.002778
20.765436	0.967651	0.002446
20.786787	0.965925	0.002268
20.809049	0.964882	0.002048
20.828589	0.962798	0.002197
20.850150	0.962324	0.002116
20.868979	0.964652	0.002090
20.890469	0.960737	0.002391
20.912319	0.961685	0.001915
20.931311	0.959402	0.002132
20.952448	0.962832	0.002736
20.973383	0.961718	0.002738
20.993379	0.962321	0.002308
21.015445	0.963944	0.002783
21.036430	0.964784	0.002361
21.058336	0.962294	0.002032
21.078433	0.963125	0.002061
21.099697	0.967543	0.002109
21.120362	0.963370	0.002342
21.138151	0.966614	0.002417
21.160738	0.965346	0.002302
21.182706	0.966651	0.002651
21.203560	0.966585	0.002451
21.224014	0.969726	0.002298
21.244738	0.968322	0.002733
21.264679	0.974301	0.001893
21.286664	0.974664	0.002560
21.308034	0.974951	0.002018
21.327357	0.976431	0.002130
21.348040	0.974906	0.002022
21.370244	0.975888	0.002042
21.391724	0.979078	0.002614
21.412958	0.981952	0.002290
21.431615	0.980593	0.002637
21.453462	0.984026	0.002136
21.475262	0.985894	0.002525
21.494186	0.981734	0.002461
21.515487	0.983158	0.002711
21.537057	0.988079	0.002126
21.554510	0.985335	0.002000
21.580386	0.988253	0.002229
21.599998	0.990625	0.002488
21.621514	0.990263	0.002470
21.641445	0.992749	0.002631
21.662852	0.996484	0.002783
21.684432	0.995899	0.002429
21.704581	0.997220	0.002788
21.724117	0.997022	0.002598
21.744189	0.999774	0.002098
21.766393	0.999890	0.002681
21.784328	1.001750	0.002056
21.810186	1.003726	0.002812
21.826644	1.004763	0.002149
21.848707	1.002872	0.002442
21.871612	1.002171	0.002569
21.889828	1.005594	0.002290
21.912783	1.008084	0.002070
21.932731	1.005758	0.002730
21.953417	1.008795	0.002220
21.974647	1.009186	0.002697
21.995103	1.010451	0.002236
22.016141	1.011087	0.002379
22.037406	1.004294	0.002790
22.057235	1.009124	0.002747
22.079895	1.011002	0.002052
22.100051	1.010972	0.002697
22.120549	1.010624	0.002120
22.142497	1.008753	0.002451
22.162691	1.010491	0.002048
22.184463	1.011088	0.002178
22.204277	1.009795	0.002608
22.223662	1.008947	0.002742
22.244546	1.010850	0.002582
22.267133	1.008679	0.002416
22.288181	1.008631	0.001984
22.308799	1.008589	0.002793
22.331762	1.006179	0.002423
22.352277	1.009407	0.002297
22.371401	1.005808	0.002106
22.389430	1.007064	0.002605
22.413224	1.006032	0.002100
22.432958	1.003792	0.001992
22.452988	1.002260	0.002772
22.475865	1.002183	0.002581
22.495899	1.004328	0.002727
22.516066	0.997470	0.002382
22.538068	1.002973	0.002656
22.559656	0.997984	0.002673
22.578611	1.001733	0.002139
22.602200	1.002455	0.002689
22.620839	1.001413	0.002391
22.642205	0.999164	0.002378
22.663453	1.004051	0.002803
22.683196	0.997887	0.002440
22.705536	0.997843	0.002170
22.724059	0.997856	0.001979
22.746903	0.998205	0.002644
22.765966	0.995757	0.002121
22.789045	0.997838	0.002054
22.809454	0.999576	0.002756
22.828998	0.995673	0.002486
22.849854	0.991527	0.002606
22.871278	0.997686	0.002538
22.891135	0.995650	0.002409
22.914496	0.996995	0.002408
22.933960	1.001440	0.002644
22.956580	0.998024	0.002246
22.975678	0.997550	0.002336
22.997315	0.998040	0.002776
23.017526	0.999456	0.002080
23.036421	0.999205	0.002265
23.059172	1.001724	0.002525
23.078392	0.999558	0.002012
23.101389	1.003411	0.002182
23.122649	1.002634	0.002141
23.142831	1.004192	0.002213
23.162806	1.007458	0.002804
23.184121	1.004195	0.002285
23.204077	1.007876	0.002050
23.224989	1.005615	0.002765
23.245503	1.008902	0.002431
23.268011	1.008389	0.002642
23.285084	1.011213	0.002505
23.309662	1.011376	0.001983
23.329969	1.015388	0.001922
23.349452	1.017213	0.002614
23.371487	1.019603	0.002499
23.392897	1.018520	0.002741
23.413035	1.017848	0.002811
23.434907	1.016950	0.002784
23.454372	1.021435	0.002009
23.475880	1.021500	0.002014
23.496214	1.019644	0.002769
23.517870	1.025322	0.002622
23.538263	1.024432	0.001912
23.559707	1.027061	0.002181
23.582008	1.027830	0.002650
23.600064	1.030494	0.001916
23.623094	1.028843	0.001969
23.643348	1.033395	0.002620
23.662851	1.032951	0.001949
23.682832	1.034009	0.002087
23.706050	1.034930	0.002086
23.724545	1.034752	0.002190
23.746489	1.035335	0.002454
23.768164	1.035154	0.002238
23.792280	1.041214	0.002054
23.809885	1.039218	0.002707
23.828430	1.039810	0.002244
23.852750	1.038060	0.002191
23.873081	1.037173	0.002453
23.891836	1.040415	0.002690
23.914505	1.038378	0.002254
23.934950	1.041954	0.002471
23.957589	1.041096	0.002557
23.975466	1.042505	0.002465
23.996238	1.040158	0.002021
24.017923	1.037635	0.002494
24.039322	1.041096	0.002627
24.060399	1.037256	0.002477
24.080045	1.041378	0.002216
24.099776	1.038431	0.002333
24.120825	1.037846	0.002050
24.143652	1.038079	0.001954
24.162670	1.038235	0.001884
24.184459	1.036979	0.002465
24.206159	1.036496	0.001937
24.225547	1.034583	0.002249
24.247581	1.034972	0.002402
24.267375	1.031047	0.002578
24.289439	1.032758	0.002781
24.309023	1.026743	0.002703
24.330898	1.031840	0.002171
24.349634	1.027357	0.002761
24.372879	1.028288	0.002175
24.393131	1.027598	0.002334
24.414347	1.023169	0.002356
24.434423	1.023687	0.001960
24.454757	1.026136	0.001882
24.476588	1.024301	0.002616
24.497510	1.020676	0.002055
24.517618	1.018122	0.001973
24.538323	1.020747	0.002625
24.560533	1.018849	0.002499
24.580011	1.018088	0.002607
24.600337	1.014406	0.002027
24.623260	1.015035	0.002319
24.643765	1.012674	0.002647
24.663050	1.013862	0.001938
24.685037	1.009298	0.002713
24.706156	1.012558	0.002666
24.726687	1.009400	0.002753
24.747299	1.009462	0.002795
24.767802	1.009656	0.002451
24.787636	1.006474	0.002404
24.808368	1.007824	0.002519
24.832020	1.009422	0.002043
24.851959	1.009950	0.002394
24.872076	1.004761	0.002302
24.892704	1.006603	0.001940
24.913089	1.007096	0.002027
24.936838	1.004640	0.002204
24.955094	1.005971	0.002636
24.977488	1.005213	0.002690
24.997039	1.005269	0.002420
25.017945	1.006513	0.002623
25.039569	1.005258	0.002283
25.060345	1.005642	0.002235
25.080697	1.004585	0.002623
25.101821	1.002436	0.001962
25.122383	1.003681	0.002143
25.144942	1.007212	0.002547
25.164832	1.006014	0.002021
25.185065	1.003520	0.002088
25.207055	1.004674	0.002143
25.227191	1.005396	0.002770
25.247889	1.005188	0.002718
25.269390	1.008725	0.002770
25.288521	1.010516	0.002559
25.309838	1.007301	0.001934
25.331371	1.008483	0.002627
25.354422	1.009555	0.002137
25.374337	1.010361	0.002372
25.394094	1.013214	0.002165
25.414736	1.012211	0.002762
25.434221	1.012072	0.001893
25.456392	1.017433	0.002011
25.477595	1.013637	0.002205
25.498231	1.016234	0.002546
25.518673	1.017054	0.002096
25.539647	1.016578	0.002401
25.561660	1.011764	0.002024
25.581020	1.022068	0.002361
25.601973	1.018279	0.002271
25.623157	1.018874	0.002752
25.644572	1.014348	0.002359
25.664274	1.020155	0.002455
25.684903	1.017945	0.002568
25.706003	1.021212	0.002543
25.726546	1.019154	0.002412
25.748882	1.018981	0.001943
25.768006	1.020651	0.002376
25.789292	1.017353	0.002254
25.811085	1.013611	0.002085
25.833452	1.019264	0.002544
25.852199	1.018022	0.002480
25.873371	1.016688	0.002023
25.894989	1.018696	0.001980
25.913195	1.015224	0.002096
25.936036	1.017485	0.002125
25.955237	1.015567	0.002125
25.977514	1.016437	0.002418
25.998732	1.012233	0.002758
26.020272	1.011687	0.002703
26.042020	1.012831	0.002289
26.061581	1.010414	0.002470
26.081399	1.012791	0.002796
26.101989	1.009041	0.002139
26.121713	1.014672	0.002068
26.145203	1.006989	0.002059
26.165308	1.003682	0.002269
26.186544	1.003753	0.002147
26.207682	1.004723	0.002471
26.226747	1.003033	0.002161
26.250601	1.003910	0.002344
26.268635	1.001841	0.001982
26.288813	0.997237	0.002383
26.311761	0.996339	0.002215
26.331851	0.996130	0.002116
26.353143	0.989871	0.002679
26.373872	0.994712	0.002008
26.393896	0.993688	0.002113
26.415516	0.988788	0.002489
26.435956	0.987351	0.002353
26.456766	0.987754	0.002225
26.476891	0.986091	0.001915
26.499908	0.985600	0.002176
26.519615	0.983552	0.002540
26.541106	0.978995	0.001961
26.563452	0.979902	0.001990
26.581093	0.981598	0.002523
26.603334	0.982226	0.002202
26.621965	0.976025	0.002714
26.643558	0.974165	0.002532
26.664793	0.972875	0.002693
26.685417	0.974532	0.002626
26.707739	0.970662	0.002214
26.727070	0.974250	0.001988
26.750087	0.972786	0.001912
26.770234	0.973878	0.002676
26.789832	0.975739	0.002486
26.811418	0.969306	0.002102
26.832522	0.967351	0.001918
26.852925	0.968050	0.002431
26.876025	0.969524	0.002367
26.894669	0.968579	0.002287
26.916977	0.969508	0.002199
26.936207	0.966929	0.002373
26.956391	0.963239	0.002508
26.977996	0.965933	0.002110
26.998086	0.970552	0.002268
27.020873	0.965298	0.002032
27.040381	0.965926	0.002555
27.060422	0.967557	0.002200
27.081891	0.967178	0.002417
27.103268	0.968727	0.002641
27.123024	0.971305	0.001995
27.144185	0.970227	0.002055
27.165821	0.969196	0.002362
27.187370	0.967692	0.002181
27.207388	0.969916	0.002096
27.228508	0.972442	0.002058
27.250454	0.975665	0.002222
27.271502	0.975201	0.002491
27.291808	0.972282	0.002303
27.311788	0.977346	0.002657
27.333557	0.978865	0.002228
27.354387	0.978886	0.002005
27.374846	0.976578	0.002177
27.393675	0.975660	0.002695
27.415735	0.976550	0.002087
27.436686	0.981654	0.001942
27.458277	0.980639	0.002166
27.479781	0.979980	0.002277
27.498859	0.980665	0.002212
27.521239	0.982803	0.001919
27.542520	0.984051	0.002432
27.563208	0.985878	0.002571
27.582815	0.984412	0.002742
27.604450	0.983328	0.002380
27.625354	0.987618	0.001887
27.645505	0.986677	0.002654
27.666754	0.987415	0.002496
27.687647	0.985588	0.002254
27.708768	0.988675	0.002809
27.728509	0.992522	0.002643
27.748718	0.989098	0.002200
27.770478	0.992276	0.002693
27.790980	0.988305	0.002209
27.811065	0.989153	0.002157
27.833164	0.987662	0.002423
27.852099	0.990095	0.002292
27.874327	0.989035	0.002316
27.895006	0.989749	0.002160
27.917004	0.990582	0.002254
27.937400	0.985814	0.002699
27.956990	0.989586	0.002635
27.979196	0.988998	0.002242
28.001336	0.991922	0.002208
28.020526	0.983945	0.002293
28.040818	0.987976	0.002728
28.063226	0.988684	0.002489
28.084072	0.987640	0.002420
28.103074	0.984551	0.001941
28.126083	0.982280	0.002637
28.145938	0.985052	0.002013
28.167179	0.984873	0.002430
28.186492	0.985667	0.002000
28.208264	0.983655	0.002156
28.230787	0.982656	0.002344
28.250103	0.977272	0.002771
28.270808	0.981566	0.002710
28.292835	0.978749	0.002356
28.311530	0.976767	0.002325
28.332639	0.976301	0.002744
28.356916	0.976177	0.002675
28.375606	0.975225	0.002260
28.394272	0.979823	0.002612
28.417488	0.973867	0.002034
28.436965	0.971467	0.002736
28.459475	0.970181	0.002163
28.478926	0.971210	0.002373
28.500433	0.970357	0.002763
28.522069	0.974963	0.002502
28.541378	0.968883	0.001922
28.563936	0.967491	0.002193
28.585152	0.968331	0.002645
28.604087	0.972281	0.002610
28.625983	0.966660	0.001965
28.647162	0.966094	0.002808
28.666028	0.966854	0.001880
28.688688	0.967722	0.002539
28.708353	0.968127	0.002698
28.729275	0.967045	0.001962
28.749894	0.966161	0.002352
28.770948	0.967199	0.002358
28.793022	0.965949	0.002653
28.813353	0.967553	0.002062
28.834934	0.968077	0.002650
28.855897	0.965944	0.002491
28.873981	0.970390	0.002496
28.896017	0.969493	0.002683
28.918008	0.970130	0.002578
28.938560	0.970824	0.001960
28.957981	0.973408	0.001962
28.980892	0.971404	0.002116
29.002052	0.970654	0.002370
29.022587	0.976774	0.002094
29.041811	0.974678	0.002741
29.063551	0.972482	0.002401
29.083398	0.976908	0.002502
29.105912	0.978256	0.002473
29.125864	0.982095	0.002371
29.145109	0.980968	0.002160
29.167225	0.980448	0.002553
29.188192	0.983980	0.002449
29.209363	0.985057	0.002577
29.231183	0.986297	0.002710
29.250707	0.985547	0.002152
29.271881	0.987426	0.002602
29.292040	0.990524	0.001891
29.313698	0.993789	0.002645
29.335399	0.992084	0.002657
29.355187	0.996200	0.002322
29.375929	0.993912	0.002456
29.396320	0.997167	0.002181
29.416710	0.995949	0.002709
29.437899	0.998373	0.001998
29.459642	1.000899	0.002663
29.480563	1.004522	0.002302
29.499401	1.006210	0.002369
29.518093	1.005257	0.002628
29.544066	1.006551	0.002346
29.564563	1.007162	0.002321
29.582932	1.006505	0.002478
29.605210	1.010903	0.002609
29.624632	1.008086	0.002074
29.647412	1.008654	0.002723
29.668078	1.012179	0.002054
29.689701	1.014882	0.001886
29.706733	1.016059	0.002375
29.730668	1.012454	0.002096
29.750818	1.015087	0.002590
29.770799	1.017482	0.002367
29.792361	1.015448	0.002050
29.814375	1.016776	0.002464
29.833296	1.016156	0.002476
29.854432	1.016775	0.002141
29.877175	1.018386	0.002790
29.895502	1.015236	0.001945
29.918379	1.017814	0.001979
29.938129	1.016643	0.002403
29.959769	1.017364	0.002036
29.981784	1.019246	0.002464
30.000274	1.018386	0.002145
30.021992	1.016728	0.002174
30.041651	1.018091	0.002211
30.064574	1.016546	0.001979
30.084647	1.019642	0.002016
30.107662	1.017093	0.002001
30.126792	1.014838	0.002387
30.148806	1.015362	0.002017
30.168302	1.012106	0.002028
30.188838	1.017145	0.002661
30.210469	1.009458	0.002108
30.230338	1.010271	0.002336
30.251263	1.012551	0.001967
30.272524	1.009496	0.002375
30.293891	1.011638	0.001957
30.314922	1.012296	0.002681
30.336751	1.007810	0.002162
30.355674	1.006944	0.002629
30.378398	1.011315	0.002668
30.397578	1.012935	0.002504
30.416829	1.010944	0.002459
30.440525	1.007900	0.002026
30.460365	1.006996	0.001930
30.481259	1.006114	0.002556
30.499954	1.006749	0.002488
30.523124	1.009648	0.002011
30.543780	1.002974	0.002292
30.563021	1.007088	0.002022
30.585849	1.003765	0.002405
30.606379	1.004181	0.002602
30.627186	1.004091	0.002133
30.648984	1.003611	0.002794
30.667392	1.005032	0.002517
30.689314	1.003495	0.002577
30.709911	1.001441	0.002037
30.732191	1.000974	0.002098
30.750859	1.004731	0.002559
30.774001	1.005673	0.002160
30.793610	1.006491	0.002785
30.813052	1.003228	0.002076
30.834271	1.003188	0.002246
30.855939	1.007704	0.002026
30.877194	1.005421	0.002401
30.896120	1.003449	0.002752
30.919636	1.008854	0.002279
30.940023	1.006284	0.001892
30.960409	1.007868	0.002544
30.981149	1.009372	0.001911
31.001158	1.011449	0.002325
31.023270	1.011068	0.002440
31.043241	1.012897	0.001999
31.064740	1.012983	0.002665
31.085704	1.011292	0.001969
31.108573	1.012164	0.002780
31.127845	1.015965	0.002065
31.147934	1.016650	0.002613
31.168522	1.013814	0.002589
31.189458	1.020118	0.002044
31.210339	1.018899	0.002744
31.229803	1.022074	0.002374
31.253663	1.021739	0.002680
31.274642	1.021855	0.002666
31.293890	1.022339	0.002069
31.314907	1.022737	0.002740
31.335097	1.025976	0.002159
31.357374	1.026342	0.002758
31.377435	1.031356	0.002467
31.397837	1.029025	0.002638
31.420268	1.030841	0.002424
31.440725	1.035371	0.002274
31.461576	1.035986	0.002641
31.481625	1.031970	0.001962
31.501696	1.035017	0.002465
31.523753	1.036659	0.002575
31.544230	1.039301	0.001969
31.564943	1.039599	0.002616
31.585681	1.032908	0.002354
31.606645	1.037245	0.002126
31.625826	1.034131	0.002087
31.649903	1.041032	0.002359
31.671908	1.040532	0.002001
31.688670	1.038189	0.002285
31.710261	1.039328	0.002035
31.732497	1.040264	0.002572
31.755230	1.041612	0.001997
31.772241	1.037887	0.002341
31.794230	1.037594	0.002455
31.815822	1.038939	0.001956
31.837315	1.037665	0.002328
31.857680	1.041573	0.002563
31.879770	1.036380	0.002676
31.897612	1.040426	0.002472
31.920170	1.036849	0.002463
31.939134	1.039016	0.002203
31.963092	1.036301	0.002294
31.982419	1.035493	0.002183
32.003459	1.036173	0.002087
32.023858	1.032190	0.002537
32.045321	1.031193	0.002347
32.066830	1.034690	0.002785
32.086555	1.032563	0.002068
32.105855	1.030135	0.002208
32.128091	1.027810	0.002094
32.150351	1.028831	0.002759
32.168096	1.025455	0.002158
32.190018	1.026687	0.002574
32.210518	1.022606	0.002081
32.230630	1.019576	0.002516
32.253420	1.019997	0.002699
32.272999	1.022327	0.002380
32.296385	1.016939	0.002741
32.315195	1.019181	0.002200
32.336403	1.015799	0.002024
32.356274	1.014484	0.002752
32.378079	1.015733	0.002700
32.399301	1.011445	0.002650
32.419200	1.012321	0.001906
32.441053	1.012699	0.002233
32.462708	1.007728	0.002430
32.481321	1.007933	0.002196
32.504624	1.008211	0.002134
32.523515	1.004741	0.002660
32.546637	1.004564	0.002270
32.565370	1.005263	0.002165
32.585049	1.000678	0.002469
32.608133	1.003033	0.002473
32.627506	1.001795	0.002014
32.647747	1.002846	0.001893
32.669045	1.001644	0.002170
32.692351	1.000285	0.001929
32.713301	1.001117	0.002479
32.732766	0.999921	0.001909
32.751592	0.999789	0.001987
32.774038	0.999970	0.002719
32.795091	0.995617	0.002775
32.816547	0.994908	0.002334
32.837015	0.997960	0.002245
32.856750	1.000651	0.002667
32.880025	1.000054	0.002317
32.898702	0.997934	0.002011
32.920137	0.997479	0.001894
32.941694	0.999104	0.002210
32.962671	1.000642	0.002393
32.981027	1.000482	0.001945
33.002195	1.000448	0.002768
33.024137	1.000499	0.002766
33.045597	1.000070	0.002607
33.066376	0.999911	0.002158
33.087678	1.002439	0.002614
33.110660	1.000671	0.002734
33.128839	1.000816	0.002163
33.149382	1.003093	0.002780
33.169371	1.003604	0.002687
33.193100	1.005400	0.002070
33.213102	1.005547	0.002240
33.232707	1.004845	0.002279
33.254071	1.002860	0.002587
33.274185	1.006202	0.002470
33.296122	1.006322	0.001974
33.317202	1.003064	0.002533
33.338661	1.010296	0.001966
33.357330	1.005767	0.002674
33.379009	1.009476	0.002416
33.400856	1.008856	0.002741
33.420079	1.007811	0.002249
33.441722	1.010102	0.002467
33.463177	1.007720	0.002554
33.482512	1.009593	0.002479
33.503002	1.013543	0.002318
33.523628	1.011212	0.002619
33.545738	1.011514	0.002179
33.567007	1.009424	0.002396
33.586422	1.009350	0.002579
33.608752	1.009486	0.002270
33.629796	1.013511	0.001931
33.648495	1.011530	0.002342
33.671132	1.008523	0.002572
33.691993	1.009147	0.002151
33.711700	1.011306	0.001965
33.734062	1.008411	0.002686
33.753293	1.011961	0.002421
33.775223	1.009031	0.002813
33.794107	1.006960	0.002301
33.816034	1.006926	0.002633
33.836894	1.008705	0.002627
33.857396	1.004087	0.001936
33.878785	1.005599	0.002391
33.900934	1.001241	0.002341
33.921198	1.002637	0.001898
33.943178	0.998848	0.002498
33.963373	1.000895	0.002265
33.984404	1.001033	0.002399
34.007233	0.997485	0.002045
34.025701	0.993887	0.002303
34.045983	0.992231	0.002515
34.066857	0.997179	0.002730
34.088645	0.990829	0.002482
34.109644	0.989420	0.002426
34.128771	0.989968	0.002070
34.149586	0.987335	0.002510
34.171403	0.989378	0.002289
34.192009	0.988019	0.002427
34.211796	0.987261	0.002283
34.235602	0.983595	0.002736
34.253420	0.984254	0.002000
34.275696	0.981294	0.002539
34.295158	0.976049	0.002198
34.316806	0.976358	0.002230
34.337465	0.977475	0.002575
34.358644	0.972451	0.001999
34.379143	0.971887	0.002163
34.400162	0.975431	0.002203
34.422673	0.974132	0.002645
34.442695	0.970687	0.002775
34.461190	0.970647	0.002704
34.483480	0.968601	0.002749
34.503627	0.969632	0.002787
34.524811	0.967451	0.002286
34.546290	0.967099	0.001895
34.566331	0.967262	0.002546
34.588206	0.966859	0.002800
34.609660	0.964174	0.002306
34.631063	0.964197	0.002744
34.651823	0.964837	0.002809
34.672542	0.962227	0.002030
34.691819	0.965804	0.002420
34.713047	0.967002	0.002183
34.734212	0.965453	0.002385
34.753855	0.962647	0.002095
34.777486	0.964200	0.002439
34.796084	0.964621	0.002790
34.817511	0.964544	0.001937
34.838546	0.961141	0.002082
34.859857	0.966353	0.002256
34.880227	0.965070	0.002653
34.901172	0.966201	0.002049
34.920133	0.967103	0.002384
34.941625	0.959858	0.001915
34.963714	0.968022	0.002505
34.985275	0.965156	0.002188
35.004900	0.968743	0.002095
35.025065	0.966000	0.002542
35.047234	0.967845	0.002026
35.068571	0.967716	0.002722
35.089057	0.971392	0.002381
35.108674	0.971183	0.002807
35.129727	0.976122	0.002129
35.150213	0.977778	0.001945
35.174463	0.974608	0.002805
35.191151	0.977465	0.001987
35.215061	0.973649	0.002507
35.233662	0.977200	0.002497
35.255746	0.976747	0.002792
35.277565	0.978782	0.001961
35.294823	0.978696	0.002581
35.318749	0.980745	0.001999
35.340066	0.981396	0.001965
35.360522	0.982800	0.002324
35.380915	0.983922	0.002738
35.400150	0.985434	0.002704
35.424063	0.983472	0.002791
35.442724	0.987620	0.002511
35.462733	0.988416	0.002256
35.483136	0.987442	0.002318
35.505359	0.988126	0.002400
35.527023	0.990883	0.002069
35.549616	0.993417	0.002071
35.567489	0.993497	0.002325
35.585602	0.986849	0.002147
35.610302	0.990316	0.002504
35.630850	0.990215	0.001957
35.651606	0.990500	0.002795
35.674004	0.987884	0.002117
35.692202	0.991441	0.002244
35.713889	0.992108	0.002055
35.734760	0.992407	0.002750
35.756670	0.990454	0.002089
35.777564	0.990139	0.002454
35.795551	0.990957	0.002418
35.819461	0.991788	0.002439
35.839219	0.991017	0.002777
35.859547	0.991774	0.002741
35.880587	0.991507	0.002120
35.899989	0.990537	0.002350
35.924085	0.987197	0.002338
35.944663	0.988573	0.002298
35.965439	0.986695	0.002654
35.985136	0.985132	0.002342
36.006582	0.990183	0.002188
36.026677	0.986398	0.002136
36.048086	0.983141	0.002314
36.067732	0.982345	0.002350
36.090851	0.986771	0.002326
36.109255	0.981806	0.002557
36.131421	0.983428	0.002561
36.152554	0.981034	0.002137
36.173254	0.978831	0.002532
36.194099	0.982676	0.002188
36.214654	0.977982	0.002387
36.234807	0.979001	0.002650
36.255414	0.976454	0.002673
36.277136	0.978934	0.002079
36.296852	0.976094	0.002758
36.319315	0.977960	0.002798
36.338841	0.978237	0.002313
36.360800	0.975978	0.002708
36.380546	0.978327	0.002120
36.401408	0.973060	0.002452
36.420613	0.974188	0.002342
36.442373	0.975242	0.002158
36.465992	0.973801	0.002085
36.485656	0.974122	0.002233
36.506038	0.976209	0.002393
36.526776	0.973700	0.002775
36.548388	0.974867	0.002206
36.568480	0.974332	0.002444
36.589893	0.977211	0.002744
36.609737	0.974480	0.002611
36.631998	0.972262	0.002645
36.651302	0.974393	0.002079
36.674459	0.973631	0.002544
36.692805	0.977979	0.002295
36.715403	0.978216	0.002449
36.734716	0.976304	0.002055
36.756575	0.973379	0.002776
36.776907	0.981759	0.002743
36.799430	0.980296	0.002113
36.818016	0.979950	0.002659
36.836932	0.980955	0.002079
36.858948	0.981924	0.002706
36.880997	0.978920	0.002725
36.903869	0.985562	0.002549
36.924142	0.984275	0.002433
36.944124	0.986149	0.002490
36.964209	0.989172	0.002686
36.985082	0.989595	0.002147
37.006811	0.992191	0.002633
37.027478	0.991967	0.002788
37.047024	0.994557	0.002267
37.070988	0.996503	0.002061
37.089603	0.997567	0.002130
37.112462	0.997155	0.002303
37.132001	1.001123	0.002240
37.152401	1.004147	0.002676
37.173191	1.002455	0.002382
37.194058	1.005152	0.002593
37.216128	1.003833	0.002070
37.234277	1.003954	0.002743
37.257822	1.003818	0.002758
37.278170	1.008150	0.002562
37.297789	1.009280	0.001902
37.321704	1.013553	0.002604
37.340539	1.016052	0.001993
37.360572	1.012929	0.002725
37.382235	1.019349	0.001887
37.405089	1.019359	0.002768
37.423184	1.013352	0.002600
37.443351	1.017694	0.002671
37.464591	1.017752	0.002312
37.485720	1.021361	0.002319
37.505352	1.021759	0.002427
37.528503	1.024848	0.002666
37.546644	1.022528	0.002301
37.570654	1.024910	0.002217
37.594072	1.023988	0.002613
37.611322	1.026963	0.002618
37.632397	1.024955	0.002201
37.650336	1.026660	0.002618
37.674650	1.024376	0.002024
37.694737	1.022894	0.002623
37.714591	1.027407	0.002374
37.736512	1.028045	0.002030
37.754388	1.027579	0.002032
37.777694	1.026254	0.002486
37.798817	1.023042	0.002734
37.819622	1.024704	0.002225
37.839130	1.024424	0.002736
37.862066	1.031608	0.002459
37.883546	1.024571	0.002145
37.902277	1.025394	0.002143
37.925079	1.026864	0.002244
37.944056	1.025534	0.002521
37.965803	1.022895	0.002055
37.985597	1.022301	0.002559
38.008177	1.020723	0.002545
38.027889	1.019168	0.002702
38.049915	1.020950	0.001896
38.069865	1.020716	0.002200
38.092541	1.017526	0.001879
38.110285	1.017133	0.002056
38.132177	1.016120	0.001947
38.152897	1.019387	0.002350
38.174950	1.017842	0.002548
38.194808	1.016720	0.002049
38.216176	1.016508	0.002121
38.238281	1.014700	0.002604
38.257438	1.010962	0.002381
38.276948	1.014861	0.002695
38.299097	1.012100	0.002387
38.321821	1.010443	0.002717
38.339384	1.009440	0.002203
38.362063	1.007677	0.002066
38.381481	1.009839	0.001986
38.404242	1.009461	0.002761
38.425303	1.011173	0.002342
38.445538	1.009429	0.002215
38.464976	1.009128	0.002204
38.488232	1.010656	0.001972
38.508065	1.011238	0.001950
38.529300	1.009685	0.002633
38.549453	1.009750	0.002702
38.570137	1.010117	0.002633
38.591010	1.010438	0.002043
38.612343	1.009010	0.002132
38.631514	1.008615	0.002477
38.651761	1.009585	0.002599
38.674054	1.010879	0.002164
38.694641	1.015141	0.001951
38.715679	1.012647	0.002780
38.738016	1.009797	0.002645
38.758015	1.011014	0.002452
38.778681	1.010891	0.002684
38.800235	1.011894	0.002262
38.820958	1.014502	0.001915
38.840523	1.011686	0.002703
38.863894	1.013624	0.002303
38.883403	1.014656	0.002485
38.905186	1.019152	0.002241
38.924220	1.021288	0.002246
38.945783	1.020057	0.002668
38.965584	1.015672	0.002615
38.987548	1.022263	0.002295
39.008524	1.018413	0.002641
39.031005	1.023451	0.002029
39.049113	1.027642	0.002114
39.070510	1.024220	0.002210
39.092178	1.025804	0.002716
39.112140	1.028827	0.002512
39.133572	1.023887	0.002146
39.153666	1.026908	0.002317
39.175644	1.026457	0.002161
39.193327	1.028618	0.002370
39.216173	1.030460	0.002416
39.237297	1.034827	0.001972
39.259969	1.031461	0.002696
39.279146	1.034445	0.002035
39.300096	1.033182	0.002155
39.318592	1.033744	0.002175
39.341532	1.036874	0.001917
39.363154	1.033904	0.002015
39.382653	1.038092	0.001910
39.405592	1.036219	0.002681
39.426030	1.039842	0.002077
39.446503	1.036005	0.002180
39.466469	1.033763	0.002776
39.488782	1.038743	0.001897
39.509550	1.035899	0.002427
39.529413	1.034991	0.002188
39.550158	1.035922	0.002102
39.571149	1.039252	0.002600
39.591424	1.035685	0.002331
39.612219	1.037488	0.001885
39.632605	1.038395	0.002358
39.654391	1.034958	0.001929
39.674290	1.040889	0.002600
39.696256	1.035357	0.002577
39.717364	1.035046	0.002772
39.737966	1.034076	0.002605
39.756362	1.033623	0.002201
39.778736	1.030993	0.001951
39.800021	1.029379	0.002166
39.821853	1.031962	0.002180
39.842588	1.029593	0.001886
39.860475	1.026410	0.001989
39.883891	1.024574	0.002332
39.904177	1.025727	0.002686
39.924748	1.025927	0.002482
39.945645	1.021076	0.002236
39.966621	1.022768	0.002536
39.987423	1.021283	0.002056
40.009629	1.021784	0.002419
40.028297	1.019877	0.002156
40.050124	1.020340	0.001942
40.071920	1.013672	0.002525
40.091697	1.015757	0.002342
40.112688	1.012507	0.001908
40.134050	1.013359	0.002771
40.155893	1.010810	0.001969
40.175599	1.009707	0.001883
40.197539	1.006172	0.001989
40.216156	1.005837	0.002165
40.239822	1.005196	0.002518
40.259425	1.003298	0.002094
40.281140	1.001669	0.002066
40.302113	1.000536	0.001982
40.322915	0.999749	0.002637
40.342083	0.997632	0.002612
40.362776	1.000353	0.002489
40.383088	0.996498	0.002760
40.406310	0.996286	0.002795
40.428249	0.999242	0.001963
40.445339	0.997820	0.002372
40.469329	0.994168	0.002212
40.487255	0.996078	0.002226
40.507136	0.996366	0.002589
40.528953	0.992695	0.002685
40.551642	0.993020	0.001951
40.572078	0.990562	0.002151
40.591795	0.991299	0.001889
40.613103	0.991018	0.002313
40.633443	0.990458	0.002550
40.656669	0.989877	0.001877
40.675972	0.989430	0.001975
40.697051	0.989311	0.001944
40.717271	0.991702	0.002780
40.738498	0.987821	0.002575
40.759267	0.989193	0.002319
40.782192	0.988583	0.002697
40.800797	0.985625	0.002707
40.821946	0.992183	0.001947
40.842308	0.990012	0.002738
40.864360	0.989331	0.002647
40.884060	0.988843	0.002126
40.904606	0.992863	0.002331
40.925060	0.994924	0.002497
40.946912	0.995221	0.001953
40.969020	0.994265	0.002148
40.988819	0.995093	0.002245
41.010662	0.993433	0.001960
41.030956	0.999401	0.001902
41.050892	0.996608	0.002317
41.072611	1.000824	0.002127
41.091915	0.996440	0.002255
41.113599	0.999747	0.002715
41.135327	1.000109	0.002727
41.156245	1.001778	0.002456
41.177866	1.002433	0.002092
41.197984	1.002083	0.002800
41.217797	1.000090	0.002353
41.239190	0.996398	0.002351
41.259099	1.003514	0.002314
41.281310	1.002314	0.002332
41.300710	1.005929	0.002293
41.323523	1.003069	0.002020
