# Star 1 - Telescope hubble - Campaign 1
# Time Flux Error
# days relative_flux relative_error
0.019820 1.00360644 0.007989
0.046208 0.99883228 0.006376
0.052299 0.99884603 0.004273
0.065940 1.00449965 0.004197
0.073818 1.01366361 0.005076
0.086307 1.00828413 0.006735
0.099272 1.00744677 0.007911
0.103423 1.01624112 0.006003
0.115299 1.00901192 0.004964
0.124720 1.00907188 0.004530
0.154675 1.01957258 0.007776
0.180474 1.01924275 0.003487
0.212316 1.02359450 0.004820
0.233478 1.02306206 0.006273
0.274273 1.01911677 0.005365
0.281699 1.02451682 0.003295
0.299132 1.03291131 0.005161
0.317688 1.01569659 0.005162
0.332010 1.02468702 0.007183
0.335643 1.02136381 0.004509
0.429804 1.03520956 0.004385
0.453701 1.03028654 0.003445
0.463305 1.02558147 0.005675
0.479213 1.02508054 0.004678
0.491524 1.02542465 0.007901
0.514644 1.01707135 0.003303
0.552070 1.01764344 0.003044
0.571810 1.02282820 0.007785
0.575878 1.02061844 0.004161
0.589206 1.01908597 0.005694
0.589677 1.02497870 0.004569
0.647010 1.10448401 0.003219
0.663983 1.02424913 0.004555
0.686284 1.01649634 0.004081
0.692744 1.01970188 0.004251
0.708101 1.01003214 0.005328
0.757319 1.01118826 0.006945
0.814668 1.00976534 0.005225
0.819549 1.00664742 0.003566
0.830533 1.01629102 0.005713
0.874082 1.00504241 0.004134
0.895128 1.01666510 0.006597
0.903586 1.00827187 0.003899
0.905360 0.99668091 0.007523
0.921365 0.99988040 0.004145
0.921449 1.00720438 0.006909
0.922257 1.00652792 0.006850
0.941136 1.01632254 0.006978
0.948389 1.00565038 0.005234
0.971980 1.00078720 0.006694
0.983104 1.01029210 0.004431
0.984670 1.01036958 0.004192
0.992124 1.00839305 0.006772
1.006385 1.00144426 0.005241
1.033850 1.00642719 0.007510
1.058938 1.00328541 0.007225
1.098326 1.00304012 0.006425
1.147626 0.99048659 0.007430
1.219331 1.00351515 0.003864
1.225415 0.99749404 0.004105
1.240383 1.00129497 0.005000
1.254991 0.99373392 0.004339
1.260707 1.00411723 0.003624
1.276239 0.99418671 0.007265
1.302415 1.00049907 0.004298
1.326144 0.99602957 0.007847
1.349610 0.99692264 0.007064
1.350649 0.99188320 0.003854
1.358462 0.99432600 0.006982
1.469319 1.00414904 0.003389
1.477459 0.99980661 0.003806
1.490334 0.99732576 0.003160
1.533940 0.99560691 0.006212
1.553156 0.99899870 0.004085
1.583822 0.99730014 0.003071
1.608170 1.00233584 0.005189
1.611320 0.99438234 0.005180
1.613576 1.00375039 0.003293
1.628479 0.98845287 0.006191
1.639777 0.99398048 0.003855
1.642813 0.98797281 0.005037
1.651244 0.99771083 0.005074
1.669041 0.98938777 0.005888
1.672834 0.98300876 0.007310
1.693290 0.99622315 0.007786
1.726927 0.98149269 0.003495
1.729570 0.98040653 0.005748
1.742736 0.98638503 0.003412
1.759874 0.98592578 0.004423
1.765855 0.98571906 0.003414
1.765977 0.99580121 0.005153
1.770963 0.97657619 0.007369
1.784923 0.99024156 0.006322
1.790396 0.98788828 0.003443
1.794100 0.99489280 0.006293
1.795664 0.97545465 0.003890
1.800137 0.98067646 0.004591
1.801702 0.98250066 0.003687
1.824599 0.98188225 0.004601
1.833974 0.98125393 0.007670
1.848750 0.98213160 0.003728
1.855495 0.98391129 0.005743
1.872988 0.98142613 0.007929
1.882857 0.98159341 0.007789
1.929706 0.98130685 0.006928
1.937180 0.97682701 0.006948
1.952356 0.97618953 0.005135
1.966642 0.97558047 0.006524
2.035086 0.98057565 0.007000
2.044317 0.97087261 0.005862
2.052438 0.96487289 0.005646
2.053777 0.98075018 0.004914
2.067674 0.97052708 0.006167
2.095262 0.97466397 0.004872
2.117228 0.97960776 0.004030
2.206511 0.97441915 0.007864
2.221050 0.96613488 0.005714
2.240719 0.98051366 0.007220
2.248778 0.97990322 0.005598
2.255280 0.97464065 0.007809
2.297883 0.97882920 0.004206
2.300243 0.99162154 0.005100
2.302543 0.97878682 0.003306
2.314511 0.98512550 0.007317
2.318662 0.99519095 0.003135
2.331157 0.98854194 0.007974
2.348162 0.99134736 0.006531
2.348571 0.98352167 0.007995
2.399969 0.99364014 0.004066
2.402250 0.99319754 0.006353
2.405582 0.98126045 0.006057
2.438247 0.99133639 0.006930
2.453534 0.98213735 0.003788
2.464833 0.99259992 0.006775
2.478499 0.99449799 0.003874
2.517600 0.99711579 0.006180
2.528074 1.00304124 0.007367
2.542356 1.00691037 0.005315
2.544268 1.00475054 0.003325
2.558451 1.00269352 0.003895
2.583580 1.00496754 0.005955
2.584832 1.01333949 0.007629
2.586008 1.01158848 0.003968
2.594091 1.00298098 0.003504
2.653551 1.02202646 0.004636
2.684309 1.00747229 0.004744
2.699342 1.01447749 0.007982
2.711050 1.03567879 0.003525
2.743862 1.01426343 0.003064
2.770078 1.02597187 0.005687
2.821815 1.03487470 0.004801
2.839034 1.02495294 0.005786
2.842949 1.02132587 0.006363
2.856411 1.02647779 0.003914
2.866031 1.03059762 0.004921
2.931828 1.03066725 0.007559
2.931854 1.02839299 0.007260
2.941968 1.02430562 0.006775
2.948178 1.02128856 0.005814
3.041927 1.02835069 0.006772
3.042039 1.03046133 0.004508
3.075190 1.02289854 0.004339
3.141279 1.01899409 0.005026
3.181847 1.02170788 0.006056
3.250766 1.01569638 0.006414
3.256210 1.01787754 0.004412
3.278595 1.01374693 0.004598
3.282320 1.00330404 0.003574
3.292190 1.00740943 0.004132
3.319183 1.00276990 0.003034
3.327897 1.00395742 0.006623
3.345771 1.00977743 0.005253
3.356388 1.00479980 0.007260
3.362463 1.01841733 0.005306
3.380595 1.00636432 0.007245
3.407088 1.00892340 0.006147
3.408208 1.00181056 0.004516
3.422044 1.00864379 0.007967
3.424308 1.01205311 0.006145
3.458936 0.99903057 0.003092
3.507416 1.00662198 0.006232
3.516553 1.00182182 0.003054
3.556629 1.00606640 0.005652
3.577169 0.99608378 0.005463
3.595442 0.99723797 0.004883
3.601202 0.99980988 0.007405
3.602258 1.00003991 0.005018
3.624221 0.98882503 0.006026
3.653788 0.99386954 0.004318
3.678658 0.99893440 0.003601
3.680007 0.99948759 0.007512
3.697459 0.98883816 0.007789
3.700024 0.99676240 0.007479
3.708656 0.99821057 0.005017
3.712331 1.00010701 0.003045
3.725991 0.99215715 0.003696
3.763094 0.99816972 0.005349
3.766344 0.99644382 0.004040
3.774717 0.99684194 0.007793
3.792208 0.99382931 0.006157
3.841100 0.99417779 0.003193
3.939658 0.98815336 0.006150
3.960937 1.00362476 0.007846
3.969107 0.99973998 0.006043
4.083347 0.98516155 0.003330
4.087578 0.99065754 0.006693
4.101815 0.99281977 0.006396
4.132311 0.99257218 0.007781
4.147246 0.99040796 0.007553
4.160823 0.98467491 0.007001
4.161809 0.98666694 0.004139
4.182404 0.99385037 0.005474
4.195593 0.99178654 0.003488
4.235013 0.99020120 0.004810
4.238767 0.98667061 0.006094
4.244925 0.98308011 0.006118
4.258254 0.98685940 0.005150
4.280885 0.98574524 0.007267
4.283850 0.98820250 0.005777
4.304533 0.97617740 0.004566
4.393156 0.97933510 0.007869
4.422559 0.97473180 0.006749
4.449465 0.97276414 0.004844
4.463663 0.97408575 0.006621
4.471244 0.98070446 0.007355
4.477167 0.97256338 0.004669
4.482225 0.97395299 0.006888
4.517795 0.97728393 0.007408
4.519377 0.97887095 0.003611
4.542090 0.97915690 0.004517
4.562981 0.97212940 0.003319
4.579892 0.97850132 0.004811
4.581414 0.98070253 0.003393
4.601135 0.96764400 0.005153
4.615041 0.97432639 0.007251
4.617277 0.97567529 0.004655
4.690953 0.98302753 0.005304
4.719676 0.98190466 0.007567
4.728959 0.96703034 0.005840
4.733378 0.98666869 0.007837
4.753558 0.97795518 0.003464
4.773131 0.97484036 0.005570
4.779435 0.98658258 0.003972
4.805978 0.98116437 0.003197
4.840582 0.99263566 0.003342
4.847086 0.99177656 0.007445
4.875574 0.98869294 0.005299
4.908154 0.98360711 0.006554
4.912303 0.98667823 0.006130
4.925560 0.99537556 0.007202
4.931011 0.99972541 0.007607
4.945281 0.99958102 0.004294
4.982120 0.98147887 0.006782
5.003233 0.98970067 0.003668
5.012249 0.99968235 0.006432
5.015547 1.00770434 0.003283
5.027163 1.00512623 0.006570
5.089307 1.01019658 0.007500
5.091568 1.00872589 0.007706
5.101050 0.99947671 0.005459
5.138208 1.01565888 0.004689
5.138929 1.01578863 0.005015
5.174830 1.01600710 0.003460
5.220312 1.02743217 0.003096
5.225546 1.02402012 0.003245
5.235995 1.02736556 0.007283
5.246690 1.01631200 0.004979
5.250493 0.97141003 0.007187
5.326959 1.02622422 0.004863
5.334855 1.02239881 0.004749
5.349177 1.01861060 0.006642
5.360089 1.02072352 0.004771
5.390657 1.02548793 0.007270
5.403908 1.03569505 0.005610
5.440372 1.02483056 0.006206
5.466035 1.02394550 0.005041
5.498734 1.01990928 0.003609
5.504753 1.03775893 0.006858
5.538853 1.09010963 0.004668
5.582382 1.02416077 0.005302
5.606049 1.02220571 0.005327
5.673228 1.02435178 0.004727
5.726732 1.00888717 0.003875
5.738292 1.01660309 0.006013
5.751626 1.01236233 0.003222
5.774364 1.00639993 0.006593
5.782306 1.01115411 0.006905
5.807276 1.00709804 0.004289
5.812666 0.99544113 0.005427
5.841715 1.01406360 0.006037
5.848890 1.01012665 0.004397
5.853491 1.00794783 0.004315
5.873996 1.01192677 0.005756
5.902261 1.00344856 0.005273
5.924184 1.00186977 0.003269
5.934862 1.01260856 0.004604
5.942420 0.99783788 0.007361
5.967486 1.00223191 0.007815
5.987378 0.99209120 0.006670
6.021695 0.99577679 0.004573
6.036744 1.00975822 0.005765
6.039979 1.00260076 0.003272
6.058388 1.00236523 0.007079
6.109897 0.99270433 0.006248
6.117418 0.99655689 0.003569
6.127306 1.00258347 0.004420
6.131232 0.99317464 0.003172
6.137440 1.00355704 0.007626
6.146193 0.99808495 0.006231
6.147255 1.00427587 0.003882
6.166375 1.00396111 0.005225
6.181334 1.00436352 0.005103
6.214684 0.99433834 0.005022
6.273704 1.00073258 0.004529
6.313628 0.99733954 0.003660
6.347692 0.99531291 0.005882
6.399843 0.99928491 0.003724
6.413288 0.99275040 0.006465
6.438922 1.00243190 0.007969
6.501522 0.99470093 0.007215
6.557670 0.99536758 0.007327
6.567768 0.98700891 0.004565
6.580216 0.99557930 0.006967
6.626383 1.00026956 0.007212
6.665548 0.98418854 0.003842
6.719009 0.99868078 0.007968
6.735427 0.99171773 0.006013
6.779845 0.98567409 0.003121
6.802300 0.98458323 0.006328
6.812738 0.98594900 0.006418
6.833418 0.98058273 0.003089
6.847698 0.98254291 0.006136
6.859359 0.99198181 0.005338
6.884964 0.97732928 0.007191
6.899115 0.97634984 0.004757
6.903844 0.98348334 0.006635
6.933201 0.98337567 0.004227
6.948351 0.97929514 0.004782
6.967249 0.98040937 0.006355
6.985639 0.97251517 0.006022
6.989060 0.96787690 0.005610
6.998824 0.97032530 0.005167
7.002038 0.98094028 0.006905
7.028129 0.97658953 0.003345
7.058392 0.96695909 0.007853
7.059476 0.97535306 0.005479
7.078984 0.97023777 0.007308
7.096731 0.98010031 0.005291
7.100266 0.97409670 0.006552
7.118216 0.97967210 0.005238
7.124906 0.97179411 0.006747
7.137814 0.95662400 0.004914
7.142201 0.97091118 0.007591
7.196690 0.97337790 0.006959
7.215656 0.97958223 0.006118
7.219788 0.97982827 0.005267
7.228909 0.98158410 0.005753
7.245477 0.98401105 0.004367
7.257083 0.97640984 0.003220
7.258848 0.97556174 0.004335
7.324321 0.98022683 0.007451
7.343258 0.99000057 0.003816
7.352754 1.01889177 0.004326
7.364972 0.98569973 0.007612
7.381561 0.99484868 0.004436
7.384978 0.98166393 0.005466
7.402293 0.99470775 0.004975
7.438469 0.98503108 0.004165
7.452225 1.00543169 0.007551
7.470274 0.99623049 0.004503
7.475965 0.98932304 0.006038
7.480379 0.99714205 0.003158
7.486521 1.00703099 0.003848
7.505351 1.00063982 0.006781
7.509355 1.00001424 0.006248
7.515660 1.00156163 0.005533
7.516275 1.00490957 0.004072
7.554542 1.00436325 0.007955
7.561235 1.00612720 0.004826
7.589871 1.01303779 0.003025
7.606347 1.01267425 0.005220
7.615375 1.01462642 0.006048
7.623987 1.01413884 0.006892
7.639642 1.01211607 0.007343
7.676422 1.01795790 0.006595
7.702866 1.02093621 0.007849
7.757415 1.02502332 0.005083
7.761537 1.01936009 0.004537
7.811333 1.03260843 0.005816
7.847873 1.02021709 0.005372
7.853483 1.02908398 0.004427
7.870040 1.02173255 0.003879
7.930210 1.02212308 0.007768
7.931147 1.01892412 0.005669
7.941061 1.03084331 0.003524
7.947544 1.02330223 0.004548
7.952776 1.02425138 0.005583
7.953019 1.02728508 0.005121
8.051997 1.01875310 0.003379
8.062421 1.01814171 0.007460
8.066567 1.02005029 0.005394
8.082273 1.02297532 0.007171
8.103676 1.02016495 0.003763
8.141458 1.02077401 0.006529
8.170445 1.02296771 0.003080
8.224310 1.01152593 0.005799
8.225399 1.00974636 0.004292
8.313779 1.01125528 0.006967
8.319955 1.00490472 0.003238
8.332036 1.00589248 0.004143
8.368492 0.99861897 0.007847
8.375950 0.99968213 0.007066
8.394284 1.00770112 0.006900
8.401447 1.00125404 0.006180
8.408444 1.00090146 0.003435
8.429708 1.00033085 0.003327
8.443410 1.00810699 0.005544
8.489269 1.00305675 0.007579
8.510880 1.00066774 0.007172
8.541571 1.00504498 0.004507
8.593817 0.99453110 0.004835
8.598492 0.95374353 0.006655
8.600350 0.99735722 0.006057
8.622508 1.00112320 0.003114
8.638499 0.99719832 0.005867
8.644030 0.99899935 0.005148
8.659701 1.01273336 0.003602
8.661151 0.99548892 0.004599
8.674469 0.98873576 0.004277
8.683369 0.99725646 0.003195
8.778997 1.00509760 0.004609
8.788267 1.00255635 0.006187
8.797258 0.99745988 0.004743
8.813387 1.00775263 0.005351
8.845835 1.00629526 0.004623
8.860168 1.00627224 0.004353
8.862681 1.00412443 0.007296
8.866822 0.99790670 0.003129
8.873203 0.99909696 0.005655
8.948993 0.99654238 0.004547
8.954827 0.99293087 0.007443
8.967721 0.99938936 0.003098
8.968536 1.00225628 0.005449
9.000195 0.98759399 0.007200
9.012038 0.99808368 0.006761
9.020872 0.99170723 0.004610
9.028677 0.99885434 0.007801
9.060870 0.99213776 0.005163
9.064476 0.99263981 0.007776
9.070302 0.98995740 0.006802
9.071356 0.99107733 0.004148
9.076877 0.99774323 0.004657
9.106009 0.99555117 0.005621
9.106299 0.99966092 0.006949
9.110790 0.99903723 0.006855
9.129843 0.98965295 0.005270
9.220407 0.99736636 0.005536
9.234390 0.98366816 0.006008
9.253114 0.99108620 0.005844
9.276621 0.98971398 0.004436
9.307943 0.98539328 0.004085
9.313960 0.98393804 0.005473
9.322803 0.96738585 0.006305
9.330295 0.97855150 0.007737
9.404238 0.98634855 0.003734
9.447453 0.98262844 0.005292
9.477965 0.97726426 0.007451
9.494988 0.97052139 0.005605
9.560307 0.91449504 0.005495
9.583246 0.96557829 0.004650
9.599890 0.96742498 0.003429
9.620265 0.97811394 0.006052
9.633214 0.97537078 0.004067
9.645163 0.97725343 0.004905
9.657356 0.97224753 0.005453
9.715905 0.97245945 0.005009
9.727657 0.97774314 0.007240
9.736301 0.97538610 0.007493
9.738357 0.97334268 0.006323
9.739256 0.97269816 0.006933
9.742245 0.96987611 0.003080
9.749558 0.97642162 0.006470
9.754967 0.99422487 0.003359
9.768071 0.98135691 0.006597
9.770531 0.97935367 0.007947
9.813125 0.98687048 0.004164
9.819606 0.91066910 0.007313
9.834982 0.99054835 0.003076
9.850551 0.98041784 0.004377
9.898471 0.98506239 0.006349
9.972502 0.99666918 0.006387
9.980360 0.99793336 0.003619
9.991668 1.00809237 0.005380
9.993692 1.00510797 0.004589
10.024434 1.00182783 0.006345
10.027074 1.00679559 0.005833
10.057457 0.99945190 0.005778
10.112730 1.00387226 0.003784
10.130320 1.00669229 0.004091
10.131904 1.00728683 0.004556
10.139850 1.01427554 0.004567
10.140722 1.01186183 0.005889
10.153581 1.01289258 0.007045
10.196857 1.01310617 0.007955
10.205914 1.01872346 0.004300
10.220721 1.01622336 0.006438
10.223281 1.02112535 0.006305
10.229401 1.02794671 0.006837
10.252031 1.01492891 0.004839
10.252245 1.01867257 0.005757
10.260210 1.01075856 0.003350
10.278646 1.01792134 0.005502
10.284104 1.01991504 0.007097
10.294954 1.03043692 0.003818
10.300312 1.02692300 0.003437
10.358155 1.01798925 0.003649
10.365008 1.02329619 0.006881
10.386178 1.02349688 0.006298
10.411552 1.02843114 0.004563
10.422302 1.02889796 0.006742
10.422382 1.12125454 0.004039
10.447329 1.02661324 0.007119
10.452938 1.02687951 0.006431
10.462481 1.02661741 0.006751
10.472069 1.02013071 0.004071
10.487920 1.03117325 0.003257
10.507773 1.01881778 0.006318
10.510893 1.04316761 0.003855
10.515478 1.02156228 0.004386
10.548733 1.01986350 0.003129
10.548833 1.02616126 0.005373
10.560635 1.02161374 0.004819
10.626569 1.02545577 0.003003
10.635873 1.01240009 0.007441
10.669725 1.01628963 0.006559
10.716498 1.01477349 0.003398
10.733206 1.01155637 0.006931
10.756313 1.01338828 0.006554
10.762421 1.01060157 0.006131
10.773421 1.00221392 0.004015
10.795303 1.01076015 0.003050
10.807980 1.01614296 0.005828
10.835321 1.00971482 0.007099
10.861805 0.99676483 0.004101
10.914270 1.00704519 0.004445
10.933229 0.99802368 0.003131
10.952101 1.00336751 0.006037
10.960403 1.00306248 0.006068
10.966059 0.99726967 0.005220
10.970102 1.00816151 0.007454
10.971970 1.01075185 0.005392
10.974230 1.00588454 0.006113
10.984763 1.00818806 0.004643
10.996609 0.99777192 0.006066
11.006826 1.00284471 0.006996
11.122338 1.00643515 0.006213
11.176822 1.00092314 0.005411
11.197453 0.99508775 0.007200
11.198004 0.99951963 0.003005
11.208274 0.99898058 0.007557
11.263068 0.99593190 0.004639
11.309877 0.99903863 0.004132
11.347960 1.00489554 0.007432
11.379326 0.99208433 0.006537
11.410643 1.00035651 0.004076
11.414534 1.00378256 0.004174
11.422009 0.99947419 0.005520
11.437030 0.99915102 0.007526
11.505656 1.00357083 0.003674
11.513547 1.00140399 0.005485
11.518406 0.99341899 0.005094
11.540256 0.99934595 0.004620
11.550257 0.99345520 0.006720
11.563463 1.00786477 0.003066
11.578363 0.99742673 0.005127
11.584946 0.99070944 0.005131
11.594288 0.99801727 0.005600
11.623622 0.98733322 0.007095
11.639136 0.99272155 0.004922
11.670588 0.98969295 0.006344
11.674922 0.99452534 0.007731
11.708840 0.98515623 0.007757
11.721834 0.98567649 0.006617
11.753147 0.99174527 0.007158
11.765799 0.98067449 0.006989
11.766972 0.98424073 0.003587
11.800381 0.98562217 0.005282
11.809296 0.98499663 0.003658
11.818660 0.98961929 0.005622
11.822452 0.98438929 0.004854
11.831097 0.98308662 0.005288
11.839091 0.97891183 0.003991
11.887546 0.97848535 0.004013
11.988607 0.96662162 0.004038
11.995279 0.97845159 0.005231
12.015341 0.97122729 0.006682
12.036836 0.97442701 0.003665
12.064297 0.97001377 0.003331
12.196340 0.98038467 0.003969
12.208287 0.98274065 0.007138
12.247583 0.98471121 0.004287
12.286172 0.97724601 0.005929
12.319637 0.99419594 0.007716
12.359243 0.98605913 0.005989
12.379545 0.98903249 0.006198
12.380085 0.98813541 0.006005
12.404192 0.98896968 0.004985
12.418480 0.98839444 0.004220
12.428674 0.99907594 0.003975
12.458508 0.99583627 0.006580
12.459057 0.99043267 0.007982
12.468903 0.99464358 0.003335
12.484807 0.99550534 0.006849
12.504479 0.99043810 0.003342
12.528440 1.00910693 0.007423
12.528458 1.00962173 0.006913
12.534491 1.00675652 0.003947
12.545256 1.01205005 0.004897
12.572116 0.99335747 0.003434
12.574706 1.00946418 0.007978
12.577048 1.01202024 0.005701
12.590346 1.01000926 0.004598
12.613968 1.01179919 0.004629
12.630819 1.01957846 0.006937
12.646407 1.01398803 0.007866
12.661326 1.01864311 0.007662
12.670421 1.01359333 0.004439
12.671703 1.02025700 0.004327
12.703042 1.02828034 0.004411
12.708837 1.01515524 0.007218
12.713729 1.01483034 0.003762
12.761857 1.01345793 0.007378
12.790072 1.02535269 0.004453
12.799612 1.01891897 0.004483
12.817004 1.02037116 0.007175
12.818731 1.02170764 0.004585
12.823722 1.03147452 0.006744
12.829825 1.02247823 0.004520
12.831021 1.02587528 0.007515
12.844335 1.01244860 0.006257
12.873473 1.02059660 0.003625
12.888678 1.02635830 0.007340
12.906160 1.02695211 0.004556
12.907111 1.02225727 0.006274
12.965021 1.02934457 0.007994
12.968927 1.02361858 0.003299
12.979591 1.03144697 0.005393
12.994050 1.01859160 0.007899
13.027396 1.02274818 0.003102
13.030433 1.01943648 0.004808
13.041156 1.01934961 0.006543
13.045304 1.02084696 0.004892
13.087407 1.02502602 0.005816
13.095312 1.01946179 0.007425
13.114902 1.02622930 0.007940
13.127339 1.01851656 0.004738
13.140737 1.02288241 0.005881
13.164179 1.01041396 0.005567
13.196484 1.00933531 0.004166
13.209948 1.01265366 0.003913
13.215590 1.01723463 0.003428
13.236686 1.01052868 0.003717
13.263658 1.01024974 0.003169
13.295195 1.01111453 0.005995
13.296315 1.01789789 0.006686
13.317423 1.01440669 0.005483
13.324383 1.01169587 0.006614
13.346771 1.00946507 0.003556
13.382070 1.00589548 0.007028
13.389646 0.99988756 0.004153
13.398329 1.00651555 0.004876
13.417102 1.00184934 0.003682
13.433392 1.00382423 0.006815
13.442614 0.99811349 0.004828
13.494705 1.00256027 0.004704
13.572060 1.00523404 0.005084
13.577678 1.00094917 0.005255
13.582308 0.99841924 0.005965
13.585338 1.00564758 0.006308
13.585517 0.98958725 0.007147
13.593276 1.00476496 0.005734
13.603303 1.01284563 0.005995
13.608452 0.99841401 0.004789
13.683021 1.00088011 0.005991
13.697608 1.01850787 0.004899
13.711211 0.99113111 0.007203
13.715032 1.01086360 0.006021
13.796414 1.00496998 0.007981
13.824721 1.01243137 0.005884
13.825152 1.00195041 0.007905
13.829878 0.99363937 0.003944
13.831880 0.99796261 0.005779
13.833589 1.01285673 0.005831
13.853780 1.00053425 0.007681
13.874030 0.99474650 0.005560
13.885381 0.99977345 0.007496
13.890169 1.00342232 0.006314
13.931594 1.00081779 0.007738
13.935251 1.00762039 0.003360
13.951532 0.99848358 0.003429
13.974237 0.99172126 0.004183
13.996583 1.00330030 0.007238
14.020905 1.00605741 0.005118
14.028845 0.99280729 0.003291
14.053966 1.00023163 0.007167
14.057229 0.99207059 0.007142
14.057690 0.99918031 0.005936
14.095185 0.99578635 0.004723
14.120726 0.99258315 0.004469
14.131508 1.00133534 0.003745
14.163409 0.98592855 0.004265
14.197424 0.98966388 0.007147
14.221065 1.00023909 0.005337
14.222067 0.98998320 0.003576
14.222759 0.98644624 0.003275
14.243116 0.98053558 0.007715
14.263301 0.99662387 0.005778
14.284431 0.99693770 0.003866
14.320423 0.98556063 0.007690
14.329534 0.98515634 0.006562
14.358003 0.98040908 0.006185
14.384224 0.97749245 0.004910
14.390437 0.97651692 0.007387
14.404220 0.97573146 0.006486
14.418643 0.96935751 0.005150
14.449791 0.97903070 0.004254
14.455422 0.97592122 0.004633
14.540648 0.96540589 0.005105
14.549559 0.98034366 0.007048
14.556121 0.96815857 0.007788
14.577743 0.97274176 0.003682
14.612234 0.97227201 0.004921
14.612370 0.96925304 0.007478
14.622554 0.97643220 0.004101
14.697313 0.98116888 0.003702
14.706952 0.96964294 0.004130
14.715602 0.97788573 0.003773
14.716183 0.97477354 0.003678
14.724947 0.97654507 0.005962
14.751975 0.98106807 0.006386
14.755640 0.98946247 0.004168
14.757395 0.99200642 0.006956
14.771463 0.98319823 0.005816
14.789660 0.97848811 0.007217
14.811535 0.97873270 0.006498
14.857896 0.99031184 0.003312
14.874109 0.98306518 0.003017
14.937318 1.00228525 0.003144
14.967102 0.99768871 0.006927
15.034718 1.00197007 0.004610
15.067317 1.00501438 0.003348
15.071345 1.00412380 0.003005
15.093200 1.02077793 0.003104
15.107290 1.00671227 0.004244
15.116754 1.00694459 0.004836
15.158102 1.02224086 0.007270
15.187190 1.01949308 0.007949
15.189155 1.01760719 0.003109
15.210067 1.02393463 0.007391
15.211887 1.01319258 0.003152
15.214062 1.01940182 0.006982
15.226923 1.02086636 0.005333
15.234370 1.02439930 0.005877
15.241851 1.02121525 0.004652
15.250325 1.02234367 0.003101
15.259169 1.02663604 0.005648
15.271490 1.02373736 0.004081
15.276101 1.02471355 0.003903
15.281256 1.03007269 0.003452
15.285467 1.02350804 0.007035
15.293826 1.02194808 0.004055
15.295639 1.02516564 0.004281
15.328085 1.02544053 0.006638
15.334568 1.01936757 0.003177
15.352011 1.02355966 0.007810
15.369009 1.02488348 0.005168
15.375490 1.02189767 0.006660
15.379613 1.01819560 0.006590
15.446306 1.02623678 0.006577
15.469171 1.02768964 0.004231
15.475434 1.01790128 0.006364
15.531672 1.02934217 0.004410
15.548767 1.02776479 0.007893
15.556443 1.02631573 0.004640
15.573636 1.01674322 0.004645
15.611657 1.02829405 0.004577
15.614596 1.00766378 0.003827
15.633815 1.02239708 0.006988
15.643694 1.01070071 0.003845
15.707884 1.02251603 0.007512
15.729494 1.00963542 0.006859
15.773893 1.01311594 0.003106
15.776498 1.01611453 0.005587
15.801526 1.02140925 0.004411
15.801933 1.02042486 0.003155
15.809845 1.00691799 0.006001
15.832060 1.01067639 0.004647
15.846152 1.00410030 0.006596
15.867157 1.00219249 0.005703
15.878305 1.01665463 0.003871
15.907602 1.00437248 0.004731
15.937123 1.00567213 0.005305
15.958456 1.00930426 0.006376
15.961280 1.00182539 0.006986
15.968418 1.00913966 0.004709
15.968916 0.99826028 0.006412
15.977265 1.00567507 0.003061
15.991486 0.99799434 0.007321
15.997658 1.00307834 0.005076
16.037625 1.00075064 0.004109
16.058595 0.99876595 0.006353
16.102976 0.99276816 0.006332
16.167890 0.99601625 0.005522
16.188091 1.00301490 0.004450
16.207693 1.00398946 0.005667
16.244281 0.99097164 0.006730
16.259106 1.00264012 0.004730
16.260786 1.00389942 0.004250
16.295458 0.99799857 0.006432
16.309316 0.99934012 0.005729
16.311015 1.00159984 0.004660
16.344314 1.00062408 0.005565
16.358715 0.99795395 0.003525
16.390273 0.99900485 0.005151
16.412793 0.99447451 0.007819
16.416174 1.00401080 0.006793
16.424554 0.99681281 0.005715
16.442352 0.99715787 0.006137
16.447732 0.99189061 0.006683
16.458898 0.99810084 0.007924
16.473966 0.98899709 0.007190
16.486688 1.00102332 0.005823
16.492126 0.99510395 0.003069
16.496481 0.99234973 0.003111
16.550031 0.99773211 0.006071
16.552760 0.99876653 0.007350
16.552989 1.00282217 0.003122
16.625884 0.98730965 0.007074
16.627351 0.98998143 0.006334
16.656877 0.98488605 0.007336
16.687711 0.99143816 0.006585
16.692652 0.99562978 0.006266
16.729955 0.98675499 0.004145
16.769330 0.98741748 0.005714
16.792673 0.97899941 0.006682
16.809924 0.98144688 0.007845
16.851081 0.98865124 0.005801
16.866292 0.99442039 0.005686
16.870565 0.98208645 0.007146
16.892544 0.98300710 0.004587
16.900649 0.96529629 0.004020
16.901173 0.97746409 0.005490
16.903739 0.98295907 0.005726
16.940399 0.98325393 0.007164
16.942295 0.97943126 0.004556
16.989167 0.97197274 0.007585
17.006157 0.91634125 0.004157
17.052846 0.97081474 0.004028
17.053235 0.96549578 0.005765
17.068518 0.97228779 0.005882
17.096652 0.97232770 0.006499
17.110858 0.96708702 0.006645
17.112399 0.96276074 0.003001
17.142113 0.98010971 0.004201
17.144585 0.97885052 0.007879
17.176536 0.97913344 0.007770
17.194520 0.98518192 0.004428
17.199725 0.97288466 0.003095
17.236318 0.97189865 0.003984
17.246511 0.98161511 0.003078
17.276558 0.97825053 0.003661
17.298300 0.98290875 0.005130
17.300052 0.98412540 0.007031
17.300180 0.97412612 0.006592
17.323425 0.98129137 0.007236
17.332023 0.99124106 0.005651
17.383464 0.98516779 0.007582
17.416273 0.98223100 0.003855
17.434940 0.99819053 0.003310
17.447700 0.99993765 0.006173
17.468758 1.00071542 0.007162
17.482894 0.99327387 0.004968
17.483120 1.00311574 0.003569
17.505219 0.99816367 0.007669
17.516190 1.00397321 0.003908
17.519819 0.99941754 0.005282
17.526198 0.99788560 0.004760
17.527245 1.01331610 0.007577
17.549642 1.00039279 0.003131
17.603939 1.01342593 0.003443
17.617927 0.99749727 0.005025
17.621257 1.02298828 0.003195
17.658607 1.01988873 0.005567
17.661484 1.01544567 0.007005
17.686251 1.02234347 0.005562
17.716648 1.02229305 0.005215
17.738502 1.02224982 0.007939
17.793873 1.02411791 0.005590
17.795030 1.03788103 0.007762
17.813323 1.01910948 0.003944
17.824678 1.02369298 0.007120
17.849996 1.03197050 0.003083
17.882779 1.04114665 0.006445
17.903534 1.02258495 0.004907
17.924240 1.02777162 0.005449
17.925766 1.02710724 0.005311
17.994293 1.02784291 0.003228
18.010389 1.01553501 0.005768
18.012742 1.03309486 0.006289
18.014145 1.03219211 0.005724
18.046757 1.02970865 0.004685
18.050626 1.02097967 0.007385
18.059027 1.02168143 0.007833
18.074882 1.03644510 0.007934
18.085731 1.02068472 0.007642
18.098686 1.02314618 0.003622
18.117407 1.01841592 0.007686
18.126931 1.02907165 0.004606
18.133227 1.02060104 0.007352
18.139497 1.02133837 0.005606
18.145113 1.01058195 0.007250
18.169054 1.01396373 0.007282
18.193508 1.01820894 0.003021
18.229649 1.01346816 0.006012
18.244812 1.02348438 0.004032
18.248703 1.01625669 0.006524
18.248964 1.01909932 0.007060
18.267277 1.01578948 0.004250
18.267721 1.01780919 0.003200
18.289375 1.00444003 0.005588
18.345238 1.00904057 0.006061
18.347651 1.00092594 0.004642
18.350060 1.00158127 0.006088
18.355077 1.00971458 0.005793
18.395965 1.00519791 0.006633
18.399737 1.00004801 0.005541
18.407177 1.00723522 0.004358
18.409245 0.99667091 0.007564
18.442923 1.00428409 0.005189
18.463385 1.00992029 0.007388
18.483562 0.99545896 0.006832
18.506535 1.00937637 0.005624
18.526301 0.99919107 0.005167
18.539516 1.00520532 0.006064
18.543963 1.00827266 0.004555
18.545843 1.00853629 0.005919
18.586753 0.99284569 0.003836
18.593325 0.99485724 0.006783
18.614054 0.99028716 0.005992
18.629415 0.99440506 0.005183
18.704340 1.00487208 0.006907
18.721582 0.99925781 0.004169
18.789171 0.99521655 0.004754
18.793174 1.00111856 0.005916
18.797075 1.00142051 0.003445
18.819197 0.98989266 0.007181
18.921335 1.00842207 0.005548
18.981906 1.00503625 0.005276
18.994307 0.99086040 0.003236
19.056409 1.00126206 0.006616
19.059310 0.99533449 0.005773
19.074719 0.99693480 0.005388
19.088041 0.99017556 0.006366
19.107023 0.99391291 0.006424
19.160058 0.99429451 0.005960
19.170387 0.99188464 0.006279
19.179031 0.99823864 0.004045
19.187182 0.99671119 0.003191
19.190877 0.99053473 0.004336
19.191806 0.98628556 0.006870
19.216645 0.99219031 0.007605
19.235114 0.99257250 0.007638
19.237016 0.98709419 0.004713
19.241402 0.98666401 0.004264
19.241846 0.98010786 0.007300
19.249414 1.01552544 0.005244
19.283248 0.99183772 0.007771
19.316451 0.98960399 0.007847
19.317711 0.99099327 0.006868
19.325022 0.97692323 0.003753
19.366472 0.97910465 0.003132
19.461828 0.96988866 0.003575
19.482387 0.98422403 0.004731
19.496194 0.97278072 0.003032
19.501188 0.97688226 0.004176
19.508438 0.97101172 0.006067
19.509414 0.97338717 0.007457
19.535061 0.98391666 0.006346
19.587731 0.97353754 0.006115
19.646382 0.96578070 0.006493
19.652562 0.96342657 0.004240
19.698478 0.97731567 0.005701
19.707476 0.97377782 0.007305
19.713913 0.98009022 0.005531
19.742971 0.97761354 0.006425
19.780643 0.97687061 0.004233
19.807561 0.98387407 0.005680
19.821345 0.98904472 0.007447
19.828808 1.05478558 0.004687
19.850374 0.98686885 0.004196
19.855752 0.98726595 0.003021
19.865445 0.98561495 0.005928
19.868534 0.98676719 0.007027
19.873873 0.98527683 0.005822
19.906042 0.99300608 0.004626
19.906733 0.99357930 0.003335
19.911936 0.99361958 0.006309
19.930901 0.94353182 0.003802
19.933327 0.99194097 0.005471
19.938259 0.98817204 0.004139
20.010185 1.00363177 0.007093
20.019264 0.99366526 0.007490
20.029871 0.99405836 0.007413
20.032136 1.00825787 0.005339
20.053503 1.00669891 0.007567
20.093406 1.00177221 0.005662
20.107054 1.00908333 0.006085
20.135760 1.01131492 0.005384
20.153249 1.02161826 0.006580
20.193078 1.01905543 0.007652
20.201578 1.02720560 0.003876
20.208854 1.02458915 0.003581
20.243847 1.02768058 0.007773
20.265673 1.01996440 0.003454
20.297064 1.02543398 0.006457
20.308580 1.02144323 0.003023
20.324947 1.03033562 0.007280
20.330676 1.02431743 0.004012
20.386527 1.01965510 0.005505
20.396078 1.03042254 0.003261
20.407781 1.02789231 0.005688
20.444625 1.02501709 0.004823
20.447517 1.02757044 0.006224
20.508865 1.01986097 0.005724
20.582688 1.01616673 0.004092
20.588757 1.01944516 0.004173
20.596829 1.02393477 0.007803
20.601556 1.02199890 0.007970
20.635788 1.02361805 0.003185
20.637695 1.00735319 0.004627
20.651200 1.02314301 0.004598
20.654670 1.01007347 0.004566
20.672233 1.02787149 0.004929
20.681663 1.01797555 0.005247
20.722531 1.01540234 0.006047
20.723605 1.01271069 0.004477
20.740442 1.00833782 0.006944
20.787715 1.00784010 0.004339
20.827320 1.01682874 0.003167
20.845015 1.00829504 0.005573
20.853766 1.00321255 0.003080
20.872811 1.00007014 0.004404
20.882604 1.00315482 0.007510
20.883682 1.00933470 0.005440
20.887485 1.01113102 0.006784
20.892364 0.99957945 0.003566
20.911077 1.01294021 0.003829
20.923645 1.02724813 0.005687
20.938294 1.00894563 0.005441
20.966960 1.00008795 0.006526
20.971713 1.00165560 0.006987
21.003170 1.00770220 0.004054
21.021749 1.00833854 0.004803
21.023582 0.99620112 0.003449
21.034719 1.00278011 0.003688
21.054153 1.00357143 0.007087
21.076563 1.00440582 0.006153
21.177137 1.00446360 0.003304
21.252674 1.00014285 0.003749
21.257986 0.99934106 0.003973
21.275201 1.00095464 0.004017
21.276996 1.00069278 0.003326
21.304429 1.00139375 0.006118
21.310490 0.99884169 0.007860
21.337502 1.01090091 0.005248
21.352050 0.99978991 0.003619
21.416652 0.99558355 0.005788
21.451205 1.00516666 0.005939
21.524534 1.00330684 0.003852
21.525437 0.99799003 0.005163
21.538101 0.99958878 0.005686
21.563599 0.99972796 0.005046
21.589576 0.99191699 0.003177
21.592523 0.99445740 0.003673
21.602370 0.98976512 0.005582
21.610365 0.99569288 0.006059
21.762303 0.98772418 0.005338
21.771070 0.98367868 0.005980
21.775178 0.98652336 0.007470
21.810491 0.98904034 0.007776
21.815063 0.98817859 0.004301
21.821515 0.97869118 0.006413
21.833841 0.98478431 0.006503
21.839261 0.98201991 0.006961
21.857903 0.98102289 0.003227
21.859387 0.98197536 0.004774
21.876000 0.97404847 0.004438
21.876774 0.98014698 0.004242
21.929098 0.97237434 0.003182
21.952307 0.97406736 0.004856
21.978366 0.97415681 0.007499
21.989717 0.97774655 0.003874
22.011706 0.97050547 0.004278
22.078711 0.96643989 0.005315
22.105744 0.97827957 0.004309
22.105824 0.98523479 0.005730
22.117978 0.97673405 0.007207
22.135927 0.97959564 0.005499
22.146492 0.98420014 0.007081
22.181108 0.97811101 0.006898
22.223167 0.97547528 0.004298
22.223696 0.97027308 0.006741
22.248599 1.00619275 0.004353
22.267339 0.97788011 0.005114
22.267835 0.98845854 0.004799
22.275915 0.97779785 0.005645
22.305330 0.98612760 0.007665
22.332862 0.98006331 0.005909
22.334889 0.98859059 0.006993
22.338099 0.97916598 0.006098
22.361677 0.99135012 0.004165
22.370066 0.98664753 0.005044
22.401048 0.98799327 0.003975
22.409030 0.98273790 0.005202
22.446510 0.99083903 0.007944
22.452472 0.98933871 0.003968
22.461755 1.00057854 0.007526
22.474438 0.99242473 0.005259
22.481563 1.00281619 0.007465
22.500274 1.00113933 0.006589
22.547659 1.00833794 0.005699
22.605505 1.00475789 0.006135
22.612023 1.00343210 0.003118
22.629811 1.01225189 0.003961
22.661245 1.01354207 0.004285
22.682935 1.01360329 0.006274
22.698255 1.02482215 0.007319
22.753038 1.01740870 0.004973
22.795010 1.02467468 0.004981
22.802987 1.02572338 0.007486
22.811436 1.01726579 0.007014
22.815806 1.02482937 0.006188
22.818688 1.02115050 0.007242
22.875265 1.02455007 0.003500
22.888278 1.03190158 0.007809
22.941003 1.02076829 0.003091
22.995980 1.02482923 0.003959
23.004994 0.95330135 0.003627
23.057741 1.01415116 0.003509
23.066105 1.02983384 0.003209
23.088011 1.01139881 0.005044
23.107289 1.02164733 0.003218
23.119451 1.02031741 0.007736
23.152650 1.02174984 0.006381
23.172156 1.02514273 0.004940
23.219225 1.01591695 0.006241
23.237983 1.01438439 0.005660
23.264532 0.98436202 0.007315
23.354687 1.00636115 0.006644
23.368679 1.01453481 0.006674
23.435308 0.99940565 0.005833
23.443669 1.00061594 0.005411
23.444238 1.01361352 0.006213
23.461094 1.00338035 0.003779
23.476793 1.00517495 0.005377
23.489821 0.99662985 0.006462
23.545436 1.00173284 0.006142
23.559722 0.99524141 0.007216
23.590762 1.00296012 0.006993
23.608082 1.00544911 0.003278
23.627614 1.00047751 0.004181
23.631664 1.00882232 0.005486
23.640662 1.00481384 0.004378
23.653797 0.99323755 0.004078
23.705816 1.00138392 0.004662
23.709461 1.00315282 0.003429
23.719863 1.00634303 0.004454
23.730670 1.00699253 0.006183
23.752868 1.00536473 0.006628
23.755735 0.99948612 0.005440
23.760070 0.99707820 0.007769
23.799368 0.99407085 0.005213
23.808293 1.00218924 0.005732
23.825106 0.99874783 0.007964
23.906413 1.00814738 0.004364
23.933132 0.96193270 0.007743
23.934887 1.00231305 0.005109
23.942464 1.00474408 0.004224
23.972393 0.99047224 0.004876
23.977452 1.00244348 0.006223
23.978055 1.00075200 0.005077
24.100879 0.98496442 0.007664
24.133918 0.99573432 0.004820
24.136466 0.98863569 0.004129
24.136844 0.98846510 0.005231
24.199176 0.99776664 0.006572
24.271725 0.98682527 0.006288
24.289335 0.98583072 0.005527
24.291674 0.98167725 0.006033
24.311369 0.98077360 0.004488
24.356725 0.98126418 0.006011
24.369681 0.97842545 0.007395
24.371428 0.97856872 0.007446
24.372305 0.98031243 0.005333
24.380367 0.97119519 0.004685
24.386037 0.98058945 0.007349
24.445064 0.97284177 0.006150
24.446282 0.97249734 0.005478
24.508696 0.97652133 0.006303
24.544031 0.96721303 0.007724
24.561289 0.96741182 0.005744
24.577955 0.92827795 0.004590
24.583078 0.97652154 0.004514
24.590326 0.96670065 0.004938
24.604414 0.96655968 0.005461
24.613753 0.98349786 0.004477
24.616983 0.97948612 0.005763
24.659867 0.97496155 0.006149
24.707582 0.97774899 0.004331
24.735759 0.98671822 0.004518
24.752530 0.97841811 0.007763
24.776075 0.98412341 0.007876
24.816469 0.98733088 0.006572
24.840411 0.98947454 0.007333
24.842186 0.98230991 0.005621
24.882104 0.98609966 0.004997
24.885766 0.98325413 0.005761
24.894294 0.99354640 0.007463
24.927969 0.98793723 0.005373
24.963919 0.98425190 0.004122
24.970525 0.99409143 0.007816
25.003577 1.00019786 0.005513
25.008301 0.99184383 0.007862
25.019819 1.00096887 0.003158
25.033727 1.00232715 0.004406
25.068640 1.00883343 0.004190
25.074558 1.00853467 0.004949
25.075859 1.00319213 0.003522
25.163899 1.01948931 0.006970
25.164066 1.01053564 0.005150
25.192926 1.01632424 0.005735
25.219846 1.01953228 0.004563
25.224099 1.02069881 0.004782
25.252095 1.00928973 0.005145
25.253472 1.02581102 0.005228
25.267215 1.02944010 0.007512
25.289460 1.02087653 0.003964
25.304461 1.01765912 0.004074
25.334086 1.02713920 0.003159
25.385663 1.02208755 0.005446
25.436422 1.02411401 0.003927
25.448333 1.03320485 0.003559
25.456975 1.02553998 0.006784
25.492944 1.01427590 0.004260
25.511510 1.02271183 0.006233
25.526556 1.02821669 0.006892
25.544855 1.02506983 0.006007
25.564518 1.02655984 0.003263
25.570929 1.02895911 0.004764
25.574162 1.03245213 0.003832
25.619932 0.98825561 0.005567
25.658958 1.02252888 0.006205
25.662990 1.01954380 0.003502
25.671833 1.00663250 0.005329
25.686629 1.01483049 0.004535
25.695580 1.01121937 0.007840
25.758742 1.00551663 0.003408
25.768465 1.00852290 0.004580
25.807032 1.00640187 0.007852
25.851925 1.00499102 0.004522
25.897137 1.00551966 0.004790
25.935596 1.00128209 0.005239
25.948552 1.00384750 0.007530
25.972637 1.00933770 0.004628
26.002230 1.00205857 0.004794
26.003923 1.00078904 0.004252
26.020489 1.00633674 0.004127
26.029448 1.00554465 0.003125
26.083246 0.99495470 0.006802
26.103596 0.99812680 0.007916
26.117989 0.99654642 0.006484
26.141528 0.99523752 0.006347
26.159849 0.99464740 0.003773
26.195795 1.03456564 0.005438
26.199385 0.99697920 0.006759
26.204178 0.99738904 0.007755
26.215332 1.00340671 0.006556
26.233208 0.99454762 0.004789
26.241119 0.99739088 0.006293
26.302876 0.98964136 0.005858
26.315451 1.07523799 0.006224
26.355049 0.99744091 0.006510
26.390468 1.00908512 0.004646
26.404342 0.99410492 0.004354
26.408061 0.99449913 0.004048
26.477518 1.00145104 0.004076
26.489017 1.00096244 0.007469
26.502969 0.99903364 0.006038
26.504360 1.00406150 0.003749
26.553335 0.99924473 0.007173
26.569580 0.99489443 0.007851
26.578924 0.99568334 0.007674
26.628260 1.00125499 0.003889
26.643718 0.99758679 0.003332
26.679196 0.99395004 0.003847
26.703750 0.99201672 0.003448
26.707449 0.98883654 0.004324
26.744543 0.99464616 0.003448
26.752915 0.99290977 0.005602
26.773952 0.98376416 0.003594
26.820471 0.98876467 0.004079
26.850705 0.98011865 0.007283
26.874427 0.98037924 0.005981
26.879939 0.98301773 0.007473
26.897015 0.98032249 0.006999
26.897564 0.98032842 0.006539
26.932060 0.97676148 0.003950
26.942371 0.97300227 0.005923
26.944355 0.97488461 0.006243
26.971348 0.97394094 0.003410
26.977962 0.97596130 0.004956
27.041087 0.97049095 0.003775
27.063648 0.97343545 0.006882
27.063731 0.97382542 0.006875
27.076708 0.97212508 0.006676
27.115537 0.97878209 0.007438
27.135057 0.97308210 0.007163
27.140823 0.97409437 0.003278
27.180268 0.98270433 0.007103
27.204652 0.97592268 0.005463
27.216185 0.98045458 0.007789
27.232946 0.96396626 0.005511
27.252501 0.97573367 0.003122
27.340932 0.98422384 0.007005
27.369591 0.99056154 0.006567
27.370128 0.98755903 0.007136
27.415452 0.99076296 0.005079
27.472807 1.00553403 0.004689
27.504445 0.99410228 0.004573
27.531678 1.00459331 0.007269
27.544044 0.99422973 0.003428
27.563308 1.01314556 0.003885
27.567786 1.01386213 0.004204
27.572886 1.01499970 0.005221
27.597412 1.00784341 0.006312
27.615837 1.01078170 0.006655
27.626761 1.01179976 0.004541
27.640468 1.01256393 0.006414
27.642697 1.02123961 0.004882
27.657509 1.00743992 0.005317
27.671595 1.02315005 0.004484
27.682506 1.00642004 0.006503
27.699913 1.01701402 0.003665
27.711750 1.02750753 0.007578
27.722712 1.01562311 0.005219
27.729690 1.01998921 0.003210
27.865667 1.02450234 0.003900
27.908047 1.01625807 0.004240
27.913462 1.02663982 0.007121
27.924989 1.02265757 0.007709
27.944117 1.03002525 0.005731
28.002229 1.01712110 0.007035
28.041169 1.02260318 0.005257
28.065657 1.02538377 0.003447
28.070288 1.02974327 0.007715
28.117649 1.02554340 0.004007
28.181947 1.01755092 0.005338
28.183378 1.01254479 0.006611
28.183537 1.01304354 0.003523
28.192000 1.01210679 0.007188
28.250298 1.00426791 0.005516
28.309722 1.01473287 0.004713
28.327922 1.01499805 0.004442
28.338743 1.01300232 0.005297
28.342017 1.01911368 0.003780
28.373028 1.01484451 0.005923
28.406862 1.00137834 0.006236
28.418093 1.00718367 0.005753
28.424068 1.00866404 0.006282
28.450648 1.01007326 0.007788
28.455428 1.00246693 0.003929
28.483396 1.00208980 0.006835
28.488264 1.00694196 0.003477
28.494911 1.00275184 0.007203
28.521811 1.00160568 0.007742
28.612816 0.99605720 0.003173
28.628741 1.00256481 0.006470
28.628999 1.00695881 0.003057
28.648294 1.00153750 0.007873
28.651980 0.99651686 0.007636
28.701662 1.00260858 0.007108
28.772809 1.00080256 0.005904
28.773268 1.00229933 0.004229
28.775800 1.00453221 0.007142
28.802012 1.00012740 0.006290
28.810200 1.00036886 0.006080
28.827279 1.00504742 0.005043
28.880688 0.99612059 0.006934
28.884135 0.99261601 0.005259
28.884835 1.00468174 0.005361
28.916170 0.94293995 0.007057
28.929267 1.00874656 0.003829
28.941444 0.99380651 0.005882
28.946082 0.99806363 0.006235
28.949423 1.00307120 0.007460
28.973357 1.00265242 0.006455
28.985631 1.00040860 0.004203
29.004267 0.99981450 0.005850
29.018808 1.00480967 0.005705
29.020513 0.99109753 0.003109
29.021640 0.99447705 0.003249
29.027647 1.00247390 0.003212
29.066800 0.99736300 0.003143
29.083942 0.99883295 0.006545
29.111679 0.99585598 0.005735
29.169865 0.98820629 0.004248
29.171212 0.98980548 0.006715
29.176300 0.98579634 0.003755
29.200455 0.98908431 0.004042
29.200712 0.99867278 0.007394
29.205426 0.99346997 0.004317
29.228266 0.99426432 0.004366
29.233011 0.99679777 0.007387
29.264202 0.99162180 0.007134
29.264696 1.00064453 0.006166
29.265810 0.99062047 0.005611
29.274128 0.98897274 0.007300
29.282686 0.97632191 0.004626
29.289567 0.98569350 0.003353
29.292069 0.98188551 0.005888
29.297455 0.98981625 0.007707
29.389660 0.97208369 0.005476
29.393410 0.98614321 0.007991
29.401073 0.98791625 0.006772
29.426776 0.97987968 0.003945
29.498217 0.97616866 0.007218
29.514958 0.97837035 0.006799
29.515583 0.97588454 0.005677
29.519431 0.97043161 0.003451
29.530180 0.97830317 0.006554
29.569956 0.97540623 0.003563
29.589199 0.97333012 0.005853
29.602488 0.96491304 0.006055
29.615912 0.96812204 0.003640
29.622054 0.98154255 0.003477
29.650618 0.98101013 0.004410
29.666350 0.97343908 0.006176
29.690695 0.96766942 0.006177
29.699756 0.97432249 0.003904
29.717305 0.97769363 0.003790
29.743704 0.98568291 0.005183
29.746250 0.97780508 0.006487
29.754360 0.97267398 0.005084
29.754473 0.96941978 0.004030
29.767926 0.98484362 0.006422
29.777590 1.02871663 0.003991
29.794050 0.98733986 0.003175
29.797229 0.98723989 0.005075
29.835538 0.98339810 0.006533
29.857284 0.98208264 0.004930
29.861677 0.97725136 0.005743
29.864203 0.98994204 0.004791
29.885546 0.99575067 0.006270
29.888876 0.98781539 0.003908
29.927549 0.98938116 0.003971
29.943908 0.99382841 0.007728
30.012750 0.99347670 0.007348
30.019828 1.00315085 0.004375
30.049052 0.99403988 0.003705
30.056507 1.00806460 0.003876
30.066163 1.00200159 0.003880
30.073087 1.00920399 0.006082
30.117738 1.02048166 0.003018
30.135511 1.00967038 0.005472
30.161503 1.01648485 0.007533
30.195248 1.01507921 0.005693
30.205043 1.01312619 0.007362
30.232730 1.02382077 0.007582
30.309730 1.02063717 0.003845
30.324780 1.01767846 0.006461
30.342445 1.02393048 0.007022
30.378548 1.01935833 0.006535
30.400626 1.03015846 0.006074
30.402814 1.02169832 0.006767
30.437225 1.03247666 0.005676
30.460430 1.02294346 0.004544
30.470526 1.02765347 0.004771
30.505181 1.02518198 0.004802
30.521669 1.03148088 0.003285
30.533502 1.03036944 0.005211
30.546690 1.02486690 0.003609
30.598300 1.01861131 0.003331
30.610377 1.01925690 0.003984
30.658009 1.01785339 0.005990
30.664627 1.02679389 0.003789
30.668654 1.01764596 0.006453
30.669377 1.01730472 0.007715
30.700649 1.02667765 0.003156
30.703817 1.00925033 0.006409
30.705918 1.01759277 0.005211
30.730946 1.00444931 0.004932
30.736438 1.01430199 0.004242
30.760586 1.01725771 0.006143
30.801752 1.01490612 0.005450
30.809566 1.01293293 0.007932
30.829305 1.00383239 0.007768
30.899448 1.00317006 0.006999
30.989740 1.00078484 0.006308
31.008708 0.99243326 0.005228
31.029964 0.99323793 0.004778
31.037699 1.00786363 0.007596
31.090191 1.00450780 0.005985
31.151038 0.99719363 0.007754
31.184463 0.99952262 0.005609
31.202858 0.99662582 0.005937
31.283482 0.99549236 0.007754
31.288864 1.00913468 0.006798
31.317578 1.00128284 0.004649
31.351758 0.99937278 0.003074
31.360099 0.99836358 0.004104
31.376559 1.00196170 0.003385
31.407561 0.99921077 0.006436
31.428245 0.99597223 0.004353
31.439052 0.99323511 0.004084
31.496201 1.00257030 0.003528
31.507409 0.99928360 0.007475
31.511017 0.99783912 0.007101
31.536406 0.99488928 0.007661
31.548307 0.99345128 0.004686
31.567714 0.99813664 0.007989
31.612893 0.99554134 0.005594
31.625225 1.00342921 0.006056
31.631624 0.99205894 0.003847
31.631928 0.99658273 0.004333
31.656651 0.99066688 0.007619
31.799315 0.98057437 0.006635
31.844289 0.96778006 0.005620
31.902107 0.98736931 0.007840
31.938899 0.98142269 0.007917
31.941868 0.96572698 0.005429
31.951096 0.97534080 0.007417
31.952919 0.97874772 0.003651
31.966559 0.96942966 0.004824
31.967843 0.97364937 0.007723
31.976339 0.97169230 0.006603
31.984155 0.97884651 0.005677
32.000745 0.97323109 0.005591
32.026115 0.97181057 0.005908
32.065057 0.97257925 0.005334
32.070795 0.98103374 0.005530
32.166795 0.97904326 0.004295
32.167815 0.97742908 0.004909
32.197257 0.97154935 0.003861
32.200163 0.97444632 0.007394
32.221417 0.97242068 0.007026
32.224704 0.97505321 0.007925
32.280131 0.97932082 0.006394
32.287953 0.98290333 0.003050
32.298700 0.98098937 0.006754
32.339400 0.98954178 0.003005
32.347002 0.99289634 0.006808
32.382309 0.98292533 0.007940
32.442839 0.99136482 0.007648
32.451254 0.99786211 0.006156
32.525391 0.99721436 0.004334
32.525929 1.01266932 0.006803
32.540740 0.99810540 0.005820
32.565189 1.00987460 0.005503
32.573687 1.01264309 0.007089
32.577776 1.00471586 0.003066
32.608906 1.01355743 0.006348
32.626562 1.01107489 0.003987
32.651612 1.01652689 0.006555
32.677124 1.01132436 0.007559
32.678236 1.02016463 0.003917
32.721493 1.02202981 0.005677
32.733531 1.02022093 0.007766
32.735131 1.01816029 0.005382
32.742657 1.01578851 0.003828
32.751026 1.01866356 0.007687
32.778225 1.02264346 0.006014
32.789387 1.04011840 0.007831
32.793225 1.03019507 0.003429
32.801219 1.02024264 0.003277
32.830716 1.02121130 0.007414
32.889012 1.02957268 0.006723
32.891876 1.02216618 0.003943
32.924672 1.02730140 0.007867
32.938672 1.02672019 0.003579
32.965180 1.03136631 0.004972
32.986309 1.02568102 0.005690
33.086993 1.01248886 0.006640
33.100243 1.01947023 0.006158
33.107096 1.02027480 0.003027
33.110786 1.01286602 0.004164
33.112356 1.01232165 0.004383
33.142341 1.02081849 0.004126
33.176937 1.01341175 0.003508
33.196150 1.01308664 0.004826
33.202366 1.02364279 0.004820
33.220779 1.01274206 0.005591
33.224288 1.01243422 0.005776
33.228452 1.01373777 0.005052
33.233514 1.01869251 0.005039
33.255263 1.00972229 0.006919
33.337253 1.01100249 0.005408
33.352853 1.00226512 0.007085
33.366154 1.00839323 0.003706
33.379687 1.01235477 0.006081
33.384019 1.00309052 0.006708
33.384639 1.00799649 0.006510
33.397073 0.99761266 0.005084
33.405936 1.00574089 0.004652
33.440032 1.00547539 0.007789
33.440549 1.00455907 0.005108
33.452033 1.01052605 0.006220
33.470943 1.00365711 0.006830
33.474916 1.00697435 0.005358
33.484778 1.00021986 0.003133
33.505813 1.00188688 0.005173
33.516456 1.00705199 0.003704
33.520628 0.99623824 0.003706
33.524719 1.00661558 0.005455
33.528493 1.01057395 0.004273
33.568800 0.99956147 0.006473
33.599775 1.00099841 0.003619
33.600406 0.99674356 0.006362
33.621838 1.00360637 0.004284
33.651654 1.01267976 0.007672
33.653581 0.99985404 0.006823
33.668704 1.00383316 0.005139
33.669617 1.00401741 0.004274
33.717401 1.00179408 0.004178
33.737273 1.00453469 0.006647
33.790536 1.00092667 0.007081
33.799129 1.00443510 0.007169
33.807546 1.00048653 0.007830
33.915564 1.00407878 0.005323
33.927177 0.99870648 0.007752
33.929757 0.99778052 0.007107
33.965981 1.01213339 0.007034
33.984050 1.00691724 0.005150
34.023620 0.99259076 0.004658
34.029552 0.99367123 0.005229
34.041041 0.99693306 0.003645
34.080982 0.99273082 0.005710
34.138154 0.99818555 0.006765
34.156660 0.99507759 0.004882
34.180470 0.99237363 0.007532
34.182161 0.98460362 0.006153
34.199422 0.99471106 0.006527
34.209764 0.98849002 0.004815
34.237548 0.99261924 0.005865
34.241552 0.98797103 0.004317
34.288861 0.98733312 0.003117
34.290568 0.99032714 0.006787
34.294716 0.97555794 0.003245
34.296413 0.98690852 0.007350
34.297743 0.99147064 0.006592
34.330995 0.98438455 0.006113
34.355359 0.97305526 0.006991
34.366996 0.98229613 0.004279
34.372287 0.97483560 0.007394
34.451535 0.97049810 0.004388
34.455970 0.97226743 0.004558
34.465093 0.97559467 0.005609
34.469383 0.97504677 0.005485
34.477947 0.97754662 0.006989
34.480368 0.97682724 0.006271
34.490565 0.97910304 0.003656
34.542043 0.97605647 0.005584
34.544928 0.97606049 0.007738
34.566451 0.97314690 0.006373
34.590039 0.97351007 0.004962
34.616356 0.97314077 0.005280
34.621058 0.97187292 0.004215
34.621990 0.97147868 0.007340
34.624381 0.96413827 0.004138
34.641333 0.97962427 0.003480
34.643520 0.97548621 0.004535
34.693614 0.97435583 0.004060
34.696435 0.98554013 0.007157
34.712649 0.97714666 0.005430
34.722916 0.97346556 0.003362
34.757165 0.97704513 0.004857
34.761232 0.97784498 0.005734
34.834101 0.98281817 0.007440
34.846238 0.98868177 0.003254
34.847320 0.98500011 0.004746
34.848999 0.98861627 0.003192
34.879854 0.99269022 0.007404
34.942183 0.99222242 0.003868
34.948428 0.99633647 0.006209
34.969351 0.99606694 0.006328
35.000321 0.99811956 0.003701
35.026398 1.00394238 0.006377
35.041390 0.99812151 0.003925
35.066134 0.99624483 0.003774
35.103285 1.01352337 0.006156
35.121249 1.01255404 0.005768
35.139912 1.01858360 0.004058
35.166156 1.01152461 0.005997
35.179468 1.01676026 0.004809
35.229576 1.03413994 0.005727
35.345228 1.03194079 0.005132
35.368596 1.03406462 0.004318
35.373194 1.02350555 0.007934
35.376300 1.02778072 0.006159
35.390403 1.02179016 0.003255
35.401952 1.02306982 0.003109
35.427265 1.03491003 0.007234
35.439909 1.02648055 0.004250
35.462244 1.02949742 0.005791
35.509852 1.03425049 0.004946
35.530438 1.02531991 0.003537
35.545794 1.01919459 0.007564
35.602949 1.01361549 0.005648
35.671411 1.00351176 0.007349
35.688198 1.01813856 0.003567
35.695465 1.01287028 0.005967
35.703190 1.01766792 0.004952
35.706210 1.00494830 0.006387
35.726174 1.00993512 0.005610
35.813770 1.01541498 0.003004
35.814110 1.01256069 0.004083
35.820737 1.01468955 0.006306
35.847757 1.01416679 0.004203
35.888014 1.00514517 0.006703
35.894044 1.01485188 0.007619
35.898446 1.00401283 0.003090
35.964563 1.00892438 0.003859
35.971658 1.00118738 0.005954
36.023771 0.99865345 0.006087
36.036966 0.99751735 0.005151
36.047614 1.00686387 0.007422
36.055224 0.99392063 0.006865
36.072220 1.00681899 0.004065
36.107452 0.99722750 0.003517
36.129329 1.00411415 0.007196
36.134727 1.00890942 0.003552
36.163654 1.00341057 0.004979
36.167440 1.00634218 0.005699
36.169268 0.99710293 0.006543
36.195540 1.00232016 0.004013
36.226619 1.00192956 0.004799
36.243744 0.99854996 0.003814
36.287757 1.00149709 0.005478
36.302187 1.00055127 0.004587
36.312655 0.99803007 0.005962
36.314507 0.99741341 0.005638
36.316835 0.99559067 0.006610
36.321923 0.99628839 0.007966
36.342232 1.00458838 0.003314
36.356893 0.99342926 0.006889
36.360371 0.99543720 0.004593
36.396365 0.99875509 0.006092
36.424337 0.99617357 0.005457
36.519812 1.02078327 0.003603
36.600016 0.99603813 0.003385
36.600366 1.07349362 0.004627
36.611333 0.99060926 0.003407
36.645783 0.99200134 0.006809
36.648752 0.99877453 0.004503
36.704739 0.98530709 0.005702
36.718363 0.99977381 0.003886
36.734281 0.99210960 0.003115
36.769276 0.98818540 0.003221
36.779040 0.99370561 0.004409
36.799238 0.98554412 0.004153
36.820089 0.97339982 0.005155
36.827699 0.97933835 0.006627
36.844619 0.98219565 0.004542
36.869011 0.98514691 0.007979
36.870559 0.98072179 0.007669
36.905623 0.97962933 0.006054
36.929281 0.97995369 0.005123
36.976175 0.98562029 0.003719
36.997099 0.97295702 0.006107
37.027345 0.97637576 0.005506
37.066750 0.98050907 0.003306
37.103785 0.97409095 0.005781
37.201565 0.97491342 0.007357
37.208085 0.97881069 0.003359
37.231448 0.99421787 0.003259
37.238406 0.98870831 0.005763
37.248711 0.98173392 0.007447
37.255054 0.97859232 0.003388
37.262480 0.97600332 0.003120
37.263083 0.98241336 0.005190
37.294040 0.98017599 0.003148
37.306828 0.97970480 0.006118
37.311711 0.98888942 0.005324
37.330100 0.98381025 0.005053
37.346954 0.98840490 0.004228
37.366051 0.98673935 0.007116
37.372759 0.99340212 0.004716
37.401323 0.98123479 0.005903
37.448117 1.00294732 0.004588
37.457100 0.99338780 0.004246
37.462981 0.99182979 0.005995
37.481208 0.99566990 0.007883
37.580119 1.01243355 0.005734
37.588999 1.00543732 0.004658
37.613214 1.02274808 0.003652
37.644416 1.01257020 0.007673
37.664409 1.02115731 0.007985
37.690954 1.01675240 0.004603
37.752981 1.01432610 0.005317
37.779951 1.01670708 0.003997
37.784760 1.01901644 0.005116
37.800578 1.01996839 0.005925
37.803200 1.02434297 0.003311
37.822042 1.02143441 0.005883
37.830036 1.02400310 0.004118
37.846023 1.01869353 0.003288
37.848548 1.01666038 0.004290
37.867949 1.02141813 0.004806
37.952999 1.02532182 0.003533
37.953245 1.02062728 0.005398
38.028035 1.02176617 0.006957
38.044780 1.02388107 0.003384
38.091655 1.01788758 0.003307
38.101282 1.02708529 0.005853
38.106630 1.02143529 0.005745
38.171988 1.01993800 0.004827
38.230132 1.01349263 0.007369
38.254252 1.01295581 0.007059
38.259253 1.01450928 0.003371
38.263731 1.01412251 0.005385
38.294993 1.00077676 0.004086
38.328476 1.00996143 0.004213
38.346946 1.00215930 0.007700
38.365393 1.00116946 0.005449
38.382858 0.99767968 0.004145
38.391724 1.00881408 0.007763
38.392334 1.00142019 0.006367
38.394634 1.00878875 0.007344
38.415780 1.00092901 0.004508
38.451066 0.99784013 0.006930
38.473562 0.99901380 0.006524
38.476262 1.00294779 0.007590
38.479516 1.00689509 0.004528
38.503226 0.99649359 0.007533
38.514707 1.00172261 0.004784
38.519003 0.99929837 0.006281
38.533996 1.00108784 0.005128
38.534446 1.00718557 0.003632
38.548683 0.99631639 0.003870
38.609199 1.00323392 0.007787
38.609815 1.00059821 0.005066
38.695371 1.00008987 0.007804
38.719959 0.99614700 0.007538
38.730748 0.99119208 0.006035
38.739858 1.00420792 0.004253
38.746694 1.00409520 0.004910
38.760717 1.01139784 0.006359
38.826512 0.99224335 0.004509
38.855332 0.98936039 0.007307
38.882452 1.00044935 0.007721
38.900105 1.00535445 0.007541
38.915648 0.99654474 0.004087
38.924479 0.99542384 0.007270
38.944615 0.99623305 0.005780
38.946808 1.00427165 0.005303
38.989361 0.99544605 0.005490
38.993369 0.99686590 0.005828
38.996582 1.00202138 0.007780
38.997587 1.00513040 0.005848
39.001895 0.98556817 0.006834
39.003338 0.99493077 0.005918
39.006523 0.99484081 0.006826
39.024268 0.99659049 0.007291
39.057275 0.99906830 0.003061
39.060991 0.98994545 0.005821
39.087385 0.99655858 0.005863
39.090997 0.98922477 0.004604
39.128298 0.99321960 0.005273
39.152773 0.98238541 0.005889
39.166250 0.99528833 0.007871
39.186327 0.99304351 0.005581
39.194696 0.99433607 0.004556
39.199783 0.99202554 0.005507
39.214829 0.97928035 0.004853
39.216457 0.98716138 0.005631
39.218888 0.99689816 0.006359
39.227567 0.98555470 0.004703
39.236552 0.97941128 0.003761
39.261729 0.98355957 0.003214
39.291652 0.99793693 0.007077
39.299584 0.99203982 0.003666
39.370469 0.97353090 0.005407
39.389001 0.97695314 0.004225
39.397155 0.98190369 0.005500
39.442319 0.98075727 0.006940
39.449758 0.97457786 0.004040
39.456601 0.97215824 0.003003
39.467355 0.98419765 0.004676
39.467802 0.97476260 0.007348
39.489494 0.97244197 0.007058
39.520947 0.97932209 0.007857
39.522424 0.97392221 0.006147
39.530137 0.98297790 0.005055
39.601297 0.96947570 0.006237
39.604461 0.97621921 0.004628
39.657497 0.97495022 0.005448
39.686314 0.90678580 0.007206
39.702735 0.97665581 0.007012
39.705633 0.96611666 0.007872
39.706411 0.97287975 0.003563
39.707812 0.96603390 0.005220
39.762628 0.97795798 0.006565
39.775804 0.98879158 0.004369
39.809220 0.98554629 0.004690
39.813848 0.98756732 0.004408
39.846875 0.98703502 0.006136
39.895804 0.99466665 0.005157
39.903253 0.98883529 0.004242
39.911794 0.98870974 0.007877
39.915105 0.99174594 0.003719
39.947555 0.99089512 0.003175
39.965657 0.99353452 0.006847
39.970038 0.99441953 0.003348
39.978200 0.99833484 0.007334
39.984715 1.00144871 0.004161
39.988897 1.00471827 0.005521
39.995589 1.00408334 0.006438
40.006373 1.00313931 0.006722
40.038811 1.00453964 0.005091
40.052251 1.00995023 0.007025
40.067837 1.02008077 0.004651
40.075558 1.00647709 0.004181
40.090745 0.99903713 0.005788
40.135462 1.01094142 0.004163
40.162867 1.02003558 0.005344
40.168845 1.01810492 0.005882
40.188125 1.01402815 0.005560
40.196174 1.01900643 0.007860
40.206567 1.01925189 0.005044
40.251773 1.01100476 0.007736
40.259798 1.01377106 0.007483
40.277668 1.02656873 0.005195
40.315244 1.02324283 0.007792
40.328765 1.02747305 0.005079
40.329265 1.02683504 0.007559
40.346162 1.03057746 0.006007
40.348485 1.03134975 0.007591
40.358496 1.02557595 0.006551
40.361173 1.01653046 0.007587
40.372261 1.01971404 0.004554
40.386902 1.02770868 0.007041
40.390018 1.02659676 0.005243
40.395663 1.01694939 0.005145
40.399069 1.02308249 0.003360
40.417088 1.02517789 0.007165
40.433598 1.02905993 0.007348
40.438532 1.01707634 0.004378
40.444804 1.02280810 0.007515
40.483161 1.02023027 0.007757
40.511969 1.02752958 0.003816
40.520606 1.03190845 0.003661
40.527455 1.02406032 0.006995
40.538221 1.01726846 0.007212
40.639915 1.01586631 0.003097
40.668086 1.02267701 0.005780
40.705221 1.02400646 0.006648
40.745732 1.01232966 0.003912
40.753672 1.02237576 0.006169
40.774298 1.01056257 0.006856
40.807527 1.01441075 0.006204
40.825726 1.00752025 0.003745
40.847129 1.00629020 0.007339
40.855365 1.00668812 0.007913
40.857981 1.01646266 0.003852
40.861152 1.01015194 0.003789
40.905110 1.01084146 0.003349
40.914204 1.00317146 0.006547
40.933789 1.00338203 0.006496
40.935652 1.00746186 0.005786
40.953721 1.00498507 0.007668
40.969157 1.00043734 0.006385
41.036214 1.00134219 0.007548
41.041131 0.99714035 0.003125
41.062412 1.07901869 0.005933
41.069777 1.00296360 0.006731
41.090882 1.00786259 0.004920
41.096703 1.00258290 0.003023
41.097905 0.99791663 0.005419
41.104611 1.00272520 0.003905
41.110685 1.00213884 0.007828
41.130809 1.00236488 0.005470
41.136780 1.00177450 0.007337
41.136921 0.99952129 0.003079
41.149148 0.99716046 0.007113
41.158400 0.99305893 0.004241
41.174296 0.99508184 0.005728
41.208121 0.99662576 0.006118
41.256083 1.00088476 0.003914
41.277629 1.00313781 0.004222
41.289721 0.99237387 0.007452
41.315537 0.99972122 0.003521
41.348161 0.99414590 0.005609
41.349610 0.99689170 0.007142
41.370496 0.99478862 0.006425
41.416129 0.99203070 0.005380
41.420650 0.99708489 0.007877
41.446867 0.99757833 0.004856
41.450045 1.00329098 0.005839
41.455067 1.00022416 0.007223
41.507596 0.99771044 0.007093
41.532687 0.99682171 0.007406
41.550181 1.00665471 0.006019
41.577890 0.99153724 0.006677
41.636703 0.98900798 0.007207
41.661224 0.98372419 0.006485
41.683726 0.98642761 0.003222
41.810939 1.02063530 0.006018
41.840576 0.97444760 0.003840
41.843714 0.98322952 0.004173
41.846075 0.97457971 0.007167
41.858731 0.98657707 0.007582
41.887263 0.97811138 0.007133
41.901822 0.97154469 0.006344
41.968062 0.98613609 0.006860
41.979072 0.97046942 0.006966
42.066929 0.97826303 0.006280
42.113185 0.96307747 0.007456
42.114202 0.96774669 0.003215
42.149040 0.98036542 0.007971
42.209947 0.98072308 0.007634
42.237785 0.97744352 0.006308
42.246063 0.98030486 0.005760
42.251907 0.98283218 0.003306
42.266296 0.97779690 0.007256
42.267693 0.97569825 0.005621
42.313641 0.93882527 0.007968
42.353417 0.98988011 0.003234
42.428695 0.99632504 0.003656
42.450447 0.98544007 0.007923
42.462764 0.99632118 0.007459
42.527894 1.00110651 0.006975
42.539841 1.00931629 0.004617
42.554447 1.00242016 0.003467
42.590514 1.00693273 0.007550
42.609436 1.00478187 0.007798
42.622254 1.02074557 0.003514
42.633134 1.01057720 0.005407
42.666585 1.01595458 0.005014
42.690243 1.01103109 0.007351
42.693121 1.02402971 0.006167
42.711318 1.00595088 0.007445
42.733012 1.01928287 0.005199
42.738819 1.02619943 0.007181
42.810075 1.01661405 0.004085
42.847669 1.03711560 0.004361
42.873334 1.03725278 0.006712
43.053010 1.01835477 0.003212
43.069389 1.02294886 0.005023
43.070580 1.02238854 0.006261
43.071063 1.02521298 0.005419
43.101228 1.02250995 0.003864
43.105774 1.01835034 0.005424
43.107384 1.03430726 0.005790
43.143433 1.02188276 0.007313
43.150076 1.01751267 0.006003
43.186624 1.02040682 0.006846
43.198629 1.01458128 0.006753
43.223868 1.01278571 0.005058
43.252767 1.00967809 0.007468
43.260871 1.07874215 0.003868
43.267545 1.01136187 0.004388
43.291708 1.01178026 0.007450
43.291765 1.00943593 0.005637
43.317634 1.00932633 0.005937
43.329239 1.01310000 0.005332
43.329853 1.00850935 0.007224
43.364664 1.00296988 0.003765
43.368148 1.00781570 0.005062
43.381056 1.00578876 0.005828
43.398386 1.01119547 0.003894
43.402886 1.00977363 0.004378
43.413406 0.90773857 0.003921
43.414522 1.00658849 0.006360
43.417824 0.99460467 0.005611
43.436692 0.99739544 0.006955
43.456216 1.01124511 0.007790
43.496296 0.99834497 0.004991
43.510672 1.01060211 0.003696
43.515671 0.99761722 0.004205
43.583684 0.99542572 0.007510
43.586078 0.99352748 0.005695
43.589899 1.00651554 0.007299
43.626960 1.00299399 0.006336
43.687115 1.00177676 0.006166
43.693217 0.99461315 0.003800
43.714622 1.00079800 0.004936
43.721775 0.99512105 0.003657
43.748075 0.99787742 0.006195
43.758562 0.99649721 0.007189
43.822340 1.00525219 0.003900
43.844440 1.00495074 0.005039
43.880993 1.00316313 0.007893
43.908224 1.00539108 0.005921
43.929308 0.99964023 0.003956
43.968837 1.00267007 0.003350
43.969473 0.99464319 0.003773
44.010101 0.99053421 0.006757
44.058090 0.99891962 0.006822
44.076264 1.00307127 0.003161
44.087671 0.99780982 0.004315
44.090353 0.98495982 0.004024
44.104384 0.99782729 0.006205
44.123481 0.98795483 0.007930
44.134400 0.99745285 0.005907
44.138150 0.99089784 0.004775
44.146091 0.98983647 0.004801
44.205667 0.99118593 0.007611
44.243678 0.99673444 0.006217
44.261783 0.98329083 0.005448
44.309683 0.98967309 0.005034
44.322096 0.98237889 0.006294
44.326554 0.98769539 0.007015
44.329263 0.98024683 0.006305
44.333638 0.97822213 0.007249
44.336912 1.00709114 0.005266
44.338031 0.97490504 0.005968
44.342267 0.98175973 0.006546
44.345352 0.98535865 0.007105
44.381137 0.97911985 0.007495
44.423588 0.96865816 0.005294
44.424761 0.98864778 0.003720
44.459287 0.97205720 0.005579
44.508017 0.97791298 0.004003
44.589683 0.96669390 0.007293
44.589948 0.97030717 0.004563
44.628902 0.97629132 0.006725
44.692525 0.98067164 0.004753
44.699652 0.97793142 0.003106
44.703012 0.98162576 0.006708
44.715471 0.97692709 0.003391
44.723276 0.97856560 0.004380
44.733740 0.97456912 0.006787
44.775746 0.99036401 0.003399
44.778607 0.98132805 0.005617
44.786548 0.97491568 0.003707
44.792411 0.98962281 0.006365
44.794236 0.97587616 0.007649
44.801859 0.97761922 0.006528
44.813178 0.97986014 0.003264
44.839105 0.99408448 0.004649
44.849000 0.98142758 0.006602
44.851694 0.99501212 0.006136
44.888968 0.98582696 0.007931
44.898978 0.98479847 0.006515
44.903834 0.98039325 0.003958
44.938853 1.00711766 0.003658
44.945853 1.00402217 0.006005
44.958571 1.00382648 0.007083
44.959898 0.99682486 0.005622
44.961288 0.99828387 0.004932
44.964689 0.99171171 0.007984
44.969855 1.00520989 0.007855
44.972060 0.99205559 0.005128
45.000215 0.99838168 0.004536
45.089819 1.00213478 0.006661
45.091570 1.00624792 0.007766
45.105200 1.00833445 0.006350
45.140286 1.01385162 0.007862
45.145614 1.01613569 0.005365
45.154261 1.01592125 0.007125
45.175670 1.01455363 0.004370
45.186815 1.01856151 0.006525
45.197961 1.02242788 0.004386
45.204959 1.01779557 0.007923
45.209618 1.01444752 0.006129
45.220095 1.01938887 0.004311
45.259375 1.01828653 0.007315
45.334038 1.02123436 0.007447
45.334077 1.02247722 0.007772
45.351058 1.02632159 0.007159
45.354324 1.02905990 0.006586
45.357265 1.02742778 0.004727
45.395766 1.02127516 0.005745
45.486405 1.02473445 0.003945
45.494987 1.03261517 0.006192
45.528343 1.01518201 0.007056
45.569357 1.02395048 0.006570
45.575459 1.02286663 0.004878
45.584483 1.01593179 0.003775
45.585712 1.01562300 0.004925
45.590435 1.01826334 0.003004
45.646200 1.01567913 0.007527
45.653503 1.02268881 0.004671
45.671286 1.01047289 0.003844
45.686821 1.02080292 0.007101
45.696155 1.01915633 0.007506
45.702304 1.01784828 0.005963
45.716457 1.02336787 0.006784
45.719429 1.02045555 0.006291
45.800979 1.02042807 0.007476
45.825717 1.00819149 0.003611
45.841471 1.00455986 0.007268
45.853192 1.00802754 0.004225
45.900756 1.00922176 0.005203
45.910987 1.00365186 0.006992
45.946118 1.00472136 0.004588
45.976137 1.00262995 0.006708
45.983588 0.99220603 0.006391
45.988085 1.00359294 0.006498
45.997663 0.99347705 0.004163
46.005121 1.00008130 0.004264
46.018742 1.00728262 0.003992
46.048381 0.99863295 0.007313
46.061224 1.00510014 0.004416
46.064309 0.98805960 0.005075
46.119055 1.00335872 0.007761
46.126962 0.99577263 0.003682
46.196386 0.99908647 0.006339
46.210137 0.99368158 0.004247
46.226235 1.00527462 0.005931
46.235445 0.99671200 0.003401
46.268595 0.99288370 0.006116
46.280584 1.00115721 0.005781
46.346747 1.00005910 0.007019
46.382322 0.99308576 0.006335
46.452873 1.00468369 0.005445
46.457384 1.00333956 0.005142
46.466727 1.00157892 0.004575
46.520788 0.99582155 0.007547
46.544213 0.99732681 0.006843
46.567429 0.99379633 0.004360
46.572875 0.99891961 0.003577
46.580374 0.99358663 0.004870
46.589182 0.99614554 0.006773
46.606072 0.98976911 0.005448
46.623645 0.98391623 0.003669
46.642103 0.99384329 0.005131
46.642963 0.99183969 0.005072
46.646737 0.99519530 0.005920
46.661645 0.98321198 0.004728
46.679410 0.99565413 0.004385
46.721533 0.98868695 0.007776
46.725814 0.98231740 0.003487
46.732404 0.98507016 0.004673
46.741427 0.98288013 0.007995
46.750676 0.97474318 0.004444
46.832856 0.98116102 0.003212
46.846706 0.98349516 0.006245
46.846943 0.97751517 0.004169
46.854593 0.97626753 0.003438
46.874621 0.97792791 0.006736
46.881990 0.97877865 0.007651
46.889630 0.98682494 0.003466
46.896385 0.97774848 0.006036
46.899098 0.97841609 0.003504
46.909707 0.98423220 0.004718
46.941428 0.98376868 0.004816
46.942117 0.98489501 0.006885
46.955160 0.97834310 0.003291
46.956758 0.98425749 0.007076
46.998404 0.97737412 0.007180
47.002757 0.97581238 0.005530
47.007197 0.97531805 0.007603
47.044412 0.97482459 0.005869
47.092158 0.97264178 0.003043
47.122570 0.98227110 0.003562
47.159339 0.97573204 0.004422
47.184361 0.97414182 0.003609
47.193554 0.98196125 0.003005
47.217683 0.97835154 0.006218
47.222756 0.97750834 0.004365
47.251800 0.97194866 0.006670
47.274704 0.97724215 0.007860
47.350842 0.99295783 0.004466
47.364400 0.98964715 0.004500
47.365750 0.98981385 0.004443
47.376566 0.98648417 0.007882
47.397361 0.99325778 0.007246
47.457528 1.00065238 0.007567
47.521187 0.99533245 0.005735
47.535972 0.99701007 0.003715
47.552433 1.00164420 0.003698
47.571981 0.99869940 0.004346
47.581994 1.06936537 0.003205
47.605560 1.00887353 0.006138
47.616808 1.00476954 0.004210
47.626472 1.01829336 0.005459
47.640809 1.00806335 0.007040
47.656751 1.01041429 0.005012
47.690780 1.01456665 0.006607
47.706557 1.01819698 0.004945
47.764713 1.01763645 0.004150
47.811064 1.02444994 0.004510
47.868197 1.02062323 0.005221
47.891838 1.03686269 0.006718
47.892909 1.03057065 0.003169
47.909007 1.01809538 0.006844
47.911737 1.03349884 0.005500
47.937354 1.01770679 0.005938
47.937612 1.02519567 0.003799
47.945728 1.03049408 0.004025
47.962438 1.01497644 0.004283
47.964850 1.01997644 0.006520
47.970104 1.01824756 0.004500
47.985008 1.01968397 0.004177
48.008401 1.02345244 0.003588
48.008712 1.03014951 0.004310
48.011629 1.03186654 0.005435
48.023190 1.01996847 0.003950
48.078208 1.01899288 0.003119
48.119158 1.01533356 0.004361
48.122792 1.00994106 0.003988
48.178964 1.01425429 0.003100
48.180599 1.02212360 0.005072
48.210073 1.00558945 0.004864
48.213648 1.01864697 0.003113
48.217807 1.01533509 0.003419
48.243631 1.01081588 0.005984
48.255764 1.01475000 0.004625
48.304066 1.00430290 0.005985
48.337373 1.01194715 0.007776
48.348600 1.01761418 0.006466
48.459135 1.00555642 0.003373
48.481256 1.00913742 0.006178
48.495845 1.00603014 0.006861
48.505670 1.00182584 0.005411
48.541567 1.00102574 0.007395
48.564296 1.00296662 0.007391
48.579953 1.00226078 0.005062
48.595047 1.00771626 0.005650
48.616248 1.00876033 0.003427
48.620877 1.00399395 0.006903
48.630061 0.99729814 0.006479
48.645211 1.00309209 0.006958
48.673990 1.00651303 0.003907
48.694498 0.99318584 0.005967
48.716727 0.99753055 0.003641
48.720985 0.99342402 0.003624
48.747638 0.99596321 0.005686
48.769343 1.00212736 0.003854
48.771673 1.00367428 0.004427
48.774993 0.99226744 0.004409
48.776842 0.99433184 0.004297
48.786318 1.00152040 0.004615
48.799086 1.00377800 0.007578
48.805230 0.99664665 0.007053
48.807940 1.00823450 0.003947
48.837418 1.00065827 0.006833
48.842675 1.00205328 0.003196
48.849580 1.00265609 0.006921
48.852760 1.00020560 0.005856
48.861606 0.99738644 0.006444
48.904666 0.99317238 0.004526
48.910740 0.99694303 0.006964
48.918507 0.99569073 0.007150
48.927861 1.00380571 0.007829
48.940361 1.00328562 0.005144
49.029058 0.98772857 0.003030
49.049326 1.00623165 0.006602
49.067954 0.99272086 0.003481
49.098307 0.98890097 0.006792
49.117964 0.99499394 0.003485
49.125463 0.99703614 0.007493
49.161813 0.98227770 0.005156
49.252920 0.98365376 0.003184
49.267919 0.98447574 0.006085
49.316092 0.98131878 0.005359
49.348027 0.98348410 0.003759
49.379750 0.97453808 0.003778
49.385145 0.98131779 0.006037
49.401599 0.97919953 0.007386
49.435779 0.97874200 0.007168
49.442532 0.97644264 0.007945
49.451882 0.98284687 0.006333
49.488827 0.97899354 0.005785
49.491088 0.97124721 0.003127
49.496497 0.96912391 0.006460
49.506514 0.97152106 0.006515
49.508357 0.97534201 0.006064
49.612763 0.97047142 0.006300
49.673779 0.97984811 0.004135
49.700729 0.97240555 0.003745
49.715237 0.98282535 0.006185
49.715775 0.98041303 0.003694
49.725865 0.98304336 0.006314
49.728113 0.97703506 0.004882
49.737133 0.96837232 0.006541
49.761494 0.98229402 0.006394
49.807963 0.97568481 0.005204
49.837375 0.98501633 0.003047
49.860381 0.98685956 0.004800
49.860438 0.99322971 0.006695
49.878857 0.99732170 0.004698
49.879345 0.99340611 0.005404
49.879701 0.98674052 0.004818
49.886014 0.99389621 0.007015
49.886532 0.97889809 0.003140
49.929926 0.99423370 0.005477
49.930249 0.98830112 0.005517
49.931567 1.02072239 0.006939
49.973099 1.00420270 0.003045
