# Star 1 - Telescope kepler - Campaign 1
# Time Flux Error
# days relative_flux relative_error
0.015358 1.00644202 0.006670
0.025310 0.99751620 0.003550
0.044239 1.00002722 0.004866
0.055169 1.01052053 0.004359
0.064468 1.01241031 0.003973
0.095696 1.00334803 0.006053
0.160639 1.00456113 0.003669
0.176928 1.01868340 0.004108
0.181735 1.01793383 0.003143
0.187133 1.01709783 0.004909
0.240290 1.01820132 0.004454
0.301122 1.01866913 0.004882
0.346192 1.01737675 0.003630
0.347716 1.03061517 0.007044
0.370960 1.01588845 0.006531
0.385574 1.02425079 0.005214
0.419302 1.02507873 0.006467
0.439198 1.03291287 0.007627
0.445311 1.02853227 0.003158
0.471579 1.03746176 0.007857
0.476741 1.02302246 0.004357
0.485787 1.02499794 0.003886
0.516720 1.02548317 0.004328
0.559417 1.01980768 0.003042
0.565649 1.01775012 0.007813
0.601794 1.02813808 0.006305
0.603791 1.02266010 0.004125
0.607137 1.02299057 0.007861
0.680821 1.02250213 0.007660
0.713317 1.02373472 0.004825
0.732484 1.02225543 0.004824
0.737786 1.01607375 0.006973
0.756972 1.02218458 0.003506
0.758078 1.01170015 0.006100
0.769956 1.00582012 0.003503
0.784293 1.01587933 0.004312
0.822021 1.01830219 0.004429
0.845229 1.01057985 0.005711
0.915675 1.00806970 0.007543
0.920927 1.00179196 0.003641
0.925376 1.00424141 0.007833
0.941993 1.00109258 0.006463
0.980243 1.00667866 0.004396
0.981096 1.02003318 0.005907
0.993956 1.00669050 0.006366
1.011641 0.98260387 0.006226
1.076145 1.00212152 0.004141
1.283074 0.99373926 0.005079
1.292722 0.99772413 0.007126
1.311352 1.01073200 0.005496
1.336414 1.00297576 0.006986
1.349968 0.99776327 0.007831
1.365536 0.99720636 0.007672
1.369308 1.00721142 0.004205
1.371653 0.91799217 0.007052
1.395709 1.00649395 0.004533
1.427151 1.00307636 0.007476
1.442098 1.00208751 0.007868
1.451478 1.00043833 0.006529
1.486761 0.99621951 0.006115
1.497046 1.00206239 0.004527
1.527097 0.98980239 0.006521
1.533841 0.99747266 0.007755
1.616541 1.00497630 0.003928
1.649515 0.99386022 0.004498
1.657221 1.00077137 0.004643
1.731031 0.98240923 0.003998
1.762213 0.99027807 0.005239
1.823478 0.99067988 0.007484
1.842079 0.97878966 0.005670
1.847224 0.98505734 0.007083
1.852650 0.98181706 0.005676
1.858659 0.98600601 0.003995
1.916225 0.98024798 0.005963
1.928480 0.98303978 0.006085
2.025565 0.97665758 0.007687
2.025761 0.96831046 0.004389
2.044867 0.97684299 0.006778
2.057920 0.97723408 0.007350
2.118659 0.97338774 0.003751
2.148084 0.97436190 0.007032
2.167836 0.97602857 0.007544
2.170078 0.97758160 0.005502
2.170239 0.97288117 0.004466
2.189402 0.97685202 0.003229
2.191559 0.97307390 0.004893
2.199369 0.97658147 0.003398
2.202891 0.97862818 0.005560
2.257526 0.97825584 0.004250
2.292175 0.97336707 0.004695
2.299379 0.97750717 0.007574
2.306991 0.97443477 0.006442
2.312067 0.97829187 0.005378
2.320623 0.97651944 0.006791
2.322204 0.97508559 0.006138
2.329842 0.98043715 0.004067
2.337774 0.97156840 0.005574
2.345725 0.97824309 0.004705
2.389510 0.97597356 0.004709
2.424980 0.99339286 0.003249
2.469489 0.99874931 0.005022
2.499970 0.98937447 0.006712
2.503134 0.99864069 0.004164
2.505850 0.99683498 0.007930
2.516918 0.99545488 0.005711
2.566938 0.99896417 0.003550
2.584788 0.99538478 0.006361
2.605204 1.00159966 0.005257
2.606332 1.00215242 0.004827
2.616330 0.99544052 0.004735
2.648582 1.00590518 0.005807
2.681195 1.00329160 0.003713
2.686416 0.99930688 0.003536
2.702137 1.00933051 0.005655
2.751487 1.01089981 0.004677
2.794990 1.00870893 0.007124
2.800118 1.02816789 0.004744
2.828521 1.02648700 0.003148
2.848215 1.01657077 0.003425
2.852699 1.01439851 0.005926
2.854723 1.02201109 0.004519
2.936981 1.02079739 0.003729
2.955276 1.03049679 0.007113
2.974064 1.03055618 0.004874
3.003668 1.02448438 0.006043
3.023161 1.02192839 0.005919
3.028900 1.02980201 0.007488
3.040365 1.03197043 0.003204
3.047197 1.02191852 0.006684
3.059500 1.02725372 0.007050
3.067896 1.03049653 0.004173
3.099497 1.02750718 0.006086
3.157564 1.02414468 0.004514
3.187836 1.01731995 0.004890
3.188032 1.01984833 0.003159
3.279112 1.06386027 0.006760
3.292180 1.01316170 0.005977
3.293494 1.01539863 0.007140
3.295518 1.01575699 0.003399
3.299381 1.01214974 0.007783
3.330163 1.01641643 0.004845
3.362336 1.01349435 0.004441
3.375409 1.01175975 0.004701
3.382985 1.01737064 0.003539
3.387244 1.01641887 0.006322
3.440465 1.00771217 0.006126
3.447192 1.00669192 0.004845
3.454171 1.01024653 0.006036
3.454369 1.00651872 0.004244
3.455601 1.01070079 0.003701
3.465840 1.00258209 0.004618
3.470894 1.00601343 0.003113
3.520155 1.00604666 0.003216
3.528835 1.00057797 0.004117
3.545979 1.00147729 0.005836
3.556368 1.00175816 0.006173
3.591893 0.99718411 0.004245
3.623724 1.00540248 0.005815
3.633725 0.99810920 0.005691
3.719594 1.00148927 0.004285
3.747819 0.99774723 0.007645
3.758229 1.00436065 0.004573
3.780874 1.00299380 0.005277
3.788990 1.00838887 0.003688
3.796737 1.00085586 0.005186
3.815826 0.99005985 0.003732
3.831803 1.00400518 0.005758
3.839821 0.99418616 0.005083
3.842293 0.98964390 0.006266
3.842394 0.99725069 0.005661
3.845863 1.00875393 0.003354
3.859169 0.99670454 0.005963
3.860722 0.99079776 0.004819
3.860852 1.00764316 0.006815
3.861869 0.99448213 0.007771
3.878896 1.00550418 0.004642
3.898014 1.00068140 0.004636
3.905917 1.00436195 0.005027
3.941478 1.00297352 0.003126
3.968250 0.99748157 0.006448
3.991008 1.00348585 0.004409
3.995655 0.99253643 0.007711
4.034576 0.99972960 0.003086
4.060865 1.00231801 0.007945
4.072861 1.00049034 0.004810
4.082111 1.00096321 0.006558
4.091929 1.00254779 0.003176
4.099677 0.98990589 0.007541
4.120078 1.00005866 0.004735
4.127008 0.99755398 0.005820
4.129047 1.00719717 0.003519
4.148117 0.99982097 0.007863
4.165984 1.00134231 0.006367
4.173956 0.99623373 0.004809
4.189658 0.99767010 0.006909
4.252196 0.98775770 0.004207
4.259005 0.99573265 0.003329
4.271208 0.98804074 0.005207
4.370034 0.98216045 0.003485
4.373203 0.99006495 0.005281
4.394600 0.98818938 0.006377
4.414137 0.98111166 0.006402
4.426836 0.98489823 0.003380
4.448060 0.98107857 0.005459
4.461369 0.98949497 0.007438
4.477909 0.97743232 0.003813
4.494723 0.98727592 0.004187
4.561377 0.98423634 0.003188
4.588135 0.97348200 0.007135
4.597298 0.97498351 0.003978
4.602162 0.97680105 0.006570
4.607744 0.97621284 0.007364
4.608472 0.97907386 0.007538
4.629655 0.98464469 0.006300
4.637130 0.98406863 0.006669
4.647273 0.97350317 0.003985
4.669540 0.97341927 0.004721
4.691603 0.97255691 0.005601
4.704110 0.97551925 0.006594
4.732140 0.97728606 0.006932
4.746097 0.96173947 0.004536
4.765266 0.97364460 0.004302
4.778535 0.97160287 0.004943
4.787665 0.97612801 0.007383
4.799672 0.97340303 0.004955
4.803603 0.98073903 0.004496
4.839078 0.97375403 0.005226
4.867285 0.97536913 0.004197
4.872011 0.98502213 0.005586
4.877061 0.98222532 0.006404
4.878810 0.97501479 0.004675
4.905051 0.97873532 0.005392
4.931895 0.97299284 0.004857
4.934392 0.97364768 0.007317
4.955697 0.97320026 0.006646
4.956065 0.98667755 0.004796
4.969295 0.98179327 0.003969
4.991471 0.98137227 0.007969
5.003288 0.98343247 0.003631
5.042948 0.98449271 0.003054
5.057152 1.08067076 0.006486
5.081048 0.99041181 0.004263
5.084715 0.99056370 0.004837
5.107391 0.98622427 0.003956
5.117272 0.99054423 0.005876
5.133010 0.99920083 0.005081
5.148612 1.00194308 0.003900
5.169637 0.99286006 0.004608
5.180963 0.99867934 0.006571
5.228263 1.00585117 0.007170
5.245803 1.00354845 0.003958
5.250835 1.00084910 0.004191
5.265989 1.01055515 0.004921
5.278972 1.00949518 0.005972
5.297214 1.01108072 0.007754
5.350943 1.01440177 0.004624
5.362520 1.00905034 0.007241
5.394727 1.02089452 0.006207
5.398476 1.02023549 0.003150
5.412450 1.01792931 0.004459
5.436243 1.01365046 0.007032
5.451136 1.01831512 0.004414
5.453711 1.02445162 0.006166
5.480489 1.02232769 0.004764
5.511149 1.02713687 0.005594
5.513891 1.02904967 0.007032
5.515828 1.02460158 0.006077
5.526344 1.02529173 0.005000
5.536825 1.01594477 0.004372
5.559699 1.03388779 0.003782
5.602838 1.01958216 0.004071
5.610302 1.02572046 0.006105
5.615904 1.02923261 0.004967
5.618733 1.02738637 0.006539
5.621304 1.03213864 0.007592
5.643971 1.02671977 0.007081
5.698125 1.01936591 0.003746
5.757333 1.04691957 0.006546
5.776012 1.01785357 0.007397
5.785952 1.02730065 0.004231
5.798391 1.02030419 0.005355
5.813474 1.02421462 0.005785
5.826539 1.02598670 0.005365
5.827938 1.02217203 0.004568
5.830925 1.02151026 0.003140
5.868951 1.02012108 0.003475
5.890944 1.01806419 0.006099
5.974743 1.01863200 0.004837
5.994601 1.01202855 0.004766
6.017552 1.01915580 0.005094
6.018632 1.01091023 0.004555
6.029632 1.01464011 0.005624
6.034846 1.01256043 0.005608
6.069890 1.01148423 0.004092
6.084988 1.00927660 0.005308
6.108134 1.01348543 0.005707
6.133166 1.01390985 0.005308
6.164456 0.99673836 0.007989
6.224236 1.00633766 0.003762
6.240644 0.99656735 0.006077
6.250940 1.00564880 0.003323
6.258474 0.99693701 0.003155
6.275291 0.99812264 0.006992
6.318521 1.04092364 0.005926
6.384650 0.99511591 0.003346
6.405727 1.00109025 0.006144
6.426574 1.00040880 0.003095
6.455132 1.00324294 0.004609
6.486964 0.99450060 0.005418
6.493263 1.01063472 0.006227
6.506258 0.99740500 0.004032
6.513415 0.99279776 0.007532
6.535413 0.99880384 0.007859
6.563654 0.99509374 0.006710
6.569090 0.99971333 0.006372
6.583186 0.99947279 0.005746
6.701257 0.99610246 0.007710
6.716583 0.98477196 0.005483
6.726545 0.99646317 0.004190
6.730418 0.99402047 0.005135
6.749722 1.01046802 0.004391
6.775907 1.00024497 0.007675
6.814719 0.99496364 0.004171
6.830163 1.00485823 0.005415
6.863301 1.00376880 0.006583
6.892257 0.99878891 0.006489
6.927324 0.99064192 0.007532
6.950721 1.02504873 0.004254
6.957307 0.99762850 0.005604
6.970117 0.98862544 0.004574
6.992104 0.99272367 0.003014
7.001229 0.98427651 0.004736
7.006214 0.98153838 0.007114
7.091213 0.97655145 0.005846
7.132493 0.99172402 0.003444
7.134536 0.97419206 0.003091
7.138060 0.98609940 0.007570
7.142008 0.98590196 0.006879
7.151164 0.97831810 0.004144
7.177362 0.97944260 0.006060
7.194197 0.99023712 0.003092
7.197656 0.97510280 0.003959
7.203473 0.98285819 0.003114
7.262408 0.97313671 0.004986
7.265755 0.97608326 0.004503
7.303540 0.96942649 0.003135
7.341187 0.96966675 0.004372
7.361389 0.97396013 0.003511
7.370622 0.97635576 0.005431
7.424354 0.97613201 0.006662
7.426603 1.04919327 0.004971
7.435511 0.97317027 0.004794
7.479513 0.98305431 0.006330
7.485628 0.96978518 0.006475
7.489731 0.97430328 0.003773
7.505402 0.97751714 0.007454
7.537239 0.97776126 0.003636
7.597781 0.98609235 0.003816
7.613435 0.98873579 0.003625
7.626978 0.98287554 0.006826
7.637944 0.98134685 0.006690
7.650428 0.94446788 0.006497
7.654928 0.98934017 0.004342
7.688102 0.99408318 0.004694
7.694095 0.98597423 0.003719
7.712429 0.98823075 0.005882
7.725873 0.99818828 0.004836
7.728706 0.99126093 0.004740
7.733651 0.99095131 0.006288
7.742561 0.99064651 0.005487
7.794061 1.01019615 0.007680
7.835524 1.00483548 0.006187
7.857110 1.00224010 0.006211
7.890830 1.01444533 0.007355
7.910709 1.00619026 0.007905
7.918035 1.01034107 0.006864
7.928973 1.01284917 0.006434
7.990250 1.01272819 0.007910
8.025726 1.01635665 0.003486
8.059731 1.02160252 0.004880
8.076828 1.02416729 0.003503
8.077461 1.02279152 0.007471
8.078900 1.02319943 0.003557
8.081957 1.02082968 0.005558
8.104980 1.03170390 0.005015
8.151627 1.01804475 0.005880
8.170776 1.02417933 0.006847
8.226455 1.02871879 0.007766
8.249126 1.02051850 0.004749
8.283852 1.02324349 0.005353
8.293551 1.02533215 0.005428
8.312443 1.02523337 0.003556
8.317182 1.02008675 0.007905
8.362726 1.02062545 0.007621
8.363439 1.02613358 0.003109
8.366694 1.03041667 0.006632
8.382529 1.02483271 0.007854
8.382755 1.02226686 0.005129
8.382861 1.02882738 0.004708
8.386379 1.02369014 0.006669
8.412872 1.02411856 0.006871
8.414439 1.02111136 0.005297
8.438769 1.02680650 0.003309
8.447580 1.01915426 0.007029
8.464076 1.01720777 0.007417
8.478642 1.01845887 0.007580
8.520776 1.01883105 0.003281
8.596597 1.01563824 0.007221
8.625870 1.01209758 0.003452
8.634687 1.00735412 0.003170
8.646836 1.00009473 0.005202
8.702379 0.99796103 0.006447
8.820611 1.00679151 0.005090
8.823784 1.01220341 0.004618
8.828311 1.00198021 0.003659
8.897569 0.99627749 0.006716
8.933945 0.99754293 0.004334
8.958619 0.99416496 0.005844
8.980200 0.99840186 0.004998
8.992427 0.99733409 0.005294
9.038199 0.99892426 0.004279
9.054937 0.99440208 0.003748
9.074547 0.99885860 0.006555
9.108870 1.00204631 0.004699
9.121341 0.99359350 0.003669
9.172713 0.99813141 0.006228
9.221467 0.99553811 0.004387
9.241145 0.99667411 0.006823
9.253757 1.00730570 0.004852
9.289225 0.99729944 0.005142
9.315243 0.99736909 0.006090
9.319605 0.99667407 0.004013
9.338798 0.99680652 0.006483
9.338960 1.00057190 0.006358
9.357266 1.00750741 0.007520
9.360876 0.99047564 0.006864
9.363350 1.00323104 0.005449
9.376172 1.00274938 0.006571
9.384382 0.98730487 0.004234
9.440541 1.00001294 0.006017
9.459162 0.99193356 0.005031
9.467535 0.98658085 0.005370
9.470750 0.98629114 0.005953
9.517438 0.99600105 0.005988
9.566431 0.99094985 0.005918
9.574647 0.98095763 0.004411
9.629006 0.99672533 0.006522
9.640738 0.97813118 0.004989
9.709627 0.97598048 0.004474
9.766924 0.98050338 0.005269
9.783281 0.97704219 0.003958
9.823093 0.97354369 0.004493
9.870588 0.97203640 0.006431
9.876640 0.97347635 0.005692
9.884067 0.98151038 0.003656
9.893631 0.96944031 0.003660
9.956439 0.98536920 0.003771
9.957449 0.97630458 0.005437
9.961888 0.97917351 0.004959
9.962048 0.96960152 0.006414
9.963871 0.98387377 0.006896
9.972404 0.97743458 0.004724
10.000650 0.98124130 0.005472
10.001447 0.97331070 0.007062
10.015770 0.97563342 0.007592
10.025486 0.97269731 0.006805
10.063597 0.96927230 0.004263
10.072359 0.96822223 0.007279
10.136670 0.98185289 0.006005
10.169838 0.98436138 0.004014
10.176950 0.98072373 0.007039
10.178703 0.97966043 0.007465
10.195340 0.97891315 0.007028
10.196672 0.98274708 0.005996
10.201851 0.97905592 0.006929
10.202161 0.97309798 0.003582
10.224194 0.98518522 0.005083
10.293550 0.99876524 0.005707
10.339879 0.98823664 0.004493
10.356376 1.00153573 0.007279
10.358727 1.00097247 0.006048
10.526249 1.01356954 0.007892
10.545961 1.01690053 0.004185
10.549052 1.00841219 0.007968
10.555945 1.01432136 0.005197
10.568916 1.01925740 0.003142
10.585766 1.01254317 0.006726
10.600082 1.01428305 0.006719
10.601323 1.02211839 0.003855
10.603496 1.01276564 0.007803
10.616331 1.02121308 0.005566
10.641502 1.03127966 0.005638
10.658807 1.01413037 0.005163
10.670162 1.02221484 0.004630
10.718386 1.01454701 0.007968
10.725237 1.02830997 0.006603
10.726760 1.02231991 0.003107
10.748771 1.02106879 0.003024
10.787423 1.02878418 0.005461
10.833751 1.03109912 0.007433
10.842506 1.01866782 0.003571
10.855560 1.02793331 0.004237
10.923776 1.01710712 0.005689
10.973831 1.02010419 0.005259
10.994111 1.02256262 0.007160
11.001654 1.01991237 0.004271
11.015119 1.02125540 0.003223
11.016685 1.02650249 0.006139
11.124783 1.01221301 0.004842
11.141878 1.00866150 0.007136
11.158180 1.01856347 0.007207
11.194340 1.00583483 0.004256
11.264241 1.01255196 0.004821
11.278417 1.01636692 0.004055
11.307876 1.00238696 0.006682
11.313659 1.01113797 0.005896
11.352362 1.00865230 0.004085
11.355487 1.00626494 0.004461
11.409030 1.00761205 0.004597
11.465682 1.01619390 0.007198
11.468617 0.99973322 0.003320
11.489580 0.99883123 0.005107
11.493857 0.99476366 0.003990
11.580870 1.00126936 0.006278
11.639214 1.00652064 0.006733
11.644625 0.99977514 0.005639
11.647785 1.00601134 0.007917
11.684572 0.99563947 0.004741
11.702112 0.99955542 0.007529
11.713388 1.00560976 0.006586
11.721953 1.00208102 0.003774
11.729966 1.00064651 0.003705
11.738358 0.99918998 0.006574
11.753627 0.99862240 0.003892
11.756601 0.99602219 0.004109
11.766658 1.00545596 0.006016
11.767048 0.99705227 0.006712
11.778873 1.00768100 0.006214
11.793646 1.00980930 0.004115
11.825351 0.99986524 0.007137
11.848144 0.98608035 0.006483
11.852464 1.00370766 0.003325
11.876470 0.98958110 0.007527
11.985382 0.99539513 0.005577
11.986701 1.00125822 0.003586
11.990412 0.99859160 0.005403
12.020984 1.00153888 0.007677
12.038208 0.99199339 0.003795
12.059092 0.99395151 0.004779
12.071057 0.99620021 0.004102
12.146016 0.99392198 0.005772
12.177528 0.99878172 0.005192
12.185026 0.98095694 0.006786
12.205350 0.98537378 0.003386
12.206990 0.98868215 0.007726
12.228890 0.99534871 0.005240
12.231864 0.99210146 0.003102
12.248307 0.98050111 0.007284
12.260073 0.97952120 0.006385
12.284326 0.98389655 0.004460
12.297067 0.98734457 0.004498
12.297321 0.98759222 0.003517
12.323955 0.98106218 0.007980
12.344749 0.99412408 0.007410
12.357809 0.98816539 0.006541
12.464702 0.97810458 0.006644
12.469609 0.97701101 0.005151
12.475225 0.97794978 0.006859
12.497149 0.97789338 0.004675
12.497471 0.97187320 0.004762
12.499604 0.97583490 0.003522
12.503086 0.98176575 0.007139
12.554417 0.96944683 0.006271
12.555490 0.97236310 0.005730
12.572768 0.98582169 0.005899
12.593497 0.97600677 0.004588
12.598756 0.97842510 0.004211
12.605904 0.97273287 0.007941
12.618866 0.97613821 0.003269
12.625746 0.96996989 0.007503
12.627746 0.98068570 0.007890
12.638483 0.97877389 0.007658
12.691855 0.97375058 0.004347
12.729974 0.98058039 0.006081
12.751620 0.97279111 0.007711
12.754045 0.97806834 0.006661
12.765770 0.97797433 0.005845
12.775641 0.98071620 0.005319
12.800997 1.01365810 0.006254
12.815777 0.98888280 0.003026
12.819801 0.98834698 0.007076
12.837245 0.98363763 0.006050
12.847579 0.98973084 0.007845
12.852110 0.98075236 0.004993
12.869432 0.98462454 0.006031
12.876510 0.98962809 0.003444
12.909422 0.98292988 0.004109
12.910316 1.00306031 0.004285
12.910961 0.99381314 0.007795
12.930451 0.99373819 0.004239
12.939065 0.98758377 0.006504
12.993895 1.00450320 0.004666
13.014633 0.98749499 0.004376
13.047080 1.00728696 0.004764
13.070151 0.99593437 0.003032
13.082555 1.00684095 0.004267
13.150813 1.00177240 0.005647
13.253603 1.01208979 0.004609
13.265488 1.02520940 0.005490
13.307457 1.02534951 0.007428
13.348185 1.02414397 0.005023
13.366589 1.02146414 0.007400
13.373683 1.02730550 0.005062
13.386745 1.02881942 0.003501
13.411804 1.02635348 0.004653
13.427478 1.02516827 0.004571
13.444066 1.01905355 0.004424
13.453062 1.02217267 0.007354
13.461987 1.02625449 0.003356
13.474610 1.02407822 0.007445
13.490313 1.02809407 0.006495
13.549387 1.02537413 0.004163
13.607017 1.01533657 0.004907
13.609222 1.01103019 0.003106
13.626504 1.01294812 0.007681
13.637429 1.02115854 0.006599
13.653054 1.02630655 0.005145
13.667439 1.02784198 0.007550
13.672637 1.01684838 0.007559
13.677764 1.01121514 0.007094
13.687974 1.02043629 0.005988
13.707324 1.01878746 0.003111
13.732690 1.01320007 0.006441
13.750366 1.01477531 0.003344
13.785427 1.01315833 0.006060
13.858146 1.00760307 0.005627
13.862098 1.01145389 0.007497
13.887297 1.00374106 0.007759
13.911379 1.00806924 0.007185
13.934644 1.00066792 0.005095
13.940445 1.01118469 0.004526
13.982043 1.00150368 0.006442
13.986503 1.00498977 0.004041
14.041100 1.00654860 0.004743
14.054094 1.00510524 0.006043
14.066939 1.00560288 0.003032
14.079678 1.00429991 0.007509
14.086460 1.01140219 0.005630
14.092904 1.00301050 0.005053
14.167474 1.00438050 0.005095
14.208367 0.99622329 0.006135
14.261255 1.00353436 0.006023
14.297443 0.99642166 0.004850
14.311284 1.00858224 0.004270
14.358542 1.00357901 0.007614
14.366466 0.99796099 0.003256
14.414615 1.00140192 0.003602
14.468942 0.99707038 0.003543
14.556330 1.00434036 0.004129
14.573123 0.99366357 0.007748
14.580698 1.00119832 0.005833
14.582336 1.00271730 0.006722
14.610694 0.99946612 0.007173
14.618122 0.99741729 0.003715
14.618247 1.00646475 0.004910
14.622648 0.99913517 0.007629
14.624303 0.99882068 0.003042
14.670272 0.99117554 0.005549
14.687761 1.00118589 0.004769
14.700790 0.99135249 0.003228
14.755592 0.99572556 0.004784
14.769836 0.99318579 0.006078
14.790187 0.98622374 0.006820
14.819831 0.99625096 0.007238
14.820476 0.98578184 0.005177
14.838158 0.98848510 0.006786
14.901221 0.97572919 0.003794
14.913869 0.91902845 0.006878
14.947301 1.03047516 0.004669
14.951578 0.98087210 0.006558
14.961495 0.98001984 0.004264
14.981053 0.97822214 0.004402
15.032727 0.97388510 0.007392
15.065952 0.97482332 0.003790
15.065958 0.98368717 0.007892
15.066015 0.97094460 0.006631
15.072165 0.98169177 0.007499
15.104330 0.97357774 0.003226
15.127685 0.97923222 0.005737
15.142877 0.96778361 0.003135
15.150041 0.97849705 0.006227
15.188841 0.97736543 0.007751
15.211069 0.97695395 0.007827
15.226593 0.97596771 0.007233
15.226864 0.97118242 0.007432
15.248504 0.97176003 0.005640
15.254512 0.93927979 0.007070
15.272168 0.98081668 0.005265
15.272431 0.97893162 0.003681
15.302171 0.90157406 0.003129
15.310862 0.97624133 0.003799
15.347545 0.97135608 0.005263
15.349642 0.97420269 0.005550
15.368813 0.97701383 0.006585
15.376942 0.97814911 0.006673
15.389162 0.97931941 0.005086
15.404255 0.97449814 0.007633
15.410397 0.98207064 0.007773
15.457624 0.99673022 0.005154
15.499007 0.99160335 0.005058
15.511721 1.00830707 0.004342
15.519651 0.98904047 0.005890
15.534210 0.99456672 0.007073
15.539790 0.99630160 0.007390
15.539910 0.99965760 0.007248
15.578687 0.99136557 0.007741
15.581787 0.98442462 0.005503
15.602552 0.99678219 0.006603
15.626679 0.99653775 0.003386
15.673159 1.00582688 0.007156
15.699136 1.00128471 0.004991
15.762850 1.01342869 0.005188
15.797507 1.01681433 0.004787
15.838306 1.01586441 0.007349
15.838539 1.02203230 0.004162
15.851883 1.01701822 0.005168
15.866035 1.01836954 0.005930
15.874034 1.01996004 0.007413
15.914963 1.01719515 0.005943
15.929142 1.01913531 0.006254
15.968884 1.02667380 0.004044
15.975523 1.02850136 0.006029
15.992175 1.02276422 0.007477
16.010246 1.02277328 0.006364
16.036447 1.03158568 0.003615
16.055068 1.01838049 0.006507
16.064677 1.01817121 0.005295
16.073794 1.02467381 0.005775
16.073996 1.01973747 0.003927
16.115075 1.02277335 0.006518
16.132586 1.02697615 0.006564
16.184652 1.02235566 0.006185
16.228611 1.02047143 0.005721
16.259358 1.01538051 0.007471
16.262011 1.01829467 0.004788
16.264936 1.01007330 0.006361
16.296723 1.02593549 0.004119
16.302362 1.01529578 0.006521
16.360322 1.01478318 0.006338
16.361390 1.01760770 0.007402
16.422351 1.01776026 0.005036
16.423988 1.00808071 0.007032
16.438953 1.00357095 0.004677
16.442667 1.00556812 0.005317
16.447878 1.00914436 0.004437
16.488131 1.00611563 0.006226
16.490802 1.00280938 0.003943
16.504803 1.00574430 0.007472
16.535407 1.00750645 0.003591
16.553152 1.01216391 0.004728
16.553410 1.00276584 0.004098
16.576314 1.00498873 0.006980
16.604618 1.00140707 0.005201
16.606553 0.99666659 0.007498
16.626155 1.00024023 0.005503
16.663084 1.00612409 0.007589
16.678469 0.99559923 0.004742
16.699188 0.99699775 0.005124
16.718651 1.00622911 0.006483
16.722290 1.00725619 0.006592
16.726627 1.00562589 0.003953
16.731250 0.99758296 0.006214
16.735882 1.01070741 0.007063
16.736770 0.99895580 0.006255
16.771328 0.99845795 0.004423
16.789447 0.99897689 0.005077
16.845750 0.99537549 0.003527
16.857950 0.99917198 0.007212
16.862609 0.99813774 0.007879
16.908698 1.00005181 0.004350
16.915562 1.00458147 0.006794
16.930299 0.99759376 0.005863
16.940585 1.00191629 0.005394
16.975735 1.00952512 0.004615
16.985981 1.00014162 0.007038
16.997737 1.00296113 0.006558
17.019627 1.00400072 0.006507
17.035069 1.00588442 0.004860
17.047141 1.00094794 0.007888
17.105204 1.00110641 0.006710
17.145617 0.99617439 0.006667
17.165254 1.02236704 0.007559
17.183507 0.99740353 0.003307
17.205184 0.99892867 0.004924
17.206743 0.99517733 0.003506
17.233951 0.99333577 0.007217
17.242157 0.99103042 0.007685
17.285816 0.98826510 0.004061
17.325671 0.98840617 0.004715
17.331140 0.99223218 0.004775
17.355368 0.99095006 0.005200
17.393332 0.98814436 0.007449
17.430971 0.99352255 0.005632
17.462026 0.98717179 0.003007
17.518412 0.98230219 0.006581
17.526452 0.97009269 0.004007
17.554999 0.97507502 0.003738
17.563327 0.98631001 0.005329
17.585225 0.96824212 0.005390
17.589029 0.97583071 0.006507
17.594564 0.98034379 0.005555
17.620057 0.97211651 0.007870
17.632555 0.97439070 0.007294
17.643608 0.97396145 0.005252
17.702603 0.98249154 0.006017
17.711319 0.98926080 0.004595
17.731888 0.97747247 0.005916
17.770218 0.97872655 0.007246
17.778700 0.97065696 0.004997
17.786340 0.97307644 0.003090
17.844332 0.97794334 0.003172
17.849141 0.97753636 0.006653
17.898252 0.96944299 0.006113
17.950612 0.97488169 0.003428
17.988025 0.97168617 0.003456
17.997587 0.97632585 0.007053
18.014975 0.98464159 0.006827
18.022376 0.97881579 0.007261
18.028613 0.98511125 0.003349
18.038696 0.98609094 0.007191
18.048317 0.98299275 0.005472
18.059659 0.97835040 0.007909
18.069920 0.99563620 0.003283
18.096349 0.99606680 0.004254
18.101680 0.98881830 0.007788
18.109309 0.99218998 0.004800
18.110519 0.98754505 0.007999
18.113612 0.98882569 0.007887
18.118878 0.99350804 0.003012
18.130572 1.00870228 0.006770
18.136073 0.98838517 0.006745
18.142169 0.98973976 0.006786
18.143020 1.00282738 0.004767
18.144814 0.99757008 0.007694
18.149091 0.99422871 0.006961
18.156150 0.99703859 0.005576
18.187466 0.99672312 0.003007
18.196353 0.99438867 0.007200
18.252876 0.99624271 0.003159
18.270366 1.01470717 0.005548
18.271204 1.00470841 0.005754
18.298062 1.01213369 0.005643
18.366428 1.02028326 0.006572
18.377978 1.01491402 0.004404
18.378326 1.01978548 0.005907
18.396695 1.01664968 0.005023
18.438894 1.01774094 0.006692
18.442080 1.02256884 0.006815
18.487105 1.01357591 0.005892
18.539445 1.02259981 0.005018
18.553423 1.01494202 0.007554
18.561870 1.02409019 0.005896
18.574602 1.02953655 0.003752
18.625421 0.95113763 0.005228
18.686071 1.02515911 0.004312
18.687937 1.02079100 0.005511
18.689296 1.02494491 0.004111
18.731488 1.03563606 0.006805
18.735899 1.02367578 0.004444
18.773314 1.01716858 0.003809
18.775717 1.03303192 0.005164
18.839558 1.02367902 0.007035
18.844910 1.01853923 0.006389
18.856677 1.02786971 0.003709
18.860369 1.01840511 0.004108
18.904789 1.01851032 0.006682
18.924352 1.01228655 0.003974
18.965785 1.01525396 0.007084
18.968835 1.01036924 0.004057
18.972796 1.01509616 0.005755
18.975443 1.01797750 0.006827
18.978577 1.01981350 0.005516
18.989594 1.01020204 0.003292
18.996616 1.00809335 0.006515
19.001046 1.01123154 0.004031
19.028990 1.00969003 0.003790
19.034680 1.00266852 0.007467
19.048086 1.01620611 0.006265
19.066907 1.00564941 0.005428
19.068022 1.01398393 0.003222
19.093270 1.00898558 0.005467
19.104743 1.00916130 0.004902
19.154575 1.01140287 0.004685
19.219423 1.00949640 0.003904
19.228372 1.00886356 0.005988
19.231877 1.00154535 0.005271
19.241219 1.00567263 0.005895
19.260987 0.99733812 0.006276
19.262566 0.99869430 0.004981
19.324345 0.99979749 0.007127
19.327906 0.99242861 0.004951
19.341923 1.00179334 0.005761
19.349329 1.00447986 0.006782
19.349997 1.00509672 0.007710
19.385606 1.01199442 0.004112
19.386058 0.99162634 0.005549
19.446342 0.99531343 0.006589
19.476399 1.00312759 0.006002
19.496186 1.00682286 0.003602
19.503339 1.00243368 0.003652
19.504698 0.99846095 0.005897
19.512987 1.00283082 0.004496
19.540236 0.99965787 0.005721
19.576138 1.00127130 0.005476
19.643956 1.00863215 0.005859
19.707771 1.00729967 0.004943
19.709073 0.99578921 0.003936
19.729474 0.98849578 0.006587
19.742437 0.99633799 0.006089
19.748257 0.99923438 0.007814
19.749485 0.99965950 0.003077
19.750628 0.99785569 0.005189
19.831295 1.00116286 0.007109
19.851640 0.99107320 0.005564
19.869931 0.99985572 0.007014
19.884413 0.99187213 0.005170
19.900311 0.98819218 0.006272
19.908864 0.98595423 0.005181
19.923057 0.99586175 0.005935
19.936249 0.98919226 0.006232
19.946439 0.99104995 0.003807
19.962028 0.99640901 0.003406
19.985871 0.99536479 0.004719
20.073735 0.98912823 0.006729
20.125924 0.97563986 0.005915
20.208849 0.97760774 0.005492
20.267574 0.97788700 0.007984
20.282109 0.97417388 0.005827
20.295078 0.98029565 0.005085
20.326562 0.97237676 0.006612
20.341583 0.96382574 0.004386
20.360164 0.96074507 0.007064
20.371383 0.97914265 0.005878
20.396413 0.97388881 0.005533
20.444606 0.97860920 0.004476
20.448478 0.97866176 0.007393
20.480000 0.98368533 0.003971
20.490718 0.97138218 0.007931
20.510121 0.96902014 0.005467
20.519257 0.97283678 0.007683
20.522014 0.98077050 0.003530
20.547059 0.97819922 0.005261
20.566140 0.98199093 0.004601
20.575763 0.98719428 0.004307
20.607850 0.98566713 0.006715
20.609518 0.99132513 0.006806
20.612728 0.99149327 0.005279
20.615004 0.97627568 0.007876
20.636540 0.98637334 0.004760
20.671314 0.98726802 0.004120
20.719414 0.98929410 0.007670
20.745139 1.00211260 0.003036
20.748429 0.99898702 0.007178
20.766567 0.99575191 0.005383
20.776129 0.99646587 0.007641
20.780076 1.00121179 0.007657
20.818954 0.99957060 0.005856
20.829142 1.00156078 0.006627
20.836925 1.00352520 0.005527
20.887903 1.01206325 0.007117
20.906189 1.01474194 0.005471
20.924199 1.01658118 0.005165
20.939549 1.01072347 0.003405
20.961559 1.01536872 0.003938
20.965545 1.01391037 0.007752
20.966756 1.01217842 0.005820
20.975510 1.01709899 0.007496
20.993301 1.01769011 0.006575
21.027774 1.01616974 0.006064
21.040449 1.02528909 0.003599
21.096486 1.06699026 0.004272
21.099122 1.02207009 0.003418
21.121642 1.02116679 0.003822
21.125865 1.01237013 0.004516
21.125918 1.01890715 0.004682
21.131071 1.02781643 0.007546
21.143532 1.02261682 0.005322
21.182152 1.03056311 0.003104
21.193221 1.01941330 0.004301
21.196901 1.02591063 0.003300
21.218939 1.02239867 0.007974
21.230448 1.03300695 0.007188
21.257064 1.02652349 0.005122
21.269993 1.02787409 0.004147
21.270828 1.02316560 0.006593
21.271482 1.02274859 0.006159
21.325853 1.02230525 0.006243
21.345410 1.02798722 0.003127
21.382575 1.02169837 0.006561
21.382789 1.02631798 0.004672
21.394996 1.03246584 0.007561
21.402645 1.02099342 0.005140
21.404916 1.01521979 0.004667
21.431257 1.02150765 0.007961
21.431871 1.01779170 0.003914
21.487582 1.01738465 0.003383
21.502862 1.01593010 0.005661
21.518972 1.01861678 0.003198
21.526895 1.02411675 0.004543
21.535801 1.02260249 0.007299
21.547130 1.00749129 0.007758
21.552460 1.00204302 0.003089
21.593228 1.01067998 0.003119
21.624079 1.01654146 0.006098
21.659169 1.00965175 0.007730
21.672620 1.01016841 0.005832
21.683121 1.01084607 0.004433
21.703825 1.01281779 0.005478
21.714042 1.00928844 0.006047
21.728192 1.01192396 0.006838
21.765983 1.00562215 0.005883
21.841923 1.01043023 0.004066
21.872404 1.00232903 0.004913
21.918766 1.00384553 0.004455
21.994374 0.99851634 0.005894
22.035450 0.99703831 0.007082
22.071198 1.00178075 0.005238
22.120181 0.98923833 0.005556
22.121982 0.99224985 0.004812
22.151112 0.99721114 0.003586
22.228641 0.98924157 0.005865
22.311740 0.99138223 0.006009
22.339499 0.99724550 0.005209
22.348902 0.99561175 0.005270
22.366738 0.99750793 0.004830
22.379337 0.99034213 0.006902
22.403538 0.99408243 0.004344
22.422369 0.98633890 0.006019
22.462734 0.99852685 0.007724
22.477185 0.99251632 0.007065
22.528611 1.00083597 0.003733
22.530523 0.98988622 0.007278
22.539490 0.99934897 0.004148
22.560519 0.98647509 0.004983
22.565125 1.00385625 0.003293
22.580507 0.98418434 0.004570
22.597775 0.98500564 0.003433
22.612489 0.98736263 0.005337
22.641849 0.98061425 0.003529
22.646385 0.99202911 0.006779
22.690171 0.98286364 0.003891
22.706384 0.97657912 0.004551
22.711154 0.98646810 0.006019
22.721390 0.98058916 0.007572
22.727171 0.98117618 0.003638
22.740703 0.97375661 0.003523
22.740929 0.97647864 0.006971
22.788831 0.97852548 0.007757
22.831178 0.96880908 0.007125
22.891596 0.97780339 0.003383
22.929595 0.97716636 0.007540
22.934410 0.96633421 0.007196
22.951046 0.96765916 0.004570
22.976265 0.97838319 0.006249
22.984804 0.96400711 0.003232
22.988911 0.97619597 0.005123
22.993087 0.97155518 0.006780
23.046312 0.98006383 0.007087
23.046858 0.97108318 0.004898
23.049310 0.98546078 0.007028
23.050623 0.97203458 0.003977
23.050843 0.97621542 0.006666
23.057352 0.97769891 0.005086
23.070295 0.97640827 0.007941
23.102989 0.97352539 0.007560
23.112677 0.97263219 0.006642
23.150997 0.98345031 0.007227
23.188653 0.97719363 0.007733
23.190175 0.99278309 0.003918
23.196100 0.98401950 0.005803
23.207604 0.98289859 0.007111
23.232521 0.98845006 0.007105
23.249044 0.98866214 0.005693
23.299793 0.99663620 0.004246
23.299859 0.98822624 0.005105
23.324112 0.99671349 0.003749
23.324411 0.99651494 0.004432
23.340433 0.99558912 0.003176
23.361181 0.99078859 0.004181
23.378517 1.00322738 0.003098
23.380726 1.00095373 0.003152
23.380739 0.99257108 0.007811
23.404505 1.00595848 0.003516
23.423153 1.00532441 0.003983
23.446778 1.01227424 0.005831
23.466609 0.99882814 0.006265
23.473647 1.00335877 0.004441
23.475671 1.01059868 0.007237
23.557735 1.01151261 0.003902
23.562043 1.01038189 0.006967
23.601830 1.01622319 0.003265
23.624154 1.01548989 0.004340
23.650231 1.02001677 0.005501
23.678697 1.01916998 0.006990
23.743666 1.02872515 0.005411
23.760640 1.02737579 0.005499
23.776144 1.02142628 0.003336
23.780214 1.02931093 0.007855
23.856488 1.02049783 0.007381
23.872128 1.01985652 0.005963
23.896106 1.02413187 0.006678
23.900522 1.02264759 0.006784
23.902575 1.02501556 0.007303
23.918984 1.02183700 0.003449
23.927073 1.02439408 0.003982
23.967097 1.02795143 0.006430
23.982347 1.02479084 0.004169
23.992087 1.01863181 0.005587
24.047368 1.01584393 0.006951
24.058618 1.02575821 0.007970
24.114326 1.02192823 0.003954
24.116725 1.00956990 0.004212
24.124887 1.00965031 0.006005
24.134032 1.00387249 0.006743
24.144300 1.01749994 0.005327
24.145959 1.01038025 0.003364
24.146797 1.01493610 0.004596
24.150486 1.01316044 0.005182
24.162241 1.01980216 0.007104
24.167422 1.02267391 0.004212
24.186385 1.01069711 0.007283
24.195739 1.00958577 0.006937
24.204469 1.01373572 0.007718
24.210838 1.00776227 0.004249
24.259884 1.00979908 0.004072
24.268108 1.00732607 0.003940
24.323445 1.01060061 0.003530
24.363468 1.04616315 0.007827
24.367858 1.00047594 0.006379
24.374658 1.04854255 0.004970
24.408158 0.99705444 0.006262
24.453656 0.99868058 0.006377
24.469863 0.99213806 0.007204
24.474389 1.00097462 0.004067
24.498077 1.00285792 0.003492
24.514378 1.00259184 0.006357
24.542097 1.00480999 0.007780
24.544302 1.00287795 0.007390
24.550429 0.99717799 0.005164
24.562708 1.00111897 0.005730
24.566350 1.12120525 0.003774
24.591626 0.99236489 0.007103
24.638359 1.00081509 0.007155
24.651165 0.99854174 0.007106
24.738272 1.00280218 0.004942
24.768247 0.99267462 0.003651
24.770874 1.00487993 0.004314
24.808201 1.00058956 0.006555
24.810218 1.00349931 0.006671
24.820206 1.01696303 0.005095
24.848871 0.99360178 0.006947
24.857416 0.99648767 0.007287
24.865166 1.09166374 0.006317
24.921701 0.99490896 0.004183
24.948045 0.99094117 0.007347
24.974888 1.00389210 0.004863
24.982267 0.99451298 0.004059
24.984196 0.98812263 0.007635
25.008144 0.99480884 0.003042
25.011591 0.98838443 0.005770
25.015095 0.99226704 0.005469
25.059882 0.98953346 0.006456
25.081391 0.99741662 0.005134
25.081973 0.99860400 0.007745
25.095809 0.98602573 0.005514
25.102578 1.00150852 0.004921
25.114751 0.99978893 0.007300
25.120655 0.99255685 0.007813
25.132289 0.98730393 0.007194
25.140726 0.98430318 0.006939
25.159275 0.98407060 0.004332
25.180674 0.99705033 0.004889
25.186192 0.98758745 0.004835
25.186852 0.98431289 0.006697
25.238205 0.98139232 0.006291
25.239382 0.98477136 0.007358
25.261170 0.98342697 0.004078
25.261803 0.98629270 0.006389
25.362132 0.98057146 0.005952
25.383853 0.97272858 0.003365
25.407518 0.92456657 0.004268
25.429263 0.97198974 0.003591
25.438432 0.98309589 0.004828
25.486848 0.97603346 0.007263
25.496850 0.97279311 0.003018
25.520484 0.97283983 0.003045
25.554925 0.96804542 0.004924
25.577599 0.97312294 0.004733
25.580712 0.97078296 0.005458
25.581341 0.97103641 0.004251
25.657339 0.98249739 0.005651
25.696396 0.97051163 0.004936
25.709200 0.97849409 0.005902
25.710925 0.96718709 0.006058
25.777305 0.97559305 0.007544
25.779021 0.97786802 0.006150
25.794370 0.97906664 0.006523
25.820583 0.99158983 0.004701
25.821771 0.98790564 0.006726
25.833119 0.98284829 0.005847
25.866259 0.98907672 0.003593
25.904444 0.99226217 0.005711
25.916391 0.99663475 0.005676
25.943128 0.99130605 0.003064
25.956646 0.99761667 0.006006
26.006767 1.00117337 0.006865
26.014593 1.01089852 0.005522
26.051248 0.99758960 0.005054
26.086482 1.00622217 0.003203
26.106307 1.01473138 0.005564
26.114026 1.00680572 0.007066
26.131375 1.01159733 0.004186
26.132797 1.01257877 0.006609
26.145792 1.01330789 0.006994
26.152612 1.01330230 0.006586
26.177499 1.02367888 0.005789
26.225555 1.02232793 0.003176
26.257137 1.01945743 0.003121
26.278775 1.01524698 0.003081
26.282240 1.01513362 0.007949
26.333209 1.02710964 0.006541
26.361538 1.02734215 0.003283
26.424002 1.02260311 0.007745
26.444331 1.02321266 0.007974
26.484032 1.03238386 0.004176
26.526940 1.02728208 0.004174
26.530809 1.03556120 0.006413
26.531580 1.03298909 0.004720
26.535579 1.02704580 0.003265
26.542746 1.02063968 0.003095
26.545427 1.02171260 0.003894
26.591936 1.01145269 0.005334
26.592237 1.01862493 0.006787
26.624029 1.02212823 0.004993
26.638340 1.02621527 0.007268
26.656170 1.02694507 0.003204
26.677846 1.02094142 0.007544
26.703584 1.02344036 0.003421
26.720198 1.02383612 0.007837
26.747266 1.02027713 0.004433
26.752661 1.00480394 0.007735
26.753158 1.01019718 0.005263
26.781232 1.01359027 0.004090
26.790217 1.01947494 0.007612
26.832374 1.01685055 0.006518
26.875412 1.01600942 0.007120
26.907047 1.00751475 0.003008
26.924587 1.00341991 0.006375
26.944524 0.99871126 0.005328
26.947306 1.01208411 0.003165
26.951848 1.01070055 0.005409
27.003560 1.00231799 0.004816
27.066429 0.99954356 0.003203
27.068614 1.00249120 0.003766
27.092755 0.99120184 0.005110
27.103768 1.00680879 0.005532
27.125784 1.00056666 0.005620
27.129989 0.89665533 0.006877
27.137687 0.99695621 0.005858
27.161342 0.99749006 0.007183
27.166498 0.99977390 0.007457
27.176222 0.99816321 0.003954
27.205317 1.00188897 0.007805
27.226453 0.99841867 0.003517
27.252726 0.99716487 0.006530
27.309612 1.00097940 0.006899
27.330752 1.00007048 0.007871
27.333684 0.98728206 0.007983
27.348510 1.00150656 0.003104
27.361745 1.00217565 0.006710
27.397120 0.99183626 0.007343
27.399962 1.00721379 0.006786
27.402418 0.99671497 0.003372
27.406717 1.00048522 0.007245
27.446473 0.99654447 0.004748
27.464002 0.99812832 0.003893
27.533720 0.99171399 0.006517
27.543443 0.99823314 0.005261
27.587573 0.99423611 0.005695
27.611016 0.98865729 0.006391
27.639762 0.99601944 0.005555
27.671848 1.00392888 0.004051
27.673722 0.99034515 0.004684
27.683918 0.99567836 0.003856
27.693004 0.99566983 0.007635
27.731181 0.98961318 0.005841
27.734534 1.00098615 0.006561
27.748190 0.98479687 0.003926
27.772038 0.99408117 0.005607
27.799406 0.98334472 0.005150
27.833378 0.99149269 0.004632
27.867195 0.98033889 0.006789
27.887113 0.97938571 0.007149
27.896887 0.99112817 0.003722
27.948575 0.97152761 0.005463
27.960829 0.97255952 0.004071
27.965415 0.97449732 0.003316
27.965595 0.98546489 0.007749
27.985340 0.97177773 0.004579
27.988333 0.98392702 0.005179
28.010813 0.97132077 0.005482
28.012785 0.97118074 0.005624
28.043891 0.97033845 0.005007
28.055937 0.97737459 0.007027
28.056039 0.97120663 0.004794
28.089922 0.95986597 0.005272
28.106021 0.96705590 0.003439
28.116812 0.96843091 0.005584
28.133638 0.97088322 0.004145
28.139091 0.97306163 0.006535
28.174978 0.97871715 0.003345
28.220058 0.96624633 0.007956
28.223036 0.97222282 0.003147
28.247101 0.97225894 0.004540
28.257523 0.97245325 0.004884
28.275177 0.97507496 0.005407
28.295409 0.97323180 0.003275
28.296144 0.96851225 0.007234
28.306446 0.97846603 0.007265
28.307489 0.97280443 0.004102
28.311465 0.98060991 0.004206
28.326558 0.97941909 0.007455
28.372687 0.98289880 0.003761
28.398544 0.98242507 0.003389
28.408494 0.97916951 0.003217
28.415981 0.98592492 0.007323
28.437601 0.98875249 0.004265
28.442810 0.98137210 0.003857
28.446259 0.98077813 0.004644
28.453794 0.99914806 0.005357
28.469891 0.98862204 0.006695
28.471418 0.98991113 0.004348
28.477613 0.98145896 0.007837
28.484310 0.98564656 0.007714
28.486584 0.98843249 0.005981
28.490742 0.98543164 0.006043
28.530227 0.99723954 0.005628
28.555680 0.99422265 0.006527
28.564860 1.00307770 0.007790
28.571313 0.99088778 0.004599
28.573727 1.00356457 0.007695
28.611821 0.99684001 0.006021
28.615374 1.00006719 0.006786
28.624425 1.00003874 0.004951
28.627586 1.00413678 0.006682
28.654681 1.00070646 0.007817
28.720700 0.99861190 0.006188
28.734866 1.01217819 0.005727
28.771389 1.01847335 0.006614
28.779920 1.01238591 0.005011
28.801911 1.02202327 0.007520
28.809422 1.02578175 0.007105
28.811982 1.02488175 0.007497
28.847835 1.01827289 0.003646
28.848293 1.02572302 0.006449
28.864904 1.02242446 0.003519
28.884595 1.01860808 0.005212
28.900084 1.01158956 0.007884
28.900827 1.02199321 0.005099
28.986554 1.01545129 0.003293
29.012432 1.02051178 0.003602
29.099624 1.02667837 0.004408
29.134353 1.02726190 0.003146
29.144554 1.01851933 0.007170
29.165378 1.02750145 0.004935
29.187183 1.02417824 0.005452
29.193901 1.02160932 0.003880
29.196422 1.02582498 0.006708
29.207065 1.01828695 0.007382
29.210996 1.02482621 0.005990
29.229796 1.01753732 0.005351
29.249938 1.01302759 0.006914
29.251850 1.01712993 0.007651
29.285286 1.02140980 0.007898
29.308174 1.01666351 0.003113
29.325316 0.97057376 0.007736
29.355648 1.01819083 0.007276
29.361197 1.01873287 0.003425
29.374537 1.00872525 0.005693
29.387679 1.01250377 0.007730
29.441867 1.00307684 0.005893
29.464646 1.01332219 0.007701
29.469315 1.00813974 0.003654
29.520419 1.00487382 0.006745
29.522726 1.01370054 0.006300
29.534056 1.00408826 0.007047
29.556755 1.00209710 0.003377
29.594440 0.99721534 0.006299
29.658934 1.00120973 0.006124
29.667663 1.00836230 0.005247
29.710329 0.99828417 0.004382
29.710850 1.00565809 0.005539
29.745911 1.00672148 0.006779
29.748917 1.00603877 0.003281
29.764817 0.99593593 0.003174
29.773997 0.99965315 0.005933
29.786261 1.00592826 0.005516
29.792978 0.99788454 0.006468
29.795975 1.00904884 0.003462
29.882553 0.99490753 0.006862
29.910242 1.00706945 0.004529
29.927914 1.00010940 0.004092
29.929259 0.99811304 0.004442
29.950665 1.00010240 0.005140
29.958920 0.99810082 0.005571
29.972996 0.99818418 0.007267
29.997397 1.00243717 0.004875
30.003974 0.99912896 0.006320
30.055212 0.99911163 0.006923
30.072494 0.99528718 0.005122
30.075007 1.00493722 0.006219
30.086128 1.00986602 0.004758
30.090398 1.00534097 0.007725
30.176425 1.00297411 0.004606
30.206609 0.99364721 0.005890
30.213254 0.99912514 0.006473
30.242038 0.98080887 0.006875
30.249299 0.99435188 0.005239
30.265920 1.00895913 0.007005
30.325137 0.98886218 0.007308
30.354448 1.00947085 0.005749
30.411434 0.99316858 0.006712
30.464775 0.98123587 0.004455
30.480989 0.98442591 0.006476
30.550633 0.97665678 0.004961
30.562262 0.97227782 0.003089
30.571051 0.97755040 0.007061
30.572166 0.97397358 0.004863
30.585125 0.97101374 0.004460
30.586604 0.97361683 0.004739
30.641556 0.98011638 0.005799
30.653875 0.97907574 0.005719
30.660821 0.97679826 0.006492
30.670147 0.97383384 0.006399
30.682501 0.96838024 0.005380
30.703017 0.97336671 0.004216
30.704978 0.97534283 0.006339
30.707238 0.96693786 0.003128
30.730534 0.97574404 0.004723
30.742827 0.97351691 0.006372
30.760594 0.96167718 0.005621
30.764894 0.97004739 0.006074
30.772925 0.97667890 0.004111
30.777341 0.96556683 0.003977
30.782909 0.96845873 0.004117
30.787485 0.97040203 0.006612
30.832548 0.97596444 0.005686
30.843182 0.99162233 0.007304
30.845325 0.97274894 0.006135
30.848001 0.98170981 0.003017
30.870711 0.98197485 0.004082
30.928425 0.97743853 0.007238
30.937857 0.98337585 0.005090
30.946836 0.98366791 0.004600
30.970063 0.98214491 0.003088
30.972557 0.98099993 0.005515
30.984907 0.97516869 0.003251
31.050300 0.97793461 0.004730
31.053209 0.98578288 0.007681
31.060802 0.99147033 0.005105
31.069222 0.98894431 0.003005
31.077366 0.98635988 0.007746
31.093737 0.98665211 0.005986
31.097576 0.97981295 0.003666
31.108225 0.98884144 0.005751
31.112511 0.99626560 0.003939
31.133368 0.99026949 0.005849
31.167113 1.00058839 0.003745
31.212860 1.00736222 0.006846
31.265355 1.01572637 0.006153
31.309249 1.00781214 0.004688
31.352554 1.01330122 0.004987
31.357532 1.01720938 0.003585
31.377369 1.01169560 0.004345
31.378613 1.01771288 0.003208
31.400664 1.02095461 0.004133
31.439734 1.02038513 0.007295
31.463708 1.02103520 0.004823
31.480074 1.02275825 0.006694
31.480835 1.02345118 0.006563
31.512516 1.02539651 0.006879
31.527926 1.02530836 0.006879
31.549620 1.02559653 0.003743
31.609193 1.02403848 0.003933
31.626380 1.02585314 0.007626
31.651616 1.02629355 0.004828
31.664171 1.03091285 0.007482
31.756074 1.02155594 0.006731
31.762521 1.01590789 0.006280
31.767209 1.01266415 0.006218
31.830331 1.02046209 0.004483
31.833977 1.02342062 0.005662
31.855840 1.01869837 0.007383
31.889256 1.01247679 0.003341
31.897437 1.01761244 0.005676
31.906998 1.02661277 0.006881
31.918402 1.01726609 0.004066
31.931007 1.01468077 0.006977
31.972771 1.01413817 0.007119
31.986810 1.01148565 0.005808
32.021209 1.01048669 0.004274
32.030572 1.00327247 0.007610
32.052937 1.01069660 0.007946
32.064528 1.00565108 0.007917
32.077903 1.01476721 0.007323
32.102366 1.00375144 0.005308
32.120495 1.00675188 0.007548
32.135426 0.93782651 0.004576
32.139567 1.00290371 0.004055
32.140314 1.01647249 0.007468
32.158824 1.00294988 0.004439
32.174862 1.00222611 0.005207
32.203065 0.99707687 0.004057
32.218270 1.00919090 0.005988
32.242889 0.99085966 0.006547
32.255860 1.00077092 0.006106
32.263733 0.99968817 0.005100
32.273202 1.00658098 0.006707
32.280174 0.99912002 0.003369
32.285302 0.99584404 0.004250
32.286865 0.99957977 0.005728
32.306041 0.99043376 0.003120
32.343800 0.99991063 0.005406
32.364431 1.00851248 0.005148
32.409300 1.00257799 0.006128
32.438403 1.00829088 0.006348
32.481247 1.00252601 0.006470
32.483614 1.00763700 0.007867
32.503042 1.00479176 0.005877
32.520537 1.00434953 0.005601
32.524627 0.99912951 0.005849
32.526029 0.99828945 0.005395
32.532973 0.99956063 0.005062
32.577677 1.00013662 0.003740
32.581292 1.00520499 0.003248
32.672435 1.00494314 0.007293
32.673410 0.99505621 0.007419
32.673682 0.99790570 0.007071
32.681762 0.99039445 0.004662
32.705129 0.99639156 0.003265
32.729389 0.99373368 0.003658
32.731437 0.99273321 0.003484
32.739683 0.99676167 0.003274
32.762242 0.99181170 0.005260
32.786878 0.99837275 0.006789
32.790558 1.00025155 0.005062
32.823096 0.98919478 0.007001
32.837626 0.99767913 0.006890
32.843817 0.99769839 0.004996
32.845819 0.99204360 0.006109
32.853789 0.99016078 0.005423
32.866687 0.99851782 0.004616
32.897668 0.99875384 0.006899
32.903014 0.99492587 0.003918
32.911279 0.99272666 0.003608
32.922248 0.99749188 0.006153
32.935898 0.98568086 0.004352
32.987367 0.99079062 0.007778
32.992533 0.99263078 0.007196
32.999350 0.98947975 0.007779
33.000845 0.99063148 0.004072
33.014997 0.99183826 0.006301
33.040215 0.98370492 0.005601
33.052648 0.99239203 0.004748
33.055928 0.98515010 0.006047
33.080923 0.97878879 0.006437
33.089642 0.98471025 0.006038
33.092101 0.98246196 0.007416
33.096867 0.97957876 0.007309
33.096898 0.98083251 0.005940
33.140168 0.97673638 0.005752
33.146163 0.98012049 0.005903
33.169785 0.96936851 0.006736
33.171939 0.98432318 0.005649
33.172576 0.98182113 0.003543
33.197252 0.97365385 0.004313
33.205013 0.98858946 0.006182
33.237669 0.98301489 0.004267
33.242140 0.97335252 0.005728
33.284139 0.97439470 0.007539
33.318551 0.97587059 0.003756
33.320716 0.98391538 0.004951
33.331881 0.97583006 0.007907
33.416416 0.97546737 0.003121
33.419091 0.97828243 0.007895
33.455256 0.97281793 0.007693
33.462155 0.97938061 0.006382
33.463293 0.97363268 0.003811
33.473527 0.97850568 0.003072
33.480743 0.97160205 0.006860
33.486990 0.97906571 0.004651
33.531466 0.97341893 0.003093
33.534524 0.96380917 0.004470
33.543485 0.97959894 0.003069
33.546664 0.98775527 0.007530
33.560133 0.98164720 0.003035
33.585300 0.97687216 0.005505
33.594809 0.99454031 0.007505
33.605654 0.98307622 0.007356
33.661357 0.98866630 0.004862
33.687725 0.99030351 0.007898
33.708854 0.98598157 0.007769
33.735151 0.98940885 0.007290
33.735160 0.99250526 0.005753
33.735440 0.99186951 0.006816
33.742041 0.99432190 0.005070
33.795061 0.99312297 0.004933
33.798061 0.99632398 0.003896
33.814965 1.00228916 0.007823
33.838926 0.99425499 0.004455
33.873791 1.00066842 0.005010
33.874305 1.01657946 0.007051
33.909999 1.01403829 0.004388
33.912651 1.01234694 0.005436
33.920953 1.01332162 0.006888
33.941156 1.01256242 0.006054
33.945305 0.99951126 0.005580
33.968144 1.01914127 0.005702
33.975313 1.01186774 0.006937
33.990027 1.00842509 0.003589
33.996309 1.01316283 0.004972
34.008668 1.01761194 0.006980
34.024700 1.03052683 0.005178
34.032418 1.01758790 0.006688
34.032618 1.01575645 0.007740
34.067552 1.02318011 0.005288
34.094228 1.02363208 0.004747
34.126191 1.01979445 0.003953
34.156277 1.02274787 0.007565
34.177146 1.02535810 0.004494
34.190600 1.01993598 0.005585
34.202127 1.02126263 0.004929
34.210095 1.02364257 0.004619
34.220345 1.03058018 0.006519
34.229037 1.03227586 0.004214
34.230846 1.02487725 0.003556
34.249930 1.02770923 0.007438
34.258354 1.02243315 0.003563
34.263522 1.02707357 0.004665
34.295281 1.02872394 0.004027
34.313580 1.02158197 0.007831
34.355015 1.01764832 0.003796
34.390155 1.01871494 0.005494
34.433861 1.02231969 0.003840
34.463373 1.01238589 0.004562
34.481231 1.02455808 0.005845
34.484025 1.01447429 0.006597
34.496184 1.01681176 0.007379
34.508055 1.00988589 0.007870
34.546698 1.00987911 0.004126
34.546893 1.01723968 0.004066
34.581974 1.01442557 0.007103
34.590589 1.01424522 0.006292
34.702485 1.01313466 0.003878
34.711084 1.00297400 0.003854
34.715920 1.00764206 0.007682
34.734137 1.00987772 0.004852
34.757473 1.00751772 0.004561
34.812086 0.99270729 0.004898
34.817448 1.00633554 0.004577
34.817544 1.00307122 0.003302
34.836284 0.99847325 0.007870
34.848497 1.01259839 0.007170
34.867481 0.99820664 0.006842
34.890920 0.99987441 0.004760
34.893198 0.99152481 0.006758
34.941614 1.00615149 0.004595
34.951359 0.99800585 0.003654
34.955515 1.00127633 0.006881
35.046748 1.00142615 0.004837
35.053663 1.00288815 0.005328
35.054547 1.00161114 0.007243
35.079855 1.00211102 0.004762
35.088369 1.01232608 0.006126
35.104313 1.00341717 0.003880
35.106367 1.00188387 0.004784
35.113727 1.00161624 0.003666
35.126517 1.00261054 0.004228
35.132869 1.00035562 0.006246
35.167647 0.99679657 0.005257
35.217207 1.00036216 0.003503
35.220456 0.99707661 0.006850
35.282180 0.99887984 0.006553
35.327149 1.00631497 0.005078
35.329162 1.00405016 0.003652
35.331223 1.01028963 0.004959
35.343168 0.99872365 0.006787
35.378159 1.00170868 0.004148
35.384825 0.99024159 0.003932
35.403254 1.00083840 0.004930
35.405478 1.00063390 0.004959
35.452603 0.99559342 0.006268
35.462240 0.99580714 0.007951
35.482599 0.99921159 0.007686
35.487013 0.99087194 0.004249
35.528656 0.98975305 0.006878
35.531683 0.99389114 0.007554
35.541337 0.99248092 0.003982
35.552150 0.99203072 0.005342
35.575609 0.98678823 0.005507
35.580426 1.00234606 0.005364
35.617637 0.98165366 0.005220
35.636529 0.98389969 0.003755
35.639252 0.99363511 0.003068
35.666562 0.97978357 0.007991
35.670048 0.99163305 0.006122
35.681274 0.98651606 0.004325
35.685854 0.98684688 0.003226
35.702662 0.97346449 0.005874
35.749440 0.98386455 0.003663
35.783923 0.98245721 0.005137
35.789650 0.97078082 0.005176
35.793878 0.97770748 0.005794
35.796978 0.97629314 0.006721
35.797581 0.96988375 0.007549
35.834658 0.99088409 0.005062
35.847380 0.96937509 0.007256
35.853978 0.96891163 0.005581
35.863692 0.98225764 0.004368
35.879655 0.98111716 0.003757
35.929576 0.97629236 0.007042
35.929850 0.97214895 0.005550
35.939738 0.97979197 0.006527
35.950970 1.05043456 0.005038
35.978213 0.97765130 0.006057
35.980529 0.97856990 0.005295
35.983265 0.97739434 0.006212
36.047396 0.97650420 0.005490
36.069926 0.97118476 0.006209
36.072735 0.97864963 0.005107
36.095633 0.98589223 0.003882
36.101274 0.99055306 0.007508
36.116241 0.97955093 0.005362
36.127518 0.97565217 0.003210
36.165829 0.97433070 0.004654
36.179621 0.97707874 0.007616
36.192177 0.97643760 0.004854
36.233931 0.98581693 0.005640
36.249525 0.98398176 0.006302
36.272009 0.98532492 0.007618
36.286385 0.99083230 0.004908
36.286558 0.98419273 0.005560
36.303319 0.99272080 0.007350
36.309889 0.99346855 0.004962
36.411791 0.99882596 0.003936
36.478124 1.00535241 0.004074
36.487423 1.01622156 0.005059
36.498531 1.00866803 0.007889
36.531706 1.01484003 0.006489
36.535189 1.01319794 0.005724
36.540944 1.01333976 0.007108
36.543986 1.01119182 0.005507
36.551700 1.01788864 0.006314
36.560508 1.01484076 0.005521
36.579249 1.01957409 0.007090
36.602645 1.02009637 0.006955
36.620629 1.01849328 0.006912
36.646538 1.02143059 0.004431
36.674515 1.02369720 0.004800
36.749836 1.01882478 0.006488
36.790855 1.03054792 0.004193
36.814749 1.02837434 0.007305
36.821119 1.02078304 0.004764
36.834860 1.02532138 0.006523
36.886228 1.02795919 0.003824
36.887748 1.02752393 0.007037
36.914440 1.02443679 0.007370
36.983886 1.01690835 0.005869
36.993914 1.03108203 0.006630
37.001694 1.01997664 0.004448
37.008988 1.02537149 0.007589
37.069143 1.02014972 0.006826
37.075408 1.02324086 0.004305
37.103166 1.02816570 0.006930
37.114066 1.01577208 0.004271
37.141093 1.01182192 0.005134
37.145282 1.01734100 0.004277
37.210696 1.01322981 0.004693
37.246044 1.00021355 0.006799
37.277302 1.00557268 0.003266
37.313662 1.00925849 0.004805
37.315687 1.01028725 0.003396
37.332087 0.99945756 0.003667
37.332702 1.00705960 0.003829
37.350265 1.00366165 0.007738
37.411922 1.00519046 0.006027
37.458728 0.99718729 0.007660
37.470470 1.00743434 0.006305
37.487762 0.99828967 0.004319
37.487861 0.99539589 0.005210
37.519113 0.99620376 0.005718
37.539590 1.00244515 0.006500
37.579927 1.00340150 0.007508
37.591377 1.00682123 0.006421
37.594913 0.99409002 0.004610
37.599440 0.99924861 0.004309
37.658552 1.00070932 0.004347
37.671929 0.99561319 0.007030
37.698084 1.00977890 0.003878
37.738923 0.99500684 0.003384
37.740308 0.99882397 0.004574
37.761234 1.00545137 0.005984
37.768288 0.99425747 0.004635
37.810540 0.99784168 0.005795
37.822813 1.00069139 0.006419
37.838714 1.00074898 0.007474
37.845186 0.99683413 0.005427
37.868301 0.99721121 0.006800
37.890314 0.99901134 0.003656
37.918948 1.00171852 0.007332
37.931116 0.99140859 0.004724
37.931320 0.99317613 0.003376
37.950948 0.99861000 0.006145
37.954759 0.99743104 0.005461
37.989907 0.99097509 0.006221
38.024282 0.99064288 0.004582
38.087508 0.99798501 0.004931
38.129548 0.99192381 0.003872
38.168707 0.98565999 0.006111
38.171318 0.98920952 0.004290
38.192409 0.98578455 0.003689
38.218990 0.98414252 0.007849
38.227373 0.98953123 0.006996
38.248951 0.98185671 0.007538
38.260907 0.97071801 0.007493
38.264232 0.98034021 0.004655
38.266302 0.98548644 0.006797
38.312919 0.98966576 0.007558
38.319189 0.97463891 0.005462
38.344680 0.97517405 0.004960
38.366324 0.97565169 0.005691
38.387193 0.97990002 0.004818
38.402022 0.98198535 0.007235
38.415520 0.98143264 0.004952
38.447806 0.98492748 0.006404
38.451500 0.97662203 0.006323
38.467227 0.97469635 0.005965
38.513382 0.97224030 0.003188
38.534108 0.97359063 0.004166
38.626067 0.97671967 0.003360
38.646996 0.97436538 0.004733
38.662383 0.97242932 0.007621
38.662949 0.97087125 0.004648
38.688796 0.99291859 0.007321
38.726732 0.97682105 0.003612
38.747711 0.97933442 0.007171
38.753968 0.97701075 0.004808
38.764132 0.97057571 0.006632
38.765566 0.98069410 0.007452
38.776071 0.97950745 0.004274
38.777664 0.97620228 0.007687
38.778726 0.98719160 0.005782
38.786681 0.98414278 0.006473
38.787317 0.98733680 0.004073
38.801931 0.98941221 0.007426
38.805939 0.98624388 0.006400
38.815809 0.97280881 0.007777
38.818822 0.99757670 0.004804
38.865814 0.98744804 0.006504
38.885217 0.98856149 0.007096
38.896878 0.99409827 0.005252
38.903084 0.99468974 0.007839
38.903422 0.99455140 0.005537
38.923242 0.98868182 0.005838
38.932982 1.00073261 0.006876
38.934300 0.99203129 0.006769
38.944761 1.00127842 0.007301
38.951944 0.99485624 0.005618
38.970077 0.99176034 0.004681
38.996916 0.99976592 0.006691
38.997914 0.99787897 0.003923
39.025264 1.00316852 0.005864
39.118944 1.01672203 0.007835
39.120784 1.01936022 0.006630
39.125976 1.01106873 0.007952
39.128099 1.01548770 0.006450
39.128338 1.01089716 0.004791
39.129071 1.01251558 0.007919
39.132244 1.01026443 0.007321
39.146210 1.01385131 0.004910
39.258235 1.02108793 0.003392
39.261788 1.01568618 0.007232
39.261810 1.02212450 0.005055
39.336321 1.02398463 0.003794
39.348882 1.03032334 0.006281
39.364717 1.03092172 0.004979
39.370130 1.07047395 0.006262
39.374353 1.02385692 0.006738
39.374643 1.01585797 0.003328
39.395637 1.02300814 0.005273
39.418210 0.97658278 0.005484
39.423472 1.02160231 0.004597
39.443745 1.02809888 0.005137
39.447913 1.02745757 0.007729
39.455156 1.02166015 0.004151
39.457980 1.01984077 0.005733
39.517628 1.01330243 0.007624
39.559781 1.01897615 0.007506
39.561661 1.02345837 0.006776
39.587916 1.03235266 0.007551
39.595054 1.03048509 0.003166
39.619543 1.02755123 0.004773
39.653666 1.02180659 0.004306
39.687748 1.03061126 0.006176
39.716626 1.02076947 0.003050
39.751182 1.01271891 0.006994
39.813426 1.00745638 0.005700
39.883186 1.00616207 0.003646
39.883947 1.00228651 0.004263
39.902281 1.00359870 0.003872
39.911789 1.01535791 0.005610
39.915069 1.01268192 0.007746
39.929920 1.00883846 0.007819
39.953241 1.01162909 0.004489
39.969587 1.00300587 0.005563
39.981099 1.00200462 0.005707
39.990218 1.00605065 0.004959
40.021123 1.00554726 0.003606
40.027814 0.99876852 0.007283
40.029605 0.99930570 0.004122
40.053531 1.00114506 0.007014
40.064232 1.00772501 0.003194
40.104220 1.00445834 0.003385
40.129340 1.00233777 0.006909
40.165133 0.95399970 0.007803
40.225305 1.00065259 0.003720
40.227359 0.99382801 0.007056
40.230867 0.99697681 0.006953
40.240990 0.99718527 0.005900
40.263491 1.00049137 0.006002
40.290464 1.00255602 0.005129
40.322418 1.00117756 0.007560
40.368131 1.00117598 0.004114
40.384319 0.99954658 0.006445
40.400313 0.99956175 0.005899
40.409375 1.00803875 0.004930
40.414152 0.99186894 0.004980
40.418836 1.00095395 0.003925
40.419947 0.99789761 0.004855
40.456223 1.00176639 0.005332
40.464644 1.00140822 0.004261
40.528754 0.99884700 0.003203
40.546000 1.00012929 0.004997
40.552058 0.99893364 0.003121
40.576710 1.00110184 0.004949
40.599608 0.99807558 0.007172
40.636735 0.99604050 0.003864
40.639788 0.99607910 0.007875
40.640264 0.99452838 0.003987
40.657823 0.99780154 0.005878
40.663597 0.99701211 0.006719
40.672783 1.00267403 0.007930
40.685141 0.99103410 0.006566
40.689936 0.99457319 0.007003
40.691969 0.93187785 0.007146
40.702521 0.99707613 0.003990
40.758403 0.98781251 0.005678
40.785917 0.99927800 0.003085
40.798619 0.99525446 0.005943
40.817463 0.98732288 0.003257
40.825179 0.98915820 0.003893
40.868403 0.98222099 0.007467
40.880177 0.98679385 0.004743
40.888140 0.98546550 0.006139
40.928065 0.98910372 0.003330
40.935427 0.97558845 0.007205
40.960539 0.98685593 0.006317
40.968518 0.97943815 0.004331
40.987336 0.98150118 0.003743
41.004812 0.97745466 0.003612
41.009292 0.98551458 0.007724
41.012456 0.97796328 0.005368
41.012525 0.97497063 0.007857
41.029221 0.98352443 0.004716
41.041466 0.97336357 0.004173
41.114961 0.97017300 0.003888
41.117195 0.98270452 0.005972
41.117250 0.96918179 0.003258
41.133478 0.97639131 0.006406
41.144472 0.97395317 0.005270
41.147439 0.96905992 0.006706
41.165821 0.97285638 0.006004
41.179545 0.97423838 0.004408
41.179876 0.97613729 0.005346
41.264927 0.97425176 0.004593
41.268119 0.98191117 0.006064
41.273307 0.97458961 0.007242
41.279031 0.96605615 0.007137
41.284836 0.97662647 0.007503
41.327896 0.98039676 0.007024
41.345044 0.97956706 0.007031
41.366912 1.03230855 0.003112
41.408332 0.97721209 0.006692
41.471591 0.99785299 0.006785
41.540221 0.99947934 0.006058
41.552831 0.99324108 0.005989
41.558747 1.00663730 0.007750
41.561369 0.98846511 0.004494
41.569420 0.93098585 0.005644
41.571247 0.99499588 0.006234
41.576088 0.99130237 0.006826
41.615443 0.99887706 0.003581
41.654008 1.00506668 0.007217
41.667089 1.00539132 0.004352
41.680483 1.00908370 0.003543
41.720207 1.00932246 0.003786
41.724584 1.00363876 0.006944
41.739623 1.00441944 0.006213
41.756099 1.01206443 0.004932
41.788139 1.02289059 0.006684
41.791190 1.02638815 0.006906
41.814552 1.01704004 0.004711
41.837095 1.02462871 0.003616
41.843189 1.01667123 0.004154
41.865743 1.02729791 0.007648
41.870583 1.02065244 0.004393
41.878091 1.02852598 0.003455
41.938280 1.02471481 0.007189
41.945663 1.02842278 0.004219
42.014669 1.02382237 0.004538
42.019133 1.03226275 0.006617
42.050275 1.03100110 0.005116
42.074213 1.01976735 0.007125
42.100796 1.01382339 0.007349
42.101845 1.02902071 0.003984
42.125146 1.00855236 0.005027
42.167277 1.02918521 0.007477
42.190917 1.02853170 0.006137
42.234150 1.02443791 0.004008
42.297526 1.01809904 0.004409
42.303993 1.01540527 0.003670
42.347125 1.00245102 0.004802
42.367441 1.00588997 0.007378
42.463658 1.01009632 0.003044
42.506493 1.00693930 0.004342
42.513559 1.00552503 0.004610
42.544199 1.00547427 0.004221
42.554996 1.00107505 0.005875
42.561599 1.00289664 0.005441
42.579357 1.00039761 0.006973
42.611378 1.00565505 0.007696
42.632275 1.01280816 0.007885
42.653501 0.99870142 0.007723
42.670943 0.99661010 0.005298
42.692958 1.00324259 0.005695
42.700472 1.00351582 0.006953
42.742479 1.00031182 0.005301
42.748976 1.01052410 0.007890
42.750587 0.98807629 0.006013
42.755932 0.99628928 0.005206
42.780592 0.99506920 0.004917
42.827094 0.99786391 0.003074
42.869214 0.99488745 0.004003
42.889911 0.99327977 0.005490
42.905294 1.00477223 0.006397
42.905403 0.99313535 0.003366
42.928538 1.00327750 0.005360
42.953407 1.00350885 0.003227
42.989089 1.00503354 0.007264
43.025832 1.00102659 0.006481
43.097174 0.99326584 0.004522
43.112827 1.00262368 0.005706
43.169124 0.99550101 0.006991
43.227712 0.99096487 0.007880
43.298548 0.98565346 0.003368
43.317712 0.98738644 0.003396
43.362865 0.98740604 0.006292
43.401233 0.99080312 0.007147
43.420003 0.98811907 0.003904
43.451332 0.98232295 0.004670
43.495486 0.99195532 0.003396
43.568504 0.98089437 0.005061
43.632345 0.97550281 0.006552
43.638771 0.97742393 0.005251
43.643791 0.97129695 0.004769
43.644217 0.97504312 0.006396
43.672593 0.97660409 0.005495
43.679571 0.98038820 0.004560
43.725501 0.97771053 0.006308
43.727515 0.97337191 0.004980
43.736609 0.97910504 0.007412
43.773717 0.96410018 0.005792
43.790686 0.96913407 0.004138
43.794016 0.97454473 0.004582
43.836580 0.98108075 0.004191
43.885455 0.96729380 0.003612
43.898372 0.97664318 0.003628
43.904683 0.97711252 0.004440
43.914664 0.97549627 0.004262
43.926525 0.98070915 0.004157
43.965346 0.98758693 0.004737
43.967359 0.99419379 0.006045
43.973279 0.98215100 0.005992
43.980967 0.98783714 0.004263
44.008035 0.98718133 0.006812
44.041035 0.98988512 0.006919
44.055410 0.97937150 0.003869
44.064043 0.98329721 0.006766
44.084342 0.99814017 0.004363
44.099465 0.98939934 0.003653
44.102043 0.98822422 0.004433
44.118672 0.99979566 0.007320
44.150091 0.98868261 0.003397
44.187385 1.00335720 0.005251
44.213798 0.99870480 0.007555
44.233712 1.00030331 0.006422
44.250697 1.01214401 0.006681
44.301019 1.00896202 0.006919
44.344438 1.01601665 0.005390
44.368012 1.01629965 0.004160
44.403431 1.01371251 0.006918
44.406999 1.02204115 0.004794
44.425007 1.02350558 0.007845
44.441387 1.02430306 0.006150
44.460116 1.02258442 0.006549
44.508313 1.02353429 0.004510
44.547163 1.01747680 0.006388
44.576556 1.01979167 0.007217
44.614391 1.02459346 0.006107
44.635135 1.02979655 0.005138
44.640313 1.03023960 0.006807
44.662214 1.02050096 0.003491
44.722796 1.02087369 0.005738
44.724740 1.02198153 0.006497
44.745045 1.02635837 0.004681
44.766519 1.02311329 0.004655
44.767043 1.02075028 0.007316
44.806994 1.02942111 0.005221
44.818923 1.02368001 0.003090
44.853123 1.01546507 0.005870
44.856576 1.00710626 0.006008
44.858380 1.01730219 0.005620
44.869911 1.01258262 0.005589
44.880097 1.01799461 0.007281
44.880655 1.01934672 0.003189
44.983330 1.01481756 0.004551
45.019945 1.01764017 0.007138
45.042142 1.01241924 0.007554
45.043316 1.00700106 0.004993
45.083006 1.01862041 0.003958
45.087877 1.01439944 0.007602
45.099473 1.00216090 0.007331
45.109818 1.00544342 0.007074
45.126480 0.99830448 0.004816
45.149189 1.00704910 0.003296
45.215555 1.00414938 0.005654
45.220217 1.00328936 0.004341
45.229407 1.00445514 0.003741
45.249079 1.01226537 0.006405
45.276105 1.00137113 0.007604
45.288224 0.99559047 0.006751
45.318891 1.00298404 0.003369
45.366559 0.99860601 0.006774
45.399051 0.99927334 0.003193
45.423288 1.00744099 0.005993
45.424653 1.00149776 0.007449
45.430963 1.00089140 0.004184
45.431709 0.99670490 0.007702
45.477605 0.99922536 0.003330
45.486254 0.99979982 0.007730
45.491265 0.99707087 0.005661
45.502258 0.98792684 0.007508
45.521521 0.99537009 0.007311
45.522109 1.01427824 0.004242
45.529449 0.99924020 0.007308
45.555513 1.00516497 0.005378
45.561110 1.00160049 0.007339
45.582984 0.98963054 0.006842
45.615888 0.99259487 0.004058
45.642315 1.00842086 0.004671
45.684309 0.99271493 0.005480
45.734451 1.00368055 0.007913
45.758368 0.99793052 0.007806
45.771116 1.00084945 0.007624
45.797341 0.99926609 0.003453
45.889941 0.99243629 0.003561
45.895886 0.98564469 0.004680
45.905658 0.99310260 0.005474
45.909471 0.99818890 0.007677
45.951375 0.98994312 0.005651
45.960437 0.98985793 0.006922
45.963926 0.98856581 0.006843
45.967438 0.98705174 0.003549
45.973615 0.99199594 0.004589
46.006443 0.99210630 0.004127
46.011827 0.98702888 0.005933
46.012513 0.98501865 0.005549
46.041348 0.98520343 0.006208
46.046555 0.99206046 0.003686
46.052741 0.98317056 0.006661
46.073558 0.98346032 0.006858
46.081493 1.00511377 0.003115
46.085308 0.97885901 0.004028
46.104294 0.98104598 0.004272
46.143162 0.97363321 0.007173
46.174025 0.97077114 0.005146
46.255043 0.98437495 0.005221
46.262298 0.97548800 0.006794
46.278367 0.98296527 0.005859
46.278807 0.97593796 0.007706
46.278907 0.96633930 0.006467
46.288575 0.97492275 0.007354
46.290046 0.97115069 0.004994
46.327781 0.97636418 0.006420
46.333840 0.97520324 0.003293
46.353590 0.98701801 0.007490
46.361052 0.97039853 0.006864
46.388357 0.97235492 0.005498
46.396750 0.97285725 0.007698
46.406478 0.97311846 0.006441
46.413817 0.97680044 0.007036
46.427541 0.97861317 0.005765
46.645461 0.98386179 0.006210
46.674221 0.99097781 0.005998
46.681252 0.98962348 0.003850
46.694879 0.99436950 0.003507
46.735975 0.99401624 0.007775
46.792540 0.99206924 0.006376
46.805386 0.99803224 0.003213
46.840260 1.00844180 0.006367
46.869654 1.00937972 0.003744
46.890553 1.01189008 0.006659
46.891800 1.01461832 0.005771
46.903412 1.00462612 0.003329
46.912662 1.00310458 0.007361
46.917031 1.01199081 0.006044
46.947185 1.01854764 0.007709
46.975397 1.00614176 0.004047
46.976501 1.01001973 0.007295
47.001706 1.06627842 0.005609
47.026914 1.02025717 0.006448
47.085440 1.02464419 0.007171
47.132194 1.02809260 0.007127
47.134145 1.02075865 0.006344
47.135331 1.01769996 0.007538
47.143327 1.01552037 0.007518
47.159253 1.05142838 0.005922
47.159727 1.02646957 0.006727
47.191094 1.03640180 0.007925
47.207068 1.02573006 0.006496
47.221767 1.02696314 0.004966
47.233015 1.02472401 0.005501
47.281973 1.02523202 0.003062
47.292544 1.02850853 0.005765
47.322519 0.99656432 0.004721
47.338482 1.02772484 0.005480
47.341863 1.01884923 0.004616
47.344964 1.02669393 0.004550
47.348548 1.02716966 0.004414
47.362079 1.02495769 0.005043
47.374152 1.03238346 0.006552
47.390696 1.01481604 0.004225
47.392997 1.03372449 0.007880
47.393375 1.02099790 0.004364
47.466784 1.01521153 0.003232
47.486160 1.01747343 0.004620
47.488049 1.01366333 0.004853
47.511841 1.01080762 0.003050
47.517298 1.01511018 0.007869
47.518305 1.02069107 0.005499
47.555359 1.01556718 0.006295
47.575942 1.01362043 0.003596
47.609525 1.01369676 0.003131
47.615587 1.00658368 0.003985
47.645435 1.01087325 0.007192
47.664137 1.00751617 0.003729
47.668397 1.00803078 0.003465
47.671650 1.00688030 0.006910
47.690616 1.00210088 0.005981
47.699697 1.00859527 0.007291
47.731938 1.00806152 0.007509
47.773514 1.01064159 0.006146
47.838730 0.99265727 0.006553
47.870303 1.00321347 0.004533
47.876377 1.00020790 0.005393
47.889919 1.00459914 0.006577
47.931441 1.00244771 0.006561
47.954342 1.00378224 0.006977
47.965944 1.00689181 0.003400
47.999892 0.99646446 0.005750
48.009023 1.00001610 0.004382
48.032007 0.99613484 0.007380
48.032696 1.00011276 0.005814
48.034652 0.99768855 0.005562
48.052845 0.99858351 0.003076
48.069720 1.00088159 0.004797
48.087648 0.99744940 0.005538
48.089853 0.99494183 0.007150
48.090801 1.00402755 0.006820
48.098940 0.99655318 0.006277
48.106023 1.00468052 0.004856
48.111651 1.00701137 0.005946
48.115129 1.00383586 0.004985
48.136535 0.99516074 0.007685
48.143339 0.99880587 0.004916
48.217070 1.00172211 0.004437
48.225825 0.99495040 0.003888
48.231588 0.99568031 0.006850
48.277500 1.01039441 0.007397
48.280203 1.00577538 0.004824
48.325114 1.00033124 0.004006
48.330537 0.99856354 0.007143
48.334241 0.99882165 0.004583
48.378475 0.99918591 0.005514
48.414533 0.99401284 0.003798
48.428271 0.99825289 0.005142
48.436376 0.99368015 0.006973
48.441321 1.00684421 0.007523
48.449545 0.99458899 0.005524
48.453484 0.99786467 0.003666
48.474147 0.99504648 0.005358
48.476431 1.00532500 0.006485
48.517854 0.99592039 0.003663
48.538541 0.99477191 0.006057
48.564891 0.98613464 0.005287
48.572434 0.99202215 0.004754
48.581358 0.98565363 0.004443
48.707334 0.98495746 0.003064
48.712480 0.98621227 0.003298
48.761158 0.98404097 0.005772
48.767913 0.98093797 0.007394
48.781768 0.97944675 0.004552
48.785456 0.97952768 0.007544
48.795110 0.98947646 0.004264
48.811865 0.97656849 0.007146
48.817702 0.97589226 0.005330
48.817972 0.97851367 0.004125
48.818461 0.97910970 0.003073
48.838414 0.97701768 0.006453
48.843736 0.97869128 0.007406
48.848596 0.97617985 0.006979
48.855676 0.97355845 0.004304
48.878285 0.97999742 0.004243
48.884436 0.98130103 0.004248
48.887831 0.96666925 0.007070
48.950059 0.96588568 0.005915
49.036579 0.97595550 0.007759
49.051817 0.97964833 0.004509
49.139409 0.98244860 0.003560
49.141540 0.97502465 0.005532
49.150324 0.98577393 0.007685
49.156555 0.98126457 0.006153
49.165708 0.97995737 0.004799
49.173476 0.98563503 0.006049
49.181908 0.99014875 0.006145
49.182101 0.96753468 0.006021
49.182921 0.97293433 0.004793
49.187180 0.97018224 0.003128
49.209847 0.97744461 0.004002
49.211229 0.97492243 0.004518
49.214309 0.98166039 0.005690
49.218389 0.99197557 0.005352
49.230751 0.98675484 0.004054
49.248595 0.98498445 0.007911
49.293866 0.99238821 0.003805
49.298041 1.00166006 0.005086
49.331854 0.99417184 0.004961
49.384616 0.99231833 0.007908
49.404395 1.00554010 0.007171
49.405254 0.99424544 0.006579
49.407828 0.99948311 0.005936
49.420442 1.01324524 0.007361
49.431161 0.99995253 0.004014
49.461424 1.00423811 0.003743
49.486070 1.02440910 0.007723
49.542326 1.01414137 0.007693
49.544922 1.00508892 0.005657
49.551118 1.01893803 0.007717
49.590021 1.02087618 0.004223
49.631150 1.01041563 0.006472
49.641596 1.02234281 0.007728
49.646601 1.01292778 0.007078
49.698499 1.02528854 0.004546
49.703974 1.02136404 0.005520
49.710580 1.01323865 0.003335
49.718747 1.02736579 0.005386
49.732990 1.02740918 0.007967
49.736193 1.01970200 0.005177
49.736232 1.02161068 0.005000
49.764542 1.03140977 0.006203
49.776739 1.01868500 0.003814
49.785014 1.01621647 0.005337
49.801545 1.01908504 0.005669
49.815380 1.02972590 0.004467
49.847641 1.02590679 0.004977
49.860740 1.01714517 0.006332
49.931495 1.02333605 0.004403
49.950891 1.02069736 0.007744
49.959650 1.02122889 0.004974
49.983711 1.02375487 0.006623
