# Star 1 - Telescope tess - Campaign 1
# Time Flux Error
# days relative_flux relative_error
0.078960 1.01315649 0.003195
0.080791 1.00444109 0.005019
0.082667 1.01009546 0.005761
0.098243 1.01060775 0.007906
0.101708 1.01182759 0.006079
0.104604 1.00939410 0.007999
0.113459 1.01623876 0.005345
0.116386 1.02043047 0.003942
0.166817 1.01248169 0.006729
0.184067 1.01231144 0.005229
0.189360 1.01341504 0.006002
0.191672 1.00868360 0.005286
0.199214 1.01504946 0.003086
0.222292 1.01002227 0.006684
0.225628 1.01485687 0.007953
0.235122 1.01606762 0.007363
0.239869 1.02223239 0.003832
0.243009 1.02324797 0.005359
0.279497 1.02225813 0.005758
0.289219 1.02415389 0.003786
0.304246 1.02704556 0.004771
0.333899 1.01934844 0.004277
0.339772 1.02458724 0.006627
0.349076 1.01452540 0.005320
0.352297 1.02084038 0.003636
0.388299 1.01551436 0.004855
0.396426 1.03318492 0.007153
0.442421 1.02319556 0.004753
0.530794 1.02746224 0.005115
0.531451 1.02514929 0.004682
0.533832 1.02183230 0.005145
0.534385 1.01898174 0.005956
0.556400 1.01961408 0.003881
0.570517 1.02002990 0.006114
0.595851 1.01504466 0.004610
0.627988 1.02086460 0.007800
0.667692 1.01758546 0.003136
0.677654 1.01504554 0.005038
0.684675 1.01003544 0.004820
0.708308 1.09694332 0.007939
0.714798 1.02030439 0.007286
0.742511 1.01770240 0.005445
0.745034 1.01442428 0.003733
0.799123 1.00696820 0.005358
0.814268 1.00344210 0.004902
0.837303 1.01164308 0.005977
0.844520 1.00685386 0.006706
0.868746 1.00831411 0.007441
0.872196 0.99925066 0.004712
0.872708 1.00663629 0.004896
0.876669 1.00223714 0.006509
0.879091 1.01253626 0.005530
0.880702 1.00478620 0.006846
0.886243 1.00285197 0.006334
0.886657 1.01216733 0.007178
0.895725 1.00178896 0.007933
0.910643 0.99661886 0.003264
0.919507 0.99699958 0.005874
0.941960 1.01036532 0.007280
0.945627 1.00143368 0.003257
0.999320 1.00117006 0.004517
1.018861 0.99963887 0.007817
1.050472 0.99309031 0.007794
1.053235 1.00266575 0.007453
1.060956 1.00010222 0.005812
1.089906 0.99016804 0.003098
1.096702 1.00335449 0.006093
1.114326 0.99060052 0.006839
1.150426 1.00586183 0.007299
1.171585 0.99532982 0.004002
1.225058 0.99547266 0.005304
1.268993 0.99668558 0.003594
1.283261 1.00175391 0.003625
1.343933 0.99093443 0.004595
1.348290 0.99709203 0.004440
1.482660 1.00688068 0.004653
1.496908 0.99611278 0.007605
1.571186 0.99521338 0.005640
1.585436 0.99129712 0.007220
1.612146 0.98910227 0.004477
1.630688 0.98493430 0.003784
1.630788 0.99167563 0.006917
1.635646 0.99037044 0.006421
1.642782 0.99860451 0.003930
1.704285 0.99862884 0.003740
1.717805 0.98590644 0.006761
1.734242 0.98767299 0.006351
1.746537 0.99028692 0.003878
1.757259 0.99057893 0.003634
1.787170 0.98989705 0.005963
1.802682 0.98908211 0.006406
1.812514 0.98167842 0.003953
1.820262 0.98699276 0.004623
1.890509 0.97835505 0.007305
1.932502 0.97529434 0.006024
1.952952 0.97744279 0.007896
1.975023 0.97385202 0.004738
2.044351 0.97022289 0.006701
2.077227 0.97221798 0.006527
2.087601 0.97043433 0.003949
2.110108 0.97246656 0.005626
2.151907 0.97493359 0.005141
2.164147 0.98007276 0.007158
2.181172 0.97581126 0.003777
2.197559 0.98204160 0.006956
2.219086 0.98094510 0.007841
2.257811 0.97588818 0.007390
2.260934 0.97926220 0.006596
2.351131 0.98929402 0.003913
2.354160 0.98475345 0.003994
2.380385 0.96734132 0.007277
2.389321 0.99196497 0.004623
2.409645 0.99399959 0.003418
2.435492 0.99124043 0.003854
2.439935 0.99458119 0.003525
2.442831 0.99516117 0.006958
2.516327 0.99974141 0.006292
2.525806 1.00870778 0.005863
2.557493 1.00027558 0.004140
2.563306 1.00692666 0.007880
2.585500 1.00264909 0.005784
2.596718 1.01035363 0.007808
2.596870 1.00701227 0.007402
2.682091 1.01394217 0.007870
2.705144 1.02018075 0.007742
2.705283 1.01975564 0.006179
2.725640 1.02151727 0.003795
2.739728 1.03392230 0.005068
2.799495 1.01973153 0.005689
2.799539 1.02950557 0.007896
2.847466 1.02529596 0.005338
2.849642 1.02435159 0.007576
2.853034 1.02333577 0.007662
2.886752 1.03259099 0.004117
2.917611 1.02365908 0.004977
2.918869 1.02216348 0.004294
2.929529 1.03408218 0.005182
2.944505 1.02612211 0.005365
2.993027 1.01591623 0.006083
3.012115 1.02404328 0.005170
3.030027 1.02638091 0.006885
3.036257 1.02906134 0.006490
3.046508 1.01443786 0.005405
3.055027 1.02352651 0.007290
3.056624 1.01832921 0.004306
3.078227 1.02320129 0.006963
3.087922 1.02715993 0.004497
3.135246 1.02418442 0.005123
3.141529 1.02160546 0.003472
3.154623 1.02698910 0.003027
3.158571 1.01292631 0.004133
3.170652 1.01295789 0.006402
3.180096 1.01752879 0.003840
3.201254 1.01265157 0.007502
3.213438 1.01526518 0.006356
3.246734 1.01093807 0.005198
3.401626 1.00228637 0.004777
3.406829 1.00514539 0.007893
3.422802 1.00068317 0.007990
3.431622 1.00441463 0.007276
3.452483 1.00624393 0.004646
3.466626 1.00653380 0.006730
3.472051 1.01106777 0.005158
3.485322 0.99802574 0.007905
3.543892 1.00435921 0.005220
3.551987 1.00100096 0.003769
3.563466 1.00002484 0.004177
3.569403 1.00943220 0.004350
3.596249 1.00471837 0.005275
3.669064 1.00052372 0.005261
3.679591 1.00581950 0.003768
3.732572 1.00662848 0.007492
3.744821 0.99775772 0.007107
3.773289 0.99666817 0.007890
3.789326 1.00140847 0.005448
3.807799 0.99835915 0.007217
3.824408 1.00870192 0.003681
3.828648 0.99989464 0.006186
3.833086 1.00476051 0.006229
3.837962 0.99191194 0.006627
3.848390 0.99529471 0.003810
3.850606 1.00624383 0.003118
3.854503 0.99973089 0.005340
3.903390 1.00875533 0.005536
3.905917 1.00152087 0.004769
3.950130 0.99753477 0.005760
3.986838 1.00276571 0.007540
3.991933 0.98544493 0.005676
4.023590 1.00529429 0.005234
4.036241 0.98839650 0.007625
4.080716 1.00643560 0.003693
4.084143 0.99451980 0.006123
4.084682 0.99491580 0.006742
4.087835 0.99999817 0.003185
4.132110 0.99000110 0.006158
4.145556 0.99668847 0.006562
4.151185 0.98390070 0.006622
4.157494 1.02763994 0.006490
4.206910 0.99761653 0.006667
4.209360 0.98577788 0.003703
4.227067 0.99537759 0.005617
4.232569 0.99111189 0.003731
4.251490 0.98538720 0.004596
4.258542 0.98462091 0.006677
4.262129 0.98690013 0.005326
4.263388 0.98594869 0.005116
4.279577 0.98978125 0.007651
4.284379 0.98353955 0.007715
4.303754 0.98152489 0.007539
4.315131 0.98475346 0.005214
4.327058 0.97557192 0.007523
4.344751 0.98077495 0.006218
4.400581 0.98522480 0.006289
4.449699 0.97622691 0.006121
4.520596 0.97346541 0.005133
4.530856 0.96439682 0.004167
4.538004 0.97141706 0.006413
4.554429 0.97871015 0.006823
4.578558 0.96958818 0.006472
4.606824 0.97487233 0.005241
4.625203 0.97261434 0.006659
4.641564 0.96959529 0.005774
4.647873 0.96644380 0.003408
4.674477 0.97739611 0.007156
4.748441 0.98236671 0.007538
4.750162 0.98635140 0.003336
4.776075 0.97540881 0.003482
4.817035 0.99059699 0.003301
4.840961 0.98599089 0.006061
4.842831 0.98084956 0.006662
4.850826 0.97368082 0.004109
4.864545 0.98950065 0.003717
4.872358 0.99328580 0.005069
4.881920 0.99436151 0.007293
4.900825 0.98859142 0.006048
4.902241 0.98833607 0.006774
4.907725 0.98953084 0.006065
4.926340 0.99501381 0.003237
4.940525 0.99474144 0.004014
4.949359 0.99391629 0.007987
4.972886 0.99841800 0.005621
4.993480 1.00193570 0.005695
5.026921 1.00880762 0.006433
5.055335 1.01423262 0.003744
5.061163 1.01000039 0.006044
5.077564 1.01308684 0.005712
5.111838 1.00082916 0.007638
5.119154 1.07697893 0.005410
5.119743 1.00758374 0.003618
5.127162 1.01035906 0.003951
5.131875 1.01741325 0.004664
5.155303 1.01357023 0.006949
5.178908 1.01162806 0.003041
5.182408 1.01494153 0.006389
5.201622 1.02332901 0.003871
5.258690 1.02078323 0.005161
5.271117 1.02609952 0.003424
5.274889 1.02188430 0.003704
5.278929 1.02409847 0.007732
5.295195 1.02087627 0.006616
5.329382 1.02781814 0.004271
5.349276 1.02435113 0.003903
5.448431 1.02946919 0.006702
5.448631 1.02185718 0.005703
5.460608 1.01937990 0.006715
5.463098 1.03022246 0.003430
5.468971 1.02287800 0.003026
5.479863 1.03041368 0.003892
5.489525 1.02042851 0.005967
5.494387 1.02778300 0.006524
5.523241 1.02668792 0.007286
5.533636 1.02211054 0.007180
5.544172 1.01220770 0.004664
5.544311 1.01915456 0.004367
5.566909 1.02287697 0.003133
5.652415 1.01266026 0.006574
5.702231 1.00989223 0.007257
5.722020 1.01373353 0.005164
5.791794 1.00644282 0.004778
5.799152 1.01056216 0.003863
5.805005 1.01132572 0.007980
5.805946 1.00724702 0.003946
5.826124 1.00832747 0.003465
5.853748 1.00305071 0.003049
5.860530 1.00839330 0.007313
5.897079 1.01370307 0.004882
5.904733 0.99673483 0.003255
5.927890 1.01111394 0.007874
5.932285 1.00574683 0.003597
5.978333 0.99631718 0.006353
5.995941 1.00115423 0.006314
6.022296 1.01371398 0.007929
6.035571 1.01088431 0.005896
6.055377 1.00208382 0.003676
6.089391 1.00181374 0.006518
6.095061 0.99823449 0.005518
6.122074 0.99461769 0.003725
6.150560 0.99260680 0.005740
6.240894 1.00138171 0.006315
6.249673 1.00328076 0.003533
6.249998 0.99583127 0.005468
6.280009 1.00261650 0.003559
6.280927 0.99774340 0.005336
6.289127 1.00238871 0.003952
6.316524 0.99782596 0.004375
6.373654 0.99940937 0.005123
6.377482 0.99417973 0.004776
6.381035 0.99778351 0.004252
6.387534 1.00027089 0.004627
6.417821 0.99536779 0.005359
6.426539 1.00647702 0.007482
6.434748 1.00276725 0.003053
6.443258 0.99366687 0.006069
6.456779 0.99759967 0.005702
6.470833 0.99857440 0.004867
6.478393 0.99256753 0.003340
6.494337 1.00619387 0.006334
6.570929 0.99338499 0.006354
6.587046 0.99641526 0.003386
6.613063 1.00324542 0.004747
6.622140 0.99631991 0.005385
6.647047 0.99637194 0.007530
6.666958 0.99292729 0.007625
6.762739 0.99138481 0.005863
6.763189 0.98804920 0.006393
6.772088 0.97279950 0.005777
6.790482 0.98891920 0.004088
6.807564 0.98285815 0.005687
6.849482 0.98117121 0.007194
6.863450 0.97867657 0.005294
6.883958 0.98244934 0.004327
6.890817 0.98211190 0.004608
6.898690 0.97792029 0.005174
6.984395 0.97566377 0.007329
6.987919 0.97969230 0.006369
7.012841 0.97089937 0.005665
7.045944 0.97173988 0.003950
7.208352 0.97706094 0.007725
7.249885 0.97822190 0.007041
7.252283 0.97432572 0.006930
7.262595 0.98520812 0.006523
7.275429 0.98249597 0.005768
7.316705 0.98600372 0.004177
7.318539 0.97286881 0.006568
7.339448 0.98432343 0.004370
7.375786 0.97785171 0.003837
7.375950 0.98789355 0.004404
7.385802 0.99039846 0.007664
7.396078 0.98730156 0.003971
7.448156 0.99347275 0.003090
7.449652 0.99510128 0.003580
7.457404 0.98702661 0.007855
7.473988 0.99578277 0.007324
7.479383 0.99372181 0.007117
7.528833 1.00750563 0.007740
7.571843 1.01183962 0.005979
7.572088 1.01672356 0.004329
7.582714 1.00959310 0.006448
7.620166 1.00622830 0.006130
7.644108 1.01056996 0.007950
7.726446 1.02876514 0.007188
7.743486 1.01734947 0.005622
7.749278 1.02293129 0.007923
7.770477 1.02017208 0.005133
7.771255 1.02118339 0.003241
7.780601 1.02425082 0.005342
7.781072 1.01885715 0.007263
7.787769 1.02269787 0.005143
7.794843 1.01503223 0.005363
7.812830 1.01928268 0.007415
7.814496 1.02765465 0.007697
7.846455 1.01842013 0.003896
7.850149 1.03187921 0.004122
7.857331 1.03201784 0.005735
7.862108 1.02306682 0.007086
7.878812 1.02492950 0.004302
7.927660 1.02686583 0.006462
7.932519 1.02733610 0.004763
7.981172 1.02828257 0.007603
7.986812 1.02540580 0.003927
8.047751 1.01841144 0.003102
8.060419 1.02235484 0.007868
8.086134 1.02328665 0.004521
8.097765 1.02722979 0.004617
8.102232 1.02753374 0.004195
8.106254 1.02351207 0.005170
8.116742 1.02588866 0.006403
8.120739 1.02132989 0.005790
8.172409 1.02729552 0.003486
8.179554 1.02662732 0.004839
8.192837 1.02127497 0.003918
8.238570 1.01697238 0.007912
8.243860 1.00826769 0.007347
8.296009 1.00409983 0.005254
8.320632 1.01135316 0.004324
8.320694 1.01258236 0.006129
8.330809 1.01250082 0.006817
8.455345 1.00605488 0.007891
8.483773 1.00172234 0.003250
8.487290 1.00380891 0.003337
8.505712 1.00648511 0.004431
8.512973 1.00088613 0.005124
8.546732 0.98250406 0.005347
8.547944 1.00248365 0.007822
8.559511 1.00113359 0.004031
8.569499 1.00292903 0.004090
8.624532 1.00898485 0.004867
8.635905 1.00151442 0.003159
8.648190 0.99900401 0.006352
8.651610 1.00136191 0.005861
8.670789 1.00161937 0.003153
8.695586 0.99736345 0.007153
8.707296 1.00145925 0.005747
8.730933 0.99663766 0.005340
8.735613 0.98891682 0.005472
8.749924 0.99369614 0.005127
8.770428 0.99845076 0.005659
8.788637 0.99497147 0.004138
8.839340 1.00552325 0.003678
8.863257 1.00102648 0.003714
8.878589 0.99162805 0.005230
8.896232 1.00114419 0.005009
8.950143 0.99601906 0.006688
8.954244 0.99213218 0.005212
8.956181 1.00001828 0.007268
8.986706 0.99734549 0.004435
9.028708 0.99811385 0.003727
9.036289 0.98678214 0.006452
9.042545 0.99713209 0.005745
9.050484 1.00092989 0.005446
9.067882 0.99681173 0.007467
9.104817 0.98999809 0.006894
9.136006 0.99953131 0.004311
9.136629 1.00140061 0.007659
9.137053 1.00544258 0.004135
9.137985 0.99656266 0.007734
9.143840 0.99765907 0.006500
9.160005 0.99422236 0.003372
9.229020 0.99133349 0.004598
9.287091 0.97992706 0.003709
9.312377 0.98229596 0.003854
9.323887 0.98599792 0.003155
9.330831 0.97067883 0.003475
9.376239 0.98370441 0.007414
9.408196 0.97792915 0.004647
9.431358 0.97948575 0.005372
9.453527 0.97527881 0.007318
9.500347 0.98209303 0.003077
9.508668 0.98145741 0.005232
9.513157 0.97665152 0.006391
9.519578 0.98005646 0.003168
9.533830 0.97356422 0.004485
9.556559 0.97471707 0.004886
9.578839 0.97395794 0.007855
9.584512 0.96941820 0.003399
9.598584 0.97728383 0.007835
9.611708 0.97121370 0.003345
9.617908 0.97235475 0.003743
9.657614 0.97183458 0.006913
9.668896 0.97480980 0.004420
9.676387 0.98005141 0.004489
9.681006 0.92012955 0.006509
9.686706 0.98812585 0.006500
9.702097 0.97838430 0.004274
9.706300 0.97681317 0.006076
9.778940 0.97946770 0.003275
9.804938 0.98386551 0.007418
9.824102 0.98444812 0.007513
9.847907 0.98970423 0.005576
9.856578 0.97680683 0.003995
9.910263 0.98616117 0.006732
9.913761 0.99022069 0.007881
9.947906 0.98132388 0.006974
9.964450 0.99465865 0.003628
9.978893 1.00017371 0.007335
9.982281 0.99882777 0.006218
9.996849 1.00065449 0.005810
10.031297 1.00860530 0.005798
10.049336 1.00797726 0.003278
10.053423 1.00374466 0.003976
10.062649 1.00305142 0.003220
10.107442 1.00180878 0.003762
10.124253 1.01580434 0.007887
10.133606 1.01088472 0.007746
10.167441 1.01735964 0.006944
10.192264 1.01451738 0.006327
10.199029 1.01792915 0.005293
10.286253 1.03236182 0.006745
10.290597 1.02518194 0.003486
10.315277 1.02686758 0.005359
10.350433 1.02591783 0.007914
10.368525 1.02792420 0.006219
10.374039 1.03616022 0.004323
10.376027 1.02133463 0.006181
10.473137 1.03018283 0.007722
10.489736 1.02698552 0.005492
10.501902 1.02226553 0.005559
10.516857 1.03029890 0.006051
10.548008 1.03145814 0.003046
10.598922 1.01605028 0.006856
10.612952 1.02419185 0.006379
10.619620 1.01913735 0.005206
10.678555 1.01671603 0.003080
10.683425 1.01974670 0.005866
10.690310 1.02814541 0.003259
10.704192 1.02001095 0.005311
10.782428 1.01233056 0.005069
10.815998 1.01574405 0.005423
10.839115 1.00681114 0.005568
10.870973 1.01367574 0.005384
10.876479 1.00239967 0.006719
10.877403 0.99612606 0.007608
10.908693 1.00264376 0.003835
10.969609 1.00205585 0.005428
10.978063 1.00470418 0.005022
10.982000 1.00110881 0.006227
11.001051 1.00365840 0.003993
11.092557 0.99352073 0.005295
11.093632 1.00515611 0.004894
11.098772 1.00765164 0.007266
11.113818 0.99207973 0.003011
11.137183 0.99414646 0.006587
11.180953 0.99256652 0.007223
11.194460 0.99686433 0.003226
11.203002 0.99692795 0.005454
11.247420 1.03806758 0.007152
11.261381 1.01630175 0.004678
11.288744 1.00908122 0.005392
11.327497 0.99156684 0.005388
11.332798 0.99968200 0.004301
11.352846 1.00000657 0.004743
11.369064 0.99828128 0.003552
11.384363 1.00330138 0.005057
11.385738 1.00246548 0.006150
11.391994 0.99941748 0.006119
11.403852 0.99660481 0.004974
11.424938 0.99437667 0.003367
11.440692 0.99639424 0.004913
11.478194 0.99060033 0.005774
11.488897 0.99546056 0.005048
11.494949 0.99136123 0.003525
11.501670 0.99508205 0.004517
11.509388 1.00040544 0.007391
11.517411 0.99766424 0.006275
11.551697 0.99318739 0.007917
11.570409 1.00168904 0.007944
11.614487 0.99142568 0.006021
11.625050 1.00243603 0.006928
11.697957 0.99428059 0.006048
11.703444 0.99093553 0.005516
11.730227 0.97364714 0.005084
11.789452 0.97923128 0.004845
11.810806 0.97323468 0.007127
11.831080 0.98980517 0.004372
11.831477 0.97554125 0.005110
11.861882 0.98395551 0.007139
11.899491 0.98217355 0.004945
11.904389 0.97365550 0.003105
11.954699 0.98202746 0.005459
11.970998 0.97480365 0.007523
12.029999 0.97394963 0.003558
12.052760 0.96702637 0.003552
12.054498 0.97224985 0.003076
12.067476 0.96764975 0.005551
12.070825 0.97629881 0.006534
12.122241 0.96837193 0.006042
12.123442 0.97163577 0.003479
12.135261 0.96862319 0.003108
12.141396 0.96889738 0.007159
12.167063 0.97615176 0.007973
12.178478 0.98667597 0.003614
12.191577 0.98154441 0.004904
12.196374 0.97043269 0.003465
12.201799 0.97243157 0.003031
12.229320 0.98062818 0.007645
12.273867 0.97659992 0.007141
12.274087 0.98252214 0.003718
12.303775 0.98733603 0.006354
12.308079 0.97589952 0.007842
12.344590 0.98725522 0.004121
12.380799 0.99429548 0.005559
12.407505 0.99213563 0.003627
12.409832 0.99655123 0.006672
12.443821 0.99346580 0.004282
12.491063 0.98536258 0.005467
12.491462 0.99334291 0.006593
12.541506 1.01080308 0.004800
12.612657 1.01007492 0.005582
12.614449 1.01398592 0.005798
12.634844 1.01192049 0.005704
12.673230 1.02272836 0.007079
12.751498 1.02259593 0.006854
12.756774 1.06387389 0.007943
12.790120 1.01739246 0.004869
12.843930 1.02750052 0.006366
12.871604 1.03027893 0.004636
12.923612 1.02915987 0.003469
12.990244 1.02453335 0.007120
13.006290 1.03516613 0.003678
13.023987 1.03324913 0.003949
13.035549 1.02845181 0.004483
13.044568 1.03043691 0.004020
13.054792 1.01909268 0.005727
13.068758 1.02745556 0.006153
13.076134 1.02251083 0.003352
13.078189 1.01880256 0.005587
13.086824 1.02270865 0.004897
13.105056 1.02738703 0.005289
13.136458 1.02472033 0.005653
13.204612 1.01528731 0.006594
13.208899 1.01371380 0.006372
13.221660 1.02210493 0.007068
13.247928 1.01148893 0.004698
13.271725 1.00566038 0.006379
13.313490 1.01205670 0.005334
13.317389 1.01211476 0.004572
13.331342 1.00647804 0.004120
13.388465 1.00354715 0.005984
13.393251 1.00568293 0.004995
13.403664 1.00853033 0.003775
13.413060 1.00624062 0.004264
13.417917 1.00419705 0.004796
13.424585 1.00281860 0.005484
13.453082 1.00181549 0.004087
13.493472 1.00069580 0.007131
13.543657 0.99802835 0.007786
13.552730 0.99553116 0.006436
13.577374 1.00132019 0.005582
13.587560 1.00119703 0.005061
13.615898 1.00334896 0.004113
13.620730 0.99164168 0.005759
13.629739 0.99684650 0.005851
13.720049 0.99594819 0.003172
13.725014 0.99958271 0.004895
13.728594 0.92930519 0.006817
13.737491 0.99776452 0.003692
13.747410 1.00256782 0.005116
13.779587 0.90389092 0.006516
13.791327 1.00128532 0.007329
13.823384 1.00595914 0.005532
13.826839 0.91602757 0.004148
13.859773 0.99321951 0.003413
13.881496 0.99028813 0.005586
13.911597 1.00378937 0.003095
13.931352 1.00789672 0.005154
13.936045 0.99575886 0.004033
13.968628 1.01020523 0.006641
13.980623 0.99807789 0.007573
13.982508 0.99744647 0.006894
14.035650 1.00508214 0.003503
14.070963 0.99928272 0.003937
14.086116 0.99189485 0.003561
14.134798 0.99725456 0.007447
14.142045 0.99155741 0.005055
14.146195 0.99005372 0.003658
14.174314 0.98153254 0.004706
14.189944 0.98581496 0.007639
14.220743 0.98838493 0.007876
14.264017 0.98877686 0.004707
14.269178 0.98113461 0.005081
14.305249 0.97802176 0.007279
14.367514 0.98261982 0.004842
14.374201 0.97986058 0.007832
14.382828 0.97744443 0.003368
14.393468 0.97329528 0.005827
14.414807 0.98127481 0.005617
14.452175 0.98242055 0.004946
14.452754 0.97952476 0.006065
14.461684 0.97520583 0.007276
14.477637 0.97320992 0.005218
14.509390 0.97023572 0.006548
14.580734 0.96624160 0.007368
14.598857 0.97647039 0.005835
14.608321 0.97272721 0.004124
14.646041 0.98020914 0.006898
14.653642 0.97091042 0.004893
14.659056 0.97172765 0.003919
14.677832 0.97979885 0.005317
14.684537 0.97809180 0.005174
14.745250 0.97162753 0.004082
14.788067 0.98863206 0.007483
14.792926 0.98184230 0.003247
14.819933 0.97779306 0.005018
14.824749 0.98903856 0.007858
14.895128 0.99095947 0.004502
14.896729 0.98567003 0.004094
14.905266 0.99085178 0.007419
14.923588 0.98513959 0.003163
14.948853 1.00328631 0.003542
14.962790 0.99428171 0.007942
14.970564 0.98665372 0.007974
15.023481 1.00854509 0.003679
15.040660 1.00678403 0.006746
15.064500 1.01451589 0.005842
15.122253 1.01271158 0.007706
15.140993 1.01500834 0.006382
15.173763 1.01038499 0.003823
15.199160 1.02373689 0.004132
15.277161 1.02050888 0.006883
15.305182 1.01669342 0.004851
15.311550 1.02299041 0.004169
15.315174 1.02317336 0.006325
15.315199 1.02789216 0.006205
15.318030 1.01943120 0.005888
15.321060 1.02635163 0.003235
15.345851 1.02798174 0.005632
15.358817 1.02572497 0.007587
15.374061 1.02301475 0.005832
15.390448 1.02557331 0.005281
15.409007 1.02365979 0.005655
15.411250 1.03212229 0.006183
15.439898 1.03197645 0.007644
15.485494 1.02689951 0.004568
15.511634 1.01965740 0.004412
15.558089 1.02780272 0.003535
15.560379 1.02909840 0.005677
15.615429 1.02278025 0.007983
15.616509 1.02666907 0.006732
15.646169 1.02172698 0.005483
15.652000 1.01450578 0.006626
15.656066 1.02300365 0.004752
15.673510 1.01215751 0.006537
15.684390 1.02346550 0.005774
15.697783 1.01497067 0.007233
15.784603 1.00876782 0.004564
15.794883 1.00479997 0.004313
15.797393 1.00627246 0.004145
15.804276 1.00893293 0.003293
15.829386 1.01053184 0.005989
15.840220 1.00532193 0.007217
15.885800 1.00992557 0.004333
15.894487 1.00766466 0.006043
15.918470 1.00611428 0.007625
15.937623 1.00427978 0.005963
15.944004 1.00108075 0.004488
15.957308 1.00270108 0.007198
15.958109 0.99722308 0.007292
15.959504 1.00171505 0.005900
15.973097 0.99543712 0.007351
15.974244 1.01151081 0.007745
15.977873 1.00000159 0.006734
15.998842 1.00466297 0.004844
16.000615 1.01173701 0.006120
16.074725 0.99483487 0.004393
16.086018 0.99060696 0.005717
16.094470 0.99473880 0.007889
16.098399 0.99621880 0.005975
16.160872 0.99831215 0.003681
16.187590 0.99769035 0.006280
16.200438 0.99518963 0.003489
16.206328 1.00021349 0.004030
16.248287 1.00092356 0.007516
16.260858 1.00756471 0.003890
16.275995 0.98661127 0.006512
16.294430 0.99960163 0.004964
16.322001 1.00021232 0.004300
16.327280 0.99612430 0.006283
16.349860 0.99065516 0.006174
16.354574 1.00738194 0.005748
16.358633 1.00663243 0.004023
16.489222 0.98668744 0.004566
16.500243 1.00000704 0.005450
16.555250 1.02702357 0.003121
16.567340 0.99539422 0.005825
16.606205 0.99870798 0.003359
16.628411 0.99313454 0.005212
16.662471 0.99093317 0.006841
16.678903 0.99874113 0.006633
16.713270 0.98444733 0.005571
16.713410 0.98564446 0.003469
16.779138 0.98671139 0.005628
16.790252 0.98046240 0.003401
16.791991 0.98002066 0.007238
16.794624 0.98795800 0.003793
16.796466 0.99354372 0.004884
16.800765 0.97298249 0.004830
16.801943 0.97991492 0.004966
16.804022 0.98888095 0.005020
16.830981 0.98134360 0.007898
16.844476 0.98581606 0.003404
16.889207 0.97781904 0.006517
16.893605 0.98560957 0.004447
16.899605 0.98050241 0.004096
16.901192 0.97905739 0.007819
16.906643 0.97735034 0.004871
16.917149 0.98848391 0.003421
16.961951 0.97233065 0.007272
16.971156 0.98245424 0.004858
16.977896 0.97703925 0.003952
17.002681 0.97183369 0.005372
17.036818 0.97411066 0.005079
17.092567 0.96974482 0.007931
17.104516 0.97962724 0.005263
17.113330 0.97544161 0.005140
17.136090 0.97904449 0.006375
17.173352 0.97361359 0.006211
17.188603 0.97767317 0.004413
17.197679 0.97354922 0.006854
17.215059 0.97914131 0.007305
17.243602 0.97272124 0.007590
17.261572 0.97178467 0.007840
17.269449 0.98085863 0.003167
17.274832 0.98287259 0.004340
17.319548 0.98087502 0.007934
17.346720 0.98514116 0.007912
17.347355 0.98625214 0.007191
17.371023 0.98972022 0.005644
17.401543 0.99385635 0.006470
17.408228 0.98846685 0.004227
17.461054 0.98774076 0.005377
17.462953 0.99281910 0.007766
17.538574 1.00308697 0.006745
17.554189 1.00561677 0.005348
17.605646 1.01764499 0.006536
17.616282 1.01599872 0.005824
17.623147 1.01044491 0.003555
17.662565 1.01887402 0.003415
17.668810 1.00999757 0.004108
17.670607 1.02006782 0.005995
17.691445 1.01573708 0.005963
17.693853 1.01049079 0.003869
17.695307 1.02087512 0.005316
17.724174 1.01494212 0.004535
17.727434 1.03168964 0.006757
17.744245 1.01819816 0.003625
17.770547 1.02581612 0.005405
17.787527 1.02189026 0.007931
17.802497 1.03115182 0.005183
17.804655 1.02388451 0.006320
17.814321 1.02794415 0.006309
17.824901 1.02030035 0.007246
17.832528 1.02315392 0.005632
17.855300 1.02358522 0.007515
17.877160 1.02033672 0.004849
17.920566 1.02387606 0.004824
17.940051 1.03109134 0.004147
17.944167 1.02336873 0.006735
17.961382 1.02461187 0.004530
18.002975 1.02405186 0.006783
18.086892 1.02188443 0.006431
18.090498 1.01691040 0.006537
18.109993 1.02089415 0.003526
18.127030 1.02398706 0.006315
18.134399 1.02768455 0.006685
18.144917 1.02349666 0.003019
18.145949 1.01867880 0.007857
18.177264 1.01734045 0.007205
18.185459 1.02286799 0.007030
18.189415 1.01702909 0.005200
18.198688 1.01084334 0.004234
18.201519 1.02437683 0.006324
18.225946 1.02157493 0.006809
18.241660 1.01294487 0.004662
18.244177 1.00731461 0.007009
18.273664 1.01040262 0.005488
18.278713 1.00812886 0.006875
18.286809 1.01263997 0.003389
18.321854 1.01515348 0.003644
18.359999 1.00758795 0.004318
18.407744 1.00896001 0.003931
18.441028 0.99869261 0.004917
18.450091 1.00567250 0.003658
18.471911 0.99910117 0.006724
18.480284 1.00434653 0.004836
18.480848 1.00132683 0.005743
18.506642 1.00242058 0.003343
18.514886 1.00622584 0.006263
18.524448 0.99327052 0.007196
18.542917 1.00683484 0.003610
18.542979 0.99997626 0.003908
18.564306 0.99756183 0.006871
18.589689 0.99975056 0.005186
18.620310 1.00173490 0.005153
18.723667 1.00466449 0.004965
18.757853 0.99490232 0.006639
18.775982 1.00655823 0.006601
18.783446 0.99387310 0.004339
18.789339 1.00533987 0.007772
18.793860 1.00174384 0.003804
18.803892 1.00121184 0.006607
18.880576 0.99662671 0.005638
18.910983 0.98987472 0.006944
18.914654 1.00074984 0.004759
18.924030 0.96705433 0.006692
18.960589 1.00120419 0.005126
18.961680 1.01035966 0.007275
18.978025 0.99026045 0.003164
19.015171 0.99804641 0.003939
19.016954 0.99219385 0.006961
19.049554 1.00293276 0.006414
19.049712 0.99783216 0.007540
19.050980 0.99047113 0.003921
19.100528 0.99569065 0.007704
19.125988 0.99403087 0.006654
19.164618 0.99777657 0.007369
19.200918 0.98646018 0.004623
19.223208 0.98467582 0.006900
19.278887 0.98286653 0.005034
19.316636 0.98998210 0.003567
19.345180 0.97386331 0.003221
19.346891 0.98802915 0.007488
19.362607 0.98087632 0.007416
19.370866 0.98298828 0.003419
19.434571 0.97342594 0.005052
19.442490 0.97186589 0.007969
19.450247 0.99208018 0.006482
19.602818 0.96723468 0.007817
19.613054 0.97301519 0.005559
19.679643 0.97268371 0.005864
19.679958 0.97335712 0.007191
19.685761 0.97509502 0.007093
19.686010 0.98214010 0.004788
19.706953 0.97742123 0.003347
19.734569 0.97519600 0.005883
19.735882 0.97605615 0.005244
19.743147 0.97113200 0.007987
19.756832 0.98003250 0.004459
19.784282 0.98683095 0.005363
19.792628 0.98074193 0.005278
19.801658 0.98857981 0.003885
19.824059 0.98121995 0.004449
19.828980 0.98590045 0.007288
19.895425 0.99506603 0.007697
19.929722 1.00184491 0.006219
19.931665 0.99954220 0.004118
19.934072 0.98427320 0.004129
19.960034 1.00177964 0.004542
19.999203 0.99722693 0.004685
20.007170 1.00377643 0.003694
20.065001 0.99779603 0.007753
20.070182 0.99891090 0.004322
20.074290 1.00102891 0.003572
20.126308 1.00978632 0.007385
20.172856 1.01627573 0.003128
20.174477 1.01616400 0.003128
20.185332 1.01544537 0.004471
20.220722 1.02244392 0.007957
20.240683 1.02580651 0.007261
20.266510 1.01878493 0.004795
20.273971 1.02009395 0.005046
20.277773 1.02013472 0.006841
20.313886 1.02773486 0.003131
20.323117 1.01722458 0.003274
20.344058 1.02864310 0.003532
20.345219 1.02338186 0.005575
20.416300 1.03194745 0.005124
20.426171 1.02516202 0.003902
20.431355 1.02246656 0.004211
20.436415 1.02217900 0.003769
20.450644 1.02481714 0.004031
20.475853 1.02647100 0.006785
20.497428 1.03321307 0.005278
20.562767 1.02797370 0.005448
20.582330 1.02415044 0.003149
20.595735 0.99155111 0.003716
20.619365 1.02032917 0.004432
20.626871 1.01763736 0.007887
20.627080 1.01754367 0.004379
20.667064 1.01559160 0.005520
20.679505 1.01873346 0.007890
20.724744 1.01096703 0.006693
20.748013 1.01323426 0.005533
20.757085 1.01655700 0.003375
20.764720 1.01966912 0.004357
20.793202 1.00594611 0.006360
20.805554 1.00522598 0.004702
20.816221 1.01050931 0.004308
20.835469 0.99660499 0.003292
20.864561 0.99811527 0.006828
20.886191 1.00700841 0.006755
20.895972 1.00210402 0.005303
20.908359 1.01284513 0.007136
21.053056 1.00366093 0.005748
21.063975 1.00046450 0.007607
21.064513 1.00904173 0.004457
21.071639 1.00644175 0.004606
21.114050 1.00262529 0.003838
21.126121 1.00104987 0.003609
21.138668 1.00275731 0.006687
21.142836 0.99049013 0.007134
21.174681 0.99887474 0.004980
21.182361 1.00207006 0.006926
21.192489 1.00054092 0.003501
21.230514 0.99562719 0.004895
21.233210 0.99893003 0.007617
21.245393 1.01108105 0.007524
21.252296 0.99900447 0.005025
21.254572 0.99806816 0.006478
21.264739 0.99470472 0.005551
21.280567 1.00135256 0.003392
21.287825 1.00343847 0.004214
21.327654 1.00170866 0.004099
21.344554 0.99302786 0.007612
21.347067 1.00053461 0.005553
21.357355 0.99650461 0.004007
21.392322 1.00265074 0.007855
21.435222 0.99525730 0.003700
21.448278 1.00026561 0.007494
21.461360 1.00228569 0.003663
21.469902 1.00313385 0.006371
21.473487 0.99677671 0.006150
21.503909 0.99944539 0.003753
21.514338 0.99433129 0.005211
21.520805 0.99453698 0.006931
21.550155 1.00305189 0.003259
21.551569 1.00220499 0.006718
21.572521 0.99322314 0.005812
21.572586 0.99273199 0.006850
21.606715 0.99802702 0.004049
21.665038 0.99792510 0.004691
21.665176 0.98605014 0.006208
21.672991 0.98567116 0.005367
21.684428 0.97955405 0.006196
21.711105 0.99142218 0.004679
21.812305 0.97385697 0.005926
21.822240 0.98510767 0.007065
21.839177 0.98019460 0.006431
21.855906 0.98975310 0.004338
21.967809 0.97313389 0.007412
21.971672 0.98124671 0.004629
21.998924 0.98003429 0.005915
22.016973 0.97931677 0.004549
22.043863 0.97550621 0.007856
22.052209 0.98420854 0.003994
22.056575 0.97481400 0.007471
22.067646 0.97586032 0.003384
22.071329 0.97532502 0.005370
22.100021 0.97607662 0.007403
22.139400 0.96989434 0.005780
22.155482 0.96982359 0.003644
22.179438 0.97903104 0.006597
22.206561 0.97360198 0.007368
22.248683 0.97927572 0.004729
22.259267 0.97742322 0.006804
22.312818 0.98460239 0.007171
22.316925 0.97644183 0.007755
22.348748 0.99003027 0.003263
22.360803 0.99400266 0.006773
22.361602 0.99251841 0.003200
22.368069 0.99174546 0.005404
22.411877 0.98462327 0.007222
22.427539 0.99971963 0.003831
22.447068 0.99064899 0.007740
22.460898 0.99308196 0.007261
22.493736 1.00238218 0.007214
22.502926 1.00229256 0.005905
22.511097 0.99782977 0.005320
22.538909 1.00645821 0.006193
22.550112 1.00614817 0.003662
22.569823 1.00518186 0.007962
22.586305 1.00342450 0.007640
22.594102 1.01313912 0.004284
22.603991 1.00595532 0.007065
22.608787 1.01528683 0.007261
22.647524 1.01103432 0.004211
22.653707 1.00905994 0.004934
22.707719 1.01037387 0.006000
22.765739 1.01937099 0.007306
22.779732 1.01968571 0.007030
22.786807 1.01910137 0.003776
22.806351 1.01749663 0.005326
22.843618 1.02658862 0.004962
22.986788 1.02678893 0.007219
23.029078 1.02139046 0.003804
23.053418 1.01973898 0.006432
23.056877 1.02060658 0.006379
23.072288 1.02928845 0.007380
23.073160 1.02742754 0.006350
23.091717 1.01659470 0.006414
23.119788 1.01742255 0.003386
23.137397 1.01788146 0.003148
23.142856 1.02558335 0.007405
23.144179 1.02027237 0.006694
23.152162 1.01390307 0.005827
23.187192 1.01509043 0.005952
23.190961 1.00801144 0.004096
23.202530 1.01183467 0.006100
23.225569 1.02358483 0.007015
23.229553 1.00694814 0.005595
23.230796 1.02033661 0.004827
23.247415 1.00824145 0.006517
23.250845 1.00206995 0.005296
23.251758 1.00879857 0.003267
23.277979 1.00759094 0.006491
23.281001 1.01184134 0.005143
23.283829 1.01278654 0.005925
23.288388 1.01228560 0.003429
23.308368 1.01287289 0.004826
23.378603 1.00396313 0.006685
23.395432 0.99905166 0.006923
23.406600 1.00517433 0.004989
23.436312 0.99913090 0.004881
23.492864 1.11654105 0.006575
23.500547 1.00322436 0.006433
23.517390 1.00512883 0.005492
23.569003 1.00487617 0.005463
23.594867 1.00208301 0.005995
23.601101 1.00920769 0.007502
23.606677 1.00087289 0.003394
23.614811 0.99754663 0.004086
23.672141 1.00032562 0.005699
23.676835 1.00168303 0.004461
23.697622 1.00520066 0.004425
23.703996 0.99953074 0.003456
23.746304 0.99680998 0.006590
23.776955 0.99850747 0.004194
23.790482 1.00814085 0.006585
23.794314 1.01304717 0.007575
23.842011 1.00185435 0.007299
23.847368 0.99445353 0.005657
23.878561 0.99898232 0.006788
23.893904 0.99642484 0.003660
23.968179 0.99637976 0.003464
23.979211 0.99345379 0.003987
24.032954 0.99759985 0.007855
24.100255 0.99565238 0.005286
24.116026 0.99550637 0.005664
24.142275 0.99368213 0.007204
24.174431 0.98944772 0.003675
24.182731 0.99134411 0.006048
24.208560 0.98821778 0.006643
24.226716 0.98835627 0.004371
24.232274 0.98964391 0.005214
24.241075 0.98854737 0.003913
24.261201 0.98753606 0.007142
24.269979 0.98326089 0.003414
24.342295 0.98011643 0.003975
24.381606 0.97787107 0.003960
24.422617 0.97106885 0.003827
24.435105 0.97556036 0.006932
24.484463 0.97836559 0.007115
24.549203 0.96342134 0.005624
24.560968 0.97925325 0.006006
24.690573 0.97617646 0.005209
24.694647 0.97770621 0.007381
24.709958 0.96884255 0.005539
24.722947 0.98502431 0.003047
24.730247 0.97946137 0.007766
24.733007 0.98001573 0.006121
24.752500 0.97626949 0.005019
24.761872 0.97573429 0.003635
24.764172 0.97958504 0.005392
24.808868 0.98633851 0.004329
24.836561 0.98513766 0.003403
24.854558 0.98832834 0.007930
24.869584 0.99163976 0.004839
24.913356 0.98345270 0.003071
24.951702 0.99948786 0.005370
24.991810 0.99588264 0.004901
25.002539 1.00191656 0.007283
25.049241 1.00419181 0.007676
25.087428 1.00925350 0.004182
25.115167 1.01328329 0.006344
25.170744 1.01569541 0.005971
25.182925 1.01284103 0.006553
25.184669 1.01323270 0.005461
25.186789 1.02460247 0.003249
25.190732 1.01559203 0.007824
25.264093 1.02451120 0.005477
25.302141 1.02624645 0.007144
25.323484 1.03707242 0.007495
25.342829 1.02257935 0.005099
25.344755 1.02492003 0.006326
25.378681 1.02102238 0.005036
25.400685 1.02562767 0.006187
25.406603 1.01566775 0.003696
25.442836 1.03080195 0.004255
25.483868 1.02678692 0.006488
25.505078 1.02460719 0.004415
25.544188 1.02675607 0.005664
25.552222 1.03211784 0.006533
25.572159 1.01641675 0.006394
25.598396 1.02261178 0.006326
25.610410 1.02342944 0.006870
25.648771 1.01741596 0.007772
25.673633 1.02203676 0.007183
25.698652 1.00567506 0.003443
25.778406 1.00641624 0.006185
25.879538 1.00424498 0.004569
25.894199 1.00807137 0.005536
25.901130 1.01266703 0.006663
25.928971 1.00248895 0.005422
25.949618 1.00411663 0.004102
25.953535 0.99830844 0.005411
25.965277 1.00604012 0.005599
25.987136 1.00273851 0.004801
25.998828 0.99691291 0.004653
26.034751 1.00557939 0.005013
26.066822 0.99445293 0.005238
26.068204 1.00362670 0.007777
26.076971 1.00406586 0.007017
26.084153 0.99618816 0.006736
26.118228 1.00272938 0.005275
26.121702 1.00907088 0.007480
26.131986 1.00134027 0.004010
26.139612 0.99298908 0.006727
26.139929 0.99797308 0.004016
26.149369 1.00033214 0.005953
26.162941 0.99664891 0.004642
26.167655 1.00100386 0.004836
26.185851 0.99689423 0.005614
26.223715 0.99696177 0.003742
26.275644 1.00359470 0.003052
26.276065 1.00341906 0.004217
26.296491 0.99655389 0.003603
26.307068 1.00767612 0.003295
26.329182 0.99550291 0.006880
26.406667 0.99152572 0.005629
26.454096 1.00271044 0.005944
26.468149 1.00633330 0.003850
26.520345 0.98715748 0.007973
26.535059 0.99300288 0.004603
26.570736 1.00051321 0.007040
26.570975 0.98993444 0.004149
26.572747 0.98739752 0.005495
26.590638 0.99582688 0.004842
26.592163 0.99936268 0.003099
26.600140 0.99408750 0.006143
26.612717 0.98641974 0.005752
26.694640 0.99009234 0.007524
26.730681 0.98767790 0.006164
26.732907 0.99238839 0.006912
26.748729 0.98699999 0.007824
26.761294 0.98383184 0.005197
26.795617 0.98209586 0.006473
26.810290 0.98124050 0.006529
26.815629 0.98921825 0.007920
26.866577 0.98369223 0.004132
26.873481 0.98294953 0.003398
26.884452 0.98234018 0.007008
26.888046 0.98522225 0.004881
26.913087 0.94663060 0.003755
26.942236 0.97258092 0.005495
26.979497 0.97006008 0.005091
27.017842 0.96794504 0.003886
27.029358 0.97040471 0.004844
27.037757 0.98031006 0.005410
27.063508 0.97260799 0.004654
27.091810 0.97279824 0.005955
27.105959 0.96865419 0.005029
27.122250 0.98186844 0.007559
27.132330 0.96481688 0.006883
27.164580 0.97150158 0.004959
27.166113 0.97893219 0.004274
27.172516 0.96850889 0.006795
27.209343 0.97097449 0.003657
27.216188 0.97262383 0.006197
27.238337 0.98160930 0.006220
27.274162 0.98091803 0.007894
27.284450 0.97545814 0.003216
27.312594 0.97859505 0.006085
27.342246 0.99158270 0.004913
27.367554 0.98904835 0.003678
27.384908 0.98095415 0.005800
27.395866 0.98545917 0.006352
27.410030 0.98765273 0.006363
27.429209 0.99447511 0.006024
27.442287 0.99356208 0.006129
27.462335 0.99607431 0.003452
27.477311 1.00530422 0.005857
27.500489 0.99898224 0.005180
27.504888 0.99818185 0.005397
27.522133 1.00052819 0.006304
27.535651 1.00096270 0.003533
27.536420 1.00620086 0.004997
27.548867 1.00574220 0.003694
27.608116 1.00132731 0.004628
27.615548 1.00809569 0.005964
27.687969 1.02463058 0.005223
27.803181 1.02115431 0.005986
27.818791 1.02760497 0.007634
27.841534 1.02598831 0.007254
27.873143 1.02112018 0.003136
27.891241 1.02321623 0.004613
27.892947 1.02316647 0.005435
27.908078 1.02047835 0.007369
27.924920 1.02440669 0.007476
27.937572 1.02149684 0.004793
27.951011 1.03334625 0.005101
27.973479 1.02775756 0.004028
27.997563 1.02824397 0.005731
28.015211 1.02483392 0.005309
28.043095 1.02063049 0.003169
28.079480 1.02167321 0.005630
28.087758 1.02668539 0.004421
28.095130 1.02217096 0.004788
28.106686 1.01757933 0.007214
28.184243 1.01777322 0.005401
28.191964 1.02567813 0.007174
28.193803 1.01996985 0.003630
28.220148 1.01644988 0.005458
28.223353 1.01341375 0.004535
28.225713 1.01539552 0.007529
28.240569 0.98031957 0.003151
28.268043 1.01668232 0.005873
28.271396 1.01042687 0.006639
28.342564 1.00917797 0.007116
28.414360 1.01412718 0.007721
28.443348 1.00970911 0.007291
28.450021 0.99995066 0.003827
28.489630 0.99484861 0.005167
28.504031 0.99267502 0.006333
28.527419 0.99564206 0.006020
28.528151 1.01326677 0.007649
28.539427 0.99610685 0.006242
28.544670 1.00369494 0.006346
28.547747 0.99378148 0.007538
28.576583 0.99598284 0.007887
28.580158 1.00609464 0.004054
28.587120 0.99896196 0.007659
28.611147 0.99602725 0.003549
28.618884 1.01158192 0.005339
28.629439 0.99914686 0.006246
28.638483 0.99326480 0.005870
28.638491 0.99820501 0.005344
28.666170 1.00031403 0.005720
28.674966 1.00149654 0.005116
28.680162 1.00297788 0.005268
28.682270 0.99336462 0.004170
28.693356 1.00778027 0.003795
28.718084 0.99949600 0.004498
28.746560 0.99824409 0.006538
28.749487 1.00561421 0.005983
28.764467 1.00162244 0.005793
28.792985 0.99587688 0.004990
28.806339 0.99922502 0.004256
28.833365 0.99277461 0.007327
28.866472 1.00102115 0.006127
28.892470 1.00072474 0.005645
28.916226 0.99967442 0.006205
28.935727 0.98750951 0.003027
28.941598 0.99454914 0.006934
28.988079 1.00572640 0.005372
28.992689 1.00165846 0.005043
29.011136 0.99499806 0.007418
29.026708 0.99484388 0.006504
29.027325 1.00466840 0.003596
29.055872 0.99256971 0.003763
29.101845 0.99344059 0.004392
29.108184 0.99886822 0.003671
29.119080 0.99491902 0.005670
29.119308 0.99431488 0.006019
29.131836 0.93605254 0.005491
29.170093 0.98703486 0.007995
29.179870 0.98907828 0.003071
29.243859 0.98785545 0.006298
29.253395 0.98936979 0.007818
29.283504 1.06863534 0.007462
29.319557 0.98532808 0.005628
29.329183 0.98931351 0.003632
29.342783 0.98751913 0.005934
29.380765 0.98887551 0.007111
29.392161 0.98552162 0.007532
29.400208 0.98645954 0.006713
29.406524 0.97615383 0.004404
29.419209 0.97565302 0.006385
29.421209 0.98386681 0.007193
29.437991 0.97937684 0.007374
29.454410 0.96440435 0.007656
29.465157 0.97239887 0.003545
29.467029 0.97451485 0.004928
29.534254 0.97526923 0.007699
29.614600 0.97027604 0.005492
29.623534 0.97249606 0.006631
29.663435 0.98356551 0.004804
29.696300 0.97710516 0.003365
29.746211 0.98115268 0.004766
29.756547 0.97753377 0.003271
29.760306 0.97650887 0.006709
29.768320 0.97398081 0.007604
29.822919 0.99435000 0.005175
29.837266 0.98614647 0.007834
29.838469 1.08481822 0.007389
29.852942 0.98283010 0.006872
29.860384 0.98693403 0.004386
29.918485 0.99963456 0.004748
29.962987 0.99252676 0.004134
29.981555 1.00009508 0.004305
30.007493 1.00566401 0.004684
30.022872 1.01295763 0.005920
30.026345 1.00173712 0.004097
30.037736 1.01003419 0.007013
30.040429 1.00435351 0.005894
30.048951 1.01051485 0.004146
30.057632 1.00679668 0.006238
30.058927 1.00486047 0.007204
30.072705 1.00726700 0.005187
30.073122 1.00915153 0.004915
30.078702 1.02101685 0.003764
30.108400 1.02347029 0.003456
30.123895 1.01339377 0.007128
30.162509 1.01315143 0.007910
30.170207 1.01739183 0.004326
30.189532 1.02556778 0.006002
30.318285 1.02827594 0.005961
30.320164 1.02303860 0.004769
30.345934 1.02071773 0.006086
30.359397 1.02077445 0.003502
30.409732 1.03453231 0.003439
30.438330 1.02722862 0.003158
30.445627 1.02645573 0.005124
30.450148 1.02634141 0.007263
30.459342 1.02478799 0.004217
30.460496 1.02510818 0.003405
30.498048 1.02509927 0.004034
30.501506 1.02578390 0.007641
30.520565 1.02780686 0.004680
30.528950 1.03218391 0.003325
30.545115 1.02221522 0.006421
30.562591 1.01995197 0.004800
30.586933 1.02726433 0.005267
30.591636 1.02093639 0.005456
30.593722 1.01441533 0.003734
30.608689 1.01444153 0.005941
30.613815 1.02514264 0.004477
30.623904 1.02406674 0.004413
30.627541 1.01501728 0.004693
30.629982 1.02160383 0.003886
30.661297 1.02192199 0.004194
30.791860 1.01129338 0.007246
30.821678 1.01292866 0.005304
30.839114 1.00680529 0.006901
30.856409 1.01049963 0.005282
30.862844 1.00868432 0.007823
30.887044 1.01305352 0.005599
30.891165 0.99602734 0.004679
30.902318 1.00781310 0.003312
30.908727 1.00160118 0.004363
30.952995 1.00182327 0.004527
30.955075 1.00382401 0.003473
30.984677 1.00674679 0.004420
30.994475 1.00115473 0.004906
31.069836 0.99991121 0.004515
31.100730 0.99922154 0.003012
31.106859 1.00268571 0.007076
31.125092 1.00986403 0.005109
31.135617 0.99699735 0.005143
31.137816 0.98596127 0.007836
31.158668 1.00442623 0.003338
31.197847 0.99612000 0.004540
31.223791 1.00167072 0.005362
31.233224 1.00191351 0.007138
31.236078 1.00033483 0.007695
31.245571 0.99327418 0.003089
31.247442 0.99944586 0.003056
31.279395 0.99650771 0.005986
31.303399 1.00558707 0.003262
31.332299 1.00244039 0.006005
31.376762 0.99334491 0.007277
31.387670 0.99263068 0.003320
31.389864 0.99948320 0.005734
31.413167 0.99788270 0.003174
31.422293 1.00362710 0.006709
31.438663 0.99907912 0.003187
31.448445 1.00366696 0.004183
31.484046 1.06254587 0.007104
31.552469 0.99887755 0.005985
31.553853 0.99418677 0.003545
31.557113 0.98908185 0.006247
31.562452 0.99582957 0.005809
31.574142 0.99157997 0.004289
31.580724 0.99862204 0.005635
31.581022 0.99546067 0.003806
31.590702 1.00072687 0.004477
31.608918 0.99058705 0.003520
31.632916 0.99533620 0.005007
31.653633 0.99106425 0.005355
31.658102 0.98990090 0.006808
31.675269 0.98684690 0.004962
31.705787 0.99019480 0.007545
31.718110 0.99269212 0.005657
31.729424 0.99651549 0.004627
31.804507 0.98415094 0.003372
31.814998 0.98460224 0.004590
31.835259 0.97666339 0.006926
31.849020 0.97344999 0.006794
31.923051 0.97600112 0.006047
31.934338 0.96795053 0.003873
31.951842 0.97392580 0.006801
31.958340 0.98035035 0.006652
31.965014 0.97618404 0.004788
31.979179 0.97089873 0.006468
32.003832 0.97583125 0.007767
32.033144 0.97750249 0.006333
32.034860 0.97465257 0.004395
32.083839 0.98296860 0.006905
32.091963 0.97479227 0.005340
32.093829 0.96377105 0.005748
32.100078 0.96993294 0.005584
32.105292 0.97816863 0.005215
32.106366 0.98024894 0.005755
32.109730 0.97396626 0.006574
32.113186 0.97817414 0.007525
32.148907 0.97499160 0.005901
32.157972 0.97326123 0.003968
32.174322 0.98267851 0.007047
32.174482 0.98592958 0.007231
32.175338 0.96880160 0.007657
32.262771 0.98312762 0.005623
32.287080 0.99529331 0.004798
32.291430 0.98012702 0.007929
32.302601 0.98684322 0.006809
32.319657 0.97629779 0.006702
32.320221 0.98195362 0.004268
32.332883 0.98321002 0.006026
32.337937 0.98803852 0.003125
32.360921 0.98289592 0.006485
32.362930 0.98304403 0.006580
32.386821 0.98188334 0.004792
32.391882 0.98304620 0.006953
32.402635 0.99576694 0.006171
32.452671 0.99735435 0.003514
32.471172 0.99249995 0.004736
32.488400 0.99809731 0.007062
32.497185 0.99448342 0.003222
32.498071 0.99853488 0.007267
32.520825 1.00033549 0.007038
32.524922 1.00567174 0.003280
32.528126 1.00451499 0.005342
32.537598 0.99961817 0.004798
32.544923 1.00611015 0.005640
32.552015 1.00173381 0.004045
32.553809 1.00256689 0.005294
32.558555 1.00707513 0.007478
32.562663 1.01019663 0.007609
32.564020 1.01180475 0.003831
32.619789 1.00461654 0.003339
32.672533 1.01395630 0.004133
32.676149 1.01451305 0.006349
32.708928 1.01610993 0.006094
32.713511 1.02052688 0.007404
32.725884 1.01686775 0.006257
32.744202 1.02500780 0.007124
32.757880 1.02905740 0.003527
32.805884 1.03814636 0.003941
32.831634 1.01768427 0.005071
32.832776 1.03377669 0.006951
32.861128 1.02258838 0.005617
32.892096 1.02579835 0.004805
32.908188 1.03152284 0.005511
32.908445 1.01840973 0.007031
32.930905 1.02080628 0.003800
32.946064 1.03236650 0.004332
32.961498 1.03368308 0.004351
32.986907 1.01905403 0.007827
32.991028 1.02878043 0.004166
33.006202 1.02470795 0.003482
33.036347 1.02205048 0.003614
33.055289 1.01354643 0.003390
33.097858 1.02629426 0.003711
33.131295 1.02035535 0.005819
33.219580 1.00915644 0.006199
33.235868 1.01745781 0.003588
33.246828 1.01455654 0.007184
33.277828 1.00759241 0.005197
33.304503 1.00741669 0.003211
33.354028 1.01084141 0.003907
33.428764 1.00115365 0.007477
33.441101 1.00232243 0.007969
33.441388 1.00846164 0.004894
33.456784 0.99761643 0.006814
33.464516 1.00881075 0.003486
33.492554 1.00176709 0.003989
33.503118 0.99900226 0.004581
33.542311 0.99867761 0.007767
33.557846 0.99655273 0.003546
33.569274 0.99783405 0.006992
33.574910 0.99585081 0.005340
33.583424 1.00321738 0.007090
33.627540 0.99581542 0.005741
33.631413 1.00137035 0.005874
33.729233 1.00621571 0.004596
33.737270 1.00751811 0.004640
33.749425 1.00348725 0.004038
33.777284 1.00526990 0.006734
33.796317 0.99449530 0.005616
33.803246 0.99845345 0.003965
33.825298 0.99651392 0.007779
33.837966 1.00526599 0.006852
33.870715 0.99960705 0.003025
33.909957 0.99964844 0.007810
33.912762 1.00208388 0.003745
33.914870 1.00554612 0.007771
33.925364 1.00535677 0.003082
33.956367 0.99689565 0.003605
33.962372 1.00527273 0.007042
33.970105 0.99468424 0.003707
34.013828 0.99009950 0.004634
34.047706 0.99999241 0.007578
34.055037 0.99508134 0.005564
34.071113 0.99374924 0.006552
34.081723 0.98883132 0.007944
34.083689 0.99575482 0.007442
34.096849 0.98971166 0.004068
34.106253 0.98209262 0.004303
34.128198 0.98629501 0.006444
34.137437 0.99986395 0.005521
34.182679 0.98672656 0.004617
34.203554 0.98741686 0.006655
34.218375 0.98958361 0.007696
34.220336 0.99283624 0.003761
34.267882 0.98959936 0.003791
34.270376 0.98538322 0.005254
34.310995 0.98755645 0.007082
34.318870 0.98004419 0.006907
34.336847 0.98461879 0.004271
34.347534 0.98209523 0.005850
34.361274 0.98393061 0.005257
34.364410 0.97540851 0.004365
34.418122 0.97879859 0.005540
34.428853 0.98202764 0.007365
34.437473 0.98129080 0.006189
34.444904 0.98144120 0.004425
34.456593 0.97537223 0.003054
34.476981 0.97290391 0.005459
34.503967 1.06179608 0.007050
34.505127 0.97796530 0.006766
34.530475 0.96824132 0.004178
34.604599 0.97974417 0.004435
34.614925 0.97084688 0.006523
34.628849 0.97557478 0.003867
34.664797 0.98028549 0.005770
34.738300 0.98502593 0.003923
34.738906 0.98119745 0.005782
34.772130 0.97914474 0.007427
34.772713 0.98271897 0.005638
34.788103 0.97244487 0.003788
34.815603 0.98001124 0.004778
34.830533 0.98212549 0.006922
34.834604 0.98408272 0.005393
34.899887 0.99606752 0.006471
34.904149 0.99473995 0.007060
34.906404 0.98918674 0.003226
34.911071 0.98811860 0.005611
34.921176 0.99727856 0.005492
34.964608 0.99079867 0.007536
34.966525 0.99435147 0.005565
34.987112 1.00681252 0.005047
35.020422 1.00528279 0.007153
35.037336 1.00113863 0.004772
35.058879 1.01123491 0.006815
35.076521 1.00159426 0.006281
35.079079 1.00470908 0.006312
35.080545 1.00599747 0.003292
35.084967 1.00474746 0.003684
35.093950 1.00588184 0.006174
35.101112 1.00937542 0.007479
35.108431 1.00765431 0.004942
35.108873 1.01259639 0.006037
35.140078 1.02028826 0.004242
35.154863 1.01154417 0.006098
35.163016 1.01133913 0.007504
35.167520 1.01460434 0.005850
35.228411 1.02785022 0.004288
35.248447 1.02020919 0.005889
35.269778 1.02368701 0.006539
35.287280 1.01385521 0.007574
35.321274 1.02355832 0.006275
35.362312 1.02731561 0.004382
35.368834 1.03319539 0.006964
35.391345 1.02296991 0.005083
35.451089 1.02504199 0.003115
35.488315 1.03044800 0.004167
35.516980 1.02491300 0.006664
35.527911 1.02694239 0.003124
35.538365 1.01705371 0.004373
35.542703 1.02461510 0.004309
35.543133 1.02402498 0.007125
35.585244 1.01390251 0.003148
35.609026 1.00316455 0.004631
35.612884 1.02283994 0.004579
35.615884 1.02690376 0.007183
35.632386 1.02193465 0.003180
35.645910 1.01445828 0.006344
35.678823 1.02021817 0.005048
35.718237 1.04280635 0.007762
35.720138 1.02443919 0.006432
35.724226 1.01732079 0.007588
35.795314 1.00807970 0.007552
35.799248 1.01465906 0.004124
35.847573 0.99971784 0.004440
35.850567 1.01552217 0.006388
35.852316 1.01057767 0.005940
35.858577 1.00295388 0.003821
35.881335 1.00586875 0.006810
35.890035 1.00963008 0.006569
35.895973 1.01422778 0.007781
35.913011 1.01202366 0.007393
35.921252 1.00195965 0.005981
35.935942 1.00509683 0.006852
35.945304 1.00234633 0.003202
35.956848 0.99233089 0.003754
35.975982 0.99869394 0.003519
35.986403 0.99915091 0.007641
35.993590 1.01080183 0.007449
36.017662 1.01354326 0.007461
36.046572 0.99949167 0.006184
36.068393 0.99657282 0.005501
36.081713 0.99456748 0.006428
36.127851 0.99459414 0.006616
36.137743 0.99768570 0.007383
36.157975 0.99570840 0.007450
36.170201 0.99623480 0.004344
36.202999 0.99348581 0.007645
36.206240 0.99965711 0.007427
36.214725 1.00185318 0.003880
36.219032 1.00337347 0.005094
36.227639 0.99559516 0.003143
36.235258 1.00289798 0.003856
36.238833 0.99071851 0.005278
36.252826 1.00277677 0.003550
36.257479 0.99899226 0.007743
36.258193 0.99255366 0.004424
36.285109 1.00214961 0.003421
36.293073 1.00214199 0.006281
36.314541 1.00709462 0.006803
36.321598 0.99952592 0.004670
36.329534 1.00835976 0.007796
36.386378 0.99982064 0.005880
36.426566 1.00315807 0.005946
36.427290 0.99797464 0.003448
36.432776 1.00227726 0.005531
36.432795 0.99855125 0.007334
36.438089 0.99093525 0.005097
36.456836 1.00258937 0.005634
36.479045 1.00410119 0.006460
36.480561 0.99377923 0.006290
36.500137 1.00200305 0.007283
36.522393 0.99475059 0.003368
36.570219 0.99873445 0.006170
36.596989 0.99345643 0.005555
36.600126 0.99758660 0.005735
36.611977 0.98761448 0.005609
36.641221 0.98880406 0.006521
36.651334 0.99792265 0.003571
36.696964 0.99015509 0.003732
36.730044 0.99194369 0.003171
36.737355 0.98614336 0.004920
36.747685 0.97548711 0.003816
36.750860 0.99494431 0.005800
36.770518 0.98661856 0.004319
36.772814 0.97920527 0.003006
36.829062 0.98729703 0.006108
36.897189 0.97935800 0.007456
36.901067 0.97587595 0.003929
36.904933 0.97609221 0.006561
36.910463 0.98082770 0.007666
36.946486 0.97709892 0.003861
37.030185 0.98589163 0.004596
37.043797 0.97431522 0.005562
37.051755 0.98352782 0.004229
37.070997 0.97581848 0.003024
37.095851 0.96809867 0.005597
37.097389 0.97148269 0.005760
37.122219 0.97517282 0.006382
37.125007 1.07184454 0.005596
37.189203 0.97260836 0.007980
37.227268 0.97853557 0.003071
37.229864 0.97181610 0.006628
37.268795 0.97910532 0.004138
37.330200 0.98608085 0.006161
37.399949 0.99919486 0.006691
37.416498 0.98752403 0.007943
37.443201 0.98680160 0.006957
37.458664 0.98686213 0.005813
37.491370 0.99091220 0.005729
37.495817 1.00660829 0.007930
37.601316 1.01561053 0.003263
37.607686 1.01157554 0.006407
37.613332 1.01495987 0.006941
37.685699 1.00999410 0.005255
37.699768 1.02192978 0.005786
37.710950 1.02788988 0.007237
37.716163 1.01891953 0.003353
37.731782 1.02073065 0.006926
37.755313 1.01703192 0.007931
37.801889 1.02485001 0.005075
37.806966 1.02365194 0.003868
37.806980 1.02774169 0.007244
37.810801 1.02307595 0.006806
37.813878 1.02778906 0.005508
37.846270 1.02907631 0.006105
37.851520 1.02417697 0.007427
37.862368 1.02318622 0.006352
37.877610 1.02355918 0.003777
37.879406 0.95408798 0.003952
37.880540 1.02505871 0.003684
37.912577 1.01885109 0.006447
37.931203 1.02672684 0.007067
37.970770 1.03025391 0.007590
38.010471 1.02894679 0.005596
38.010776 1.02314438 0.003357
38.038001 1.02348280 0.005666
38.141728 1.02572897 0.006867
38.191677 1.01243151 0.005581
38.204147 1.01098136 0.005044
38.213051 1.00379048 0.003812
38.216912 1.01472054 0.003015
38.217433 1.01831990 0.005704
38.219498 1.01292954 0.007878
38.237784 1.00526423 0.003512
38.238888 1.01137058 0.007992
38.249874 0.98807011 0.006492
38.255083 1.01143848 0.003858
38.267894 1.00675735 0.006222
38.302944 1.00431690 0.004523
38.353784 1.00465824 0.007752
38.376787 1.01019442 0.004290
38.481268 0.99443059 0.003318
38.491449 1.00990752 0.003932
38.506466 1.00336133 0.004900
38.525856 1.00097886 0.006706
38.536456 1.01021989 0.003404
38.537571 1.00565746 0.003235
38.542961 0.99690240 0.004497
38.566286 0.99760002 0.007497
38.599164 0.99899955 0.003137
38.599540 1.00218134 0.005085
38.624650 0.99190694 0.006697
38.626359 0.99984712 0.007702
38.652654 1.00006882 0.006088
38.656052 0.99259419 0.005091
38.673532 0.99275647 0.007959
38.753004 0.99777254 0.007735
38.753937 1.00297444 0.004983
38.761185 0.99582442 0.003015
38.771744 0.99761032 0.005032
38.781640 0.99832577 0.005653
38.784431 0.99617738 0.006415
38.784563 0.99420733 0.003801
38.856815 1.00026444 0.007045
38.868971 0.99619640 0.006230
38.869250 0.99762515 0.003527
38.891519 0.99653939 0.003476
38.932493 1.00291305 0.005685
38.934312 1.00087577 0.003311
38.955027 1.00034088 0.006047
38.955659 0.98709466 0.006732
38.984607 1.00371038 0.005126
39.075483 0.99676394 0.005313
39.076095 0.99540824 0.005959
39.091662 0.99626285 0.006766
39.096306 0.99297380 0.006031
39.164908 0.98335594 0.007013
39.174659 0.98431734 0.007724
39.220438 0.98697446 0.004792
39.251815 0.98737508 0.007858
39.288686 0.98921522 0.004766
39.305219 0.97740005 0.003967
39.348390 0.98050709 0.006590
39.348754 0.98612255 0.005729
39.367326 0.97695557 0.006095
39.384680 0.98196337 0.003135
39.388421 0.97684323 0.004719
39.420186 0.98690504 0.003173
39.427432 0.98069389 0.004740
39.439830 0.96830585 0.004067
39.449018 0.98188512 0.004179
39.475758 0.97556679 0.007466
39.493701 0.96913553 0.007320
39.534175 0.96859226 0.007251
39.576556 0.97562686 0.006295
39.581551 0.98332674 0.005730
39.587077 0.97340504 0.004971
39.618526 0.97170658 0.007722
39.619947 0.97902175 0.006124
39.660611 0.96755589 0.006039
39.672857 0.97499431 0.007990
39.673340 0.97894704 0.005914
39.673786 0.97730221 0.007394
39.682996 0.97161233 0.003215
39.710108 0.98631297 0.007312
39.728014 0.98483281 0.006153
39.729678 0.97712772 0.006630
39.735704 0.97623764 0.004289
39.787686 0.98703528 0.007640
39.796514 0.98304961 0.007872
39.809281 0.97314976 0.003274
39.819678 0.98643970 0.007286
39.824869 0.97429180 0.007885
39.852168 0.98246878 0.007725
39.857875 0.98211852 0.005388
39.886229 0.99444328 0.005158
39.920722 0.99052072 0.005752
39.926004 0.99240378 0.003993
39.927550 0.99446594 0.003004
39.929785 0.98795105 0.005493
39.934465 0.99713218 0.007245
39.937082 0.99346122 0.006674
39.957864 0.99399200 0.004076
39.968747 1.00134783 0.004019
39.970621 0.99905484 0.004082
39.970651 0.99769857 0.006473
39.976199 0.99220797 0.005228
39.976801 0.99926119 0.003151
40.002324 0.99753536 0.004667
40.016800 1.00112208 0.003584
40.041999 0.99766996 0.007842
40.068656 1.01201299 0.004755
40.088388 1.01531072 0.005814
40.092646 1.00397253 0.006732
40.149890 1.01206667 0.003222
40.150062 1.01476337 0.007777
40.151504 1.01005394 0.006751
40.161903 1.01473511 0.004661
40.169146 1.01564403 0.007187
40.197041 1.01781351 0.005461
40.236661 1.02227545 0.005252
40.264665 1.01894240 0.003498
40.319359 1.02751099 0.005918
40.376877 1.01756861 0.003866
40.441153 1.03135983 0.007574
40.471422 1.02221841 0.004033
40.480258 1.01815584 0.003504
40.498022 1.03246950 0.004006
40.526774 1.02851147 0.006787
40.550230 1.02978341 0.007519
40.553397 1.01479225 0.003505
40.555878 1.04321993 0.005630
40.565076 1.01635701 0.003414
40.572357 1.01905568 0.006050
40.610594 1.02521270 0.006465
40.612790 1.02544431 0.006023
40.660510 1.01898363 0.003951
40.680495 1.01061758 0.007379
40.713005 1.01769813 0.005032
40.716643 1.01764478 0.007185
40.747856 1.01930048 0.003861
40.750962 1.01466989 0.005596
40.768050 1.01711045 0.005310
40.772517 1.01860041 0.004923
40.795775 1.01127244 0.005285
40.801333 1.01172498 0.006163
40.802189 1.00336924 0.005699
40.829608 1.00670576 0.004286
40.834433 1.01007832 0.003049
40.841536 1.00309857 0.006762
40.846573 1.01333015 0.006928
40.848042 1.00428119 0.003831
40.865217 1.00387532 0.007132
40.898345 1.01003159 0.005250
40.916700 1.01093911 0.005908
40.924796 1.00656241 0.004764
40.937030 1.00093261 0.003284
40.949697 1.00262282 0.003742
40.961971 0.99876506 0.007311
40.967586 1.00141848 0.005083
40.987333 1.00682394 0.004415
41.004221 1.00139849 0.006178
41.064195 0.99418826 0.004684
41.070557 0.99903731 0.004822
41.084131 1.00191412 0.006280
41.098489 1.00535285 0.004466
41.184078 0.99437835 0.005442
41.202971 1.00021884 0.006886
41.212865 1.00086453 0.004709
41.216191 0.99675829 0.003647
41.220434 0.99977448 0.006004
41.241741 0.99069075 0.003576
41.241964 1.00190616 0.004195
41.268466 0.99414982 0.006921
41.275338 1.00765202 0.003292
41.354882 0.99354582 0.005948
41.414526 1.00097941 0.007116
41.425877 1.00083045 0.004908
41.454911 0.99274185 0.007255
41.461617 0.99570306 0.006709
41.518237 0.99173985 0.006650
41.544199 1.00004815 0.005990
41.562928 1.00129337 0.004741
41.574539 0.99611715 0.007969
41.582963 0.99173084 0.004075
41.597008 0.99452548 0.004191
41.604076 0.99261713 0.003107
41.636937 0.98887108 0.003017
41.649173 0.98558856 0.003173
41.652405 0.99633308 0.007665
41.659507 0.99459245 0.005464
41.668228 0.94350080 0.006432
41.722644 0.99651917 0.004848
41.759714 0.98157924 0.006076
41.812227 0.98406664 0.003445
41.832632 0.98730723 0.004740
41.838174 0.99123851 0.006544
41.843643 0.98116294 0.005393
41.862283 0.98178595 0.003563
41.879872 0.97312629 0.003978
41.881439 0.98689005 0.007717
41.889275 0.98802768 0.003987
41.933390 0.97943821 0.005303
41.938374 0.97274607 0.007953
42.040827 0.96932455 0.004933
42.043802 1.00490754 0.005426
42.051138 0.96523594 0.006403
42.056980 0.97884377 0.005224
42.106351 0.98069039 0.006958
42.125130 0.97328786 0.007581
42.125473 0.97394832 0.004599
42.129936 0.97253433 0.004623
42.141239 0.97272349 0.007293
42.176581 0.96626285 0.006255
42.201255 0.97563917 0.004702
42.233011 0.98365007 0.005024
42.292450 0.97512884 0.005762
42.342130 0.98841141 0.007289
42.363502 0.98661051 0.006399
42.413934 0.97920341 0.006314
42.414983 0.98982344 0.005410
42.418222 0.98728505 0.004930
42.431912 0.99682962 0.003930
42.443544 0.99614559 0.005102
42.489403 0.98960464 0.007081
42.524419 1.00931562 0.003093
42.541335 1.00640729 0.004804
42.573206 1.00321066 0.006216
42.585369 1.01091051 0.003240
42.596063 1.00860306 0.004368
42.604888 1.01221201 0.007865
42.623892 1.00503421 0.004334
42.628895 1.00792982 0.004038
42.713896 1.01369453 0.003563
42.739090 1.02529402 0.007935
42.755162 1.01683043 0.003336
42.768349 1.01817360 0.007202
42.783841 1.02770141 0.003454
42.788394 1.01935064 0.004799
42.794842 1.01947102 0.007973
42.800605 1.02152521 0.007244
42.807330 1.02407937 0.007697
42.831741 1.03106263 0.006735
42.857749 1.00409346 0.006748
42.880034 1.01823595 0.004961
42.903280 1.02054296 0.007745
42.908190 1.02642869 0.005973
42.919805 1.03242246 0.007789
42.947181 1.02488379 0.005793
42.951197 1.02735389 0.005488
42.965054 1.03081573 0.007891
42.965681 1.03194084 0.005711
42.989389 1.03330079 0.003837
43.005072 1.02387543 0.007018
43.024594 1.02639716 0.005269
43.057599 1.01492160 0.005654
43.071293 1.01708295 0.007468
43.154610 1.01035639 0.004053
43.156869 1.01755294 0.007092
43.166427 1.01003472 0.004457
43.170894 1.02209261 0.003161
43.258127 1.01142253 0.005877
43.271452 1.00752819 0.007812
43.271511 1.01172745 0.003334
43.283337 1.01525153 0.006902
43.298568 1.01181179 0.003842
43.300900 1.00244311 0.004916
43.305358 1.00962902 0.003362
43.335027 1.01440844 0.005261
43.386584 1.01164286 0.004057
43.400025 1.00321473 0.006677
43.413861 0.99887773 0.004369
43.432403 1.00290098 0.007218
43.480915 1.02574080 0.007648
43.516550 0.99894256 0.005685
43.517093 1.00372928 0.006757
43.518240 0.99580054 0.003382
43.542931 0.99785073 0.003399
43.571390 1.00263596 0.007206
43.587887 0.94964150 0.007217
43.594991 0.99963459 0.005797
43.598698 0.99988210 0.006590
43.626499 0.99155383 0.004199
43.650919 0.93950057 0.003755
43.658670 0.99565161 0.006173
43.670587 0.99155679 0.004126
43.679204 1.00181076 0.005258
43.696939 0.99406918 0.005119
43.697898 0.99205925 0.004764
43.701293 1.00343644 0.004575
43.711570 0.99918911 0.005536
43.725750 0.99698684 0.006688
43.762822 0.99407220 0.005838
43.797430 0.99423502 0.006726
43.829620 0.99552201 0.006760
43.835545 0.99894155 0.004116
43.885262 1.00847513 0.005080
43.903404 1.00390070 0.006388
43.938066 1.00000954 0.006581
43.953963 0.99932919 0.004630
43.966751 0.99474157 0.004803
43.983244 0.99911926 0.003376
44.003145 0.99905897 0.005218
44.019626 1.00110425 0.003192
44.049759 0.99602299 0.007834
44.049922 0.99278281 0.007569
44.050753 0.99453942 0.003025
44.071241 1.00022797 0.007386
44.085638 0.99563238 0.004895
44.087762 0.99897579 0.007142
44.093259 1.02855293 0.003395
44.104606 0.99102902 0.007782
44.120599 0.99443096 0.007885
44.139030 0.98755394 0.007211
44.150782 0.99271853 0.004645
44.170375 0.99771292 0.007460
44.253799 0.98911704 0.004089
44.289072 0.98538077 0.004350
44.289693 0.98519361 0.004167
44.295411 0.98334718 0.005284
44.295451 0.98261217 0.004375
44.343743 0.97336418 0.005390
44.361693 0.98341007 0.005429
44.381910 0.97956931 0.003322
44.384066 0.97897966 0.005373
44.422218 0.97645031 0.005926
44.429874 0.97520628 0.006576
44.431794 0.97545643 0.005799
44.434879 0.97677142 0.004710
44.449211 0.98465766 0.004417
44.468560 0.97018809 0.003124
44.490116 0.97007228 0.004843
44.503369 0.97733589 0.007011
44.507620 0.97850157 0.005345
44.513789 1.02555527 0.006331
44.532627 0.98479807 0.007595
44.550017 0.96961158 0.004595
44.560720 0.97089182 0.007510
44.578821 0.97288490 0.003764
44.592505 0.96449669 0.004824
44.603630 0.97613292 0.007640
44.620490 0.97968943 0.006859
44.621425 0.97325483 0.003934
44.696246 0.97359430 0.007828
44.698951 0.98290393 0.005562
44.753816 0.97615733 0.006179
44.763218 0.98209076 0.006567
44.765701 0.98470820 0.005069
44.792750 0.98449755 0.006723
44.860141 0.99015422 0.005119
44.872542 0.97707829 0.003757
44.899798 0.99047788 0.005305
44.899847 0.99155551 0.005650
44.927159 0.98975310 0.005341
44.933824 0.99246944 0.005789
44.954702 0.99239451 0.003147
44.973019 0.99665839 0.005486
44.990513 1.00597929 0.006706
45.015273 1.00754737 0.003707
45.026334 1.01072997 0.004080
45.063101 1.00757909 0.005286
45.072157 1.00411516 0.004529
45.114375 1.01584581 0.006198
45.154350 1.02032782 0.004816
45.191485 1.01781166 0.005034
45.250051 1.02503623 0.005558
45.253638 1.01966181 0.004052
45.263737 1.02658512 0.007453
45.286938 1.02229919 0.005906
45.289660 1.01947161 0.005345
45.289935 1.01625668 0.004905
45.343501 1.05887092 0.007380
45.344991 1.02920653 0.006262
45.365444 1.02069738 0.004728
45.454127 1.02216772 0.007836
45.486546 1.03476725 0.007235
45.496721 1.02646776 0.007944
45.510559 1.02748713 0.003887
45.547557 1.02873549 0.004310
45.554838 1.02369010 0.004050
45.558964 1.02193822 0.006733
45.570095 1.01686182 0.003980
45.585625 1.02818206 0.006368
45.608779 1.01322641 0.007869
45.660048 1.02300727 0.004984
45.668829 1.01819249 0.003799
45.669055 1.01819544 0.006137
45.676740 1.00886130 0.006208
45.677584 1.02321116 0.005415
45.687178 1.01171747 0.005047
45.694940 1.01622881 0.006088
45.707289 1.02138018 0.004649
45.718961 1.01462039 0.003323
45.719410 1.01905199 0.006073
45.721276 1.00872175 0.007498
45.730712 1.01838126 0.003149
45.732816 1.00864083 0.003151
45.737905 1.01182074 0.007781
45.747023 1.02607555 0.007101
45.751284 1.00803695 0.003066
45.765239 1.01333130 0.005714
45.815864 1.00718259 0.003810
45.818660 1.01024343 0.006248
45.825540 1.00361661 0.006786
45.846033 1.00736485 0.007350
45.864674 1.00888530 0.003214
45.920484 1.00902413 0.003710
45.950688 1.00431817 0.004211
45.953915 1.00475452 0.006541
45.961525 0.99922513 0.004319
45.965345 0.99901359 0.005957
45.990648 1.00157329 0.003403
46.020996 1.00466666 0.004128
46.025342 1.00107135 0.006117
46.029584 1.00630021 0.004872
46.034966 1.00696388 0.005513
46.058552 1.00044825 0.004213
46.062147 0.99876350 0.004501
46.092724 1.00586899 0.006975
46.101453 1.00223466 0.007051
46.108231 0.99887666 0.005902
46.127907 1.00198186 0.004763
46.146033 1.00654442 0.007957
46.148147 1.00498809 0.007288
46.246051 1.00250332 0.005675
46.251084 1.00466254 0.003749
46.252994 1.00208056 0.006125
46.262725 0.99557980 0.004835
46.293574 0.99567002 0.005755
46.303273 0.99771611 0.007922
46.314868 1.00019942 0.007362
46.320182 1.00073220 0.007858
46.330661 1.00086006 0.007016
46.344690 1.00141927 0.004571
46.349172 0.99815150 0.007599
46.359205 0.99324132 0.003777
46.372313 1.00085435 0.007193
46.409367 1.01014086 0.007501
46.428835 1.00207907 0.006451
46.439773 0.99375661 0.004391
46.465874 1.05048965 0.003200
46.508054 0.99896823 0.004139
46.537366 1.00036977 0.007230
46.539659 1.00166121 0.007955
46.565377 0.98796079 0.007720
46.594417 0.99367620 0.003293
46.600005 0.99592841 0.006387
46.602313 0.98777810 0.007680
46.609609 0.99871605 0.007195
46.650975 0.98501488 0.007317
46.654937 0.99330754 0.004913
46.668636 0.99727254 0.004635
46.675463 0.98919481 0.007294
46.681960 0.98889403 0.003132
46.684850 0.99667065 0.003027
46.719447 0.98875272 0.004723
46.729910 0.98855778 0.007230
46.797388 0.98407930 0.006889
46.807597 0.97242511 0.003276
46.815853 0.98787220 0.007328
46.837474 0.97488584 0.007175
46.856225 0.97557535 0.003076
46.859502 0.97321457 0.006225
46.928145 0.98049420 0.005241
46.938190 0.98559063 0.004310
46.949079 0.98207559 0.003865
46.964730 0.97879267 0.003054
47.012756 0.97821898 0.006593
47.042391 0.97803495 0.005108
47.061781 0.97702714 0.004625
47.080530 0.97166895 0.003477
47.082446 0.96685840 0.003327
47.118994 0.97713974 0.006613
47.137386 0.96930542 0.004873
47.165935 0.96931251 0.006904
47.175711 0.97813536 0.006911
47.179347 0.97418411 0.003201
47.183214 0.98066008 0.006914
47.201053 0.97239846 0.004265
47.218408 0.97922951 0.004772
47.279260 0.96919964 0.007416
47.322550 0.98674584 0.006166
47.331286 0.98523025 0.007984
47.377801 0.98476700 0.007300
47.438160 0.99853971 0.004577
47.440473 0.99554615 0.007566
47.450995 0.99414796 0.006545
47.461512 0.99405687 0.006325
47.512395 0.99583356 0.004701
47.556717 1.00496754 0.003988
47.583174 1.00456082 0.003928
47.603962 1.00933657 0.004620
47.622545 1.01094888 0.004327
47.626238 1.01684566 0.005601
47.657833 1.01359558 0.005992
47.662643 1.01554554 0.003438
47.667221 1.01510274 0.003189
47.693462 1.02590212 0.007248
47.699034 1.01178703 0.006322
47.735169 1.02404353 0.004553
47.757645 1.02362633 0.004370
47.773914 1.03037419 0.007522
47.774442 1.02265498 0.004029
47.830275 1.02632415 0.004891
47.857000 1.02783112 0.005081
47.905341 1.02530149 0.004940
47.915775 1.02372869 0.005692
47.954327 1.02722457 0.003951
47.972219 1.01780862 0.004454
47.981742 1.02824810 0.003583
48.035852 1.02735290 0.005036
48.040006 1.02326910 0.006756
48.047772 1.02235492 0.004602
48.053883 1.02397836 0.005361
48.058938 1.02768988 0.004795
48.070323 1.01870357 0.005296
48.076444 1.02578253 0.004198
48.083679 1.01549051 0.007742
48.093330 1.01309330 0.004420
48.110470 1.02763629 0.003261
48.121577 1.02117612 0.005333
48.121806 1.02512092 0.003960
48.147808 1.01976002 0.006348
48.192372 1.01942685 0.003508
48.234282 1.01054282 0.005962
48.236737 1.01078584 0.004056
48.247457 1.01802775 0.003963
48.264377 1.00247270 0.004390
48.267863 1.00709988 0.005752
48.285694 1.01797353 0.003621
48.314825 1.00595574 0.007753
48.325669 1.00727360 0.003849
48.434183 1.00425306 0.007198
48.439878 1.00346476 0.004058
48.469206 0.99795652 0.006019
48.505717 1.00383842 0.006539
48.538294 0.99916044 0.004141
48.594334 0.99878337 0.007018
48.615224 0.99755775 0.003584
48.621400 1.00368048 0.005918
48.630254 0.99772677 0.003096
48.640007 1.00798742 0.004544
48.648483 0.99929140 0.007139
48.669024 1.00034205 0.004159
48.711313 1.00439923 0.004403
48.711411 0.99803715 0.003071
48.712372 1.00190546 0.007067
48.724655 0.99639133 0.003426
48.738536 0.99821808 0.005562
48.794621 1.00450866 0.005965
48.797390 1.00642652 0.005849
48.805447 0.99724315 0.005307
48.807412 1.00299682 0.007364
48.810971 1.00310716 0.003436
48.821247 1.00810991 0.007838
48.829267 1.00203503 0.005227
48.851811 1.09442578 0.003417
48.862801 1.00351188 0.003211
48.873328 0.99342220 0.003952
48.881031 1.00218502 0.005968
48.897800 0.99629201 0.006645
48.898609 1.00006286 0.005152
48.906995 1.00056291 0.007870
48.928765 1.01019256 0.007680
48.938906 1.00447860 0.003220
48.964600 0.99480916 0.005055
48.992239 0.99680478 0.007945
49.013944 0.98912944 0.007984
49.019019 0.99677992 0.005164
49.029248 0.99306362 0.005686
49.034751 0.99109206 0.005461
49.046790 1.00891884 0.007093
49.051956 0.99019263 0.004610
49.064268 0.99260502 0.004051
49.079906 0.99447074 0.006712
49.082533 0.99563125 0.006149
49.097194 0.99890328 0.005069
49.097556 0.98636233 0.003471
49.114868 0.98473904 0.007682
49.124817 0.98760351 0.004414
49.126464 0.98109357 0.003404
49.153517 0.99203173 0.003957
49.184921 0.98759023 0.005701
49.267358 0.98835943 0.004428
49.297283 0.98222568 0.003976
49.322117 0.98013980 0.005602
49.404982 0.97284470 0.003344
49.448372 0.97644018 0.003953
49.483193 0.98446322 0.007838
49.525403 0.97223295 0.003424
49.570928 0.97817894 0.006826
49.579321 0.97636599 0.003239
49.599417 0.92997119 0.007397
49.612456 0.98332972 0.004154
49.617399 0.95910987 0.005235
49.617800 0.97137478 0.007775
49.625280 0.98159815 0.006889
49.657776 0.97579016 0.004564
49.660806 0.97068492 0.006607
49.666888 0.97628776 0.004057
49.671351 0.97051972 0.006305
49.808552 0.98516212 0.005676
49.820480 0.98568462 0.005784
49.835577 0.98367215 0.006881
49.865886 0.99652185 0.003313
49.880962 0.98896876 0.007011
49.892265 0.98635016 0.007590
49.897955 0.99514458 0.005074
49.906639 0.99000398 0.005700
49.931867 0.99351734 0.004402
49.940311 0.99498818 0.005014
49.964421 0.99641435 0.006295
49.969417 1.00531505 0.007144
