# Time (days)	Flux	Error
0.000000	0.993022	0.002550
0.031250	0.996242	0.002935
0.062500	1.007379	0.001783
0.093750	1.010118	0.001591
0.125000	1.006019	0.001632
0.156250	1.012014	0.002692
0.187500	0.988987	0.001393
0.218750	1.003109	0.002580
0.250000	0.987037	0.002831
0.281250	1.001138	0.002040
0.312500	1.003061	0.001004
0.343750	1.009213	0.001826
0.375000	0.992843	0.002443
0.406250	1.018034	0.002665
0.437500	0.994728	0.001793
0.468750	1.011489	0.001246
0.500000	0.999988	0.001349
0.531250	0.996684	0.002387
0.562500	1.017404	0.002509
0.593750	1.011050	0.002663
0.625000	0.998288	0.001860
0.656250	1.004748	0.001936
0.687500	0.998027	0.002232
0.718750	0.986668	0.001262
0.750000	1.006223	0.002886
0.781250	0.974938	0.001260
0.812500	0.999274	0.002920
0.843750	1.013864	0.001760
0.875000	0.997185	0.002800
0.906250	0.996867	0.002123
0.937500	0.997111	0.001423
0.968750	0.999484	0.002748
1.000000	1.007913	0.001618
1.031250	1.001241	0.002343
1.062500	0.994176	0.001537
1.093750	0.998765	0.001463
1.125000	0.993398	0.001577
1.156250	1.002218	0.001925
1.187500	0.995304	0.001879
1.218750	1.014544	0.001393
1.250000	1.004398	0.001707
1.281250	1.008324	0.001294
1.312500	1.004074	0.002511
1.343750	0.996921	0.002605
1.375000	0.992921	0.002116
1.406250	1.000913	0.002098
1.437500	0.995272	0.001530
1.468750	0.994367	0.001868
1.500000	1.006426	0.001141
1.531250	0.997248	0.002482
1.562500	1.004022	0.001863
1.593750	0.991221	0.001616
1.625000	0.990278	0.001633
1.656250	0.990033	0.001483
1.687500	0.989290	0.002860
1.718750	1.004470	0.001794
1.750000	0.989363	0.001535
1.781250	0.995556	0.001417
1.812500	0.994432	0.002688
1.843750	0.983498	0.002333
1.875000	1.004187	0.001498
1.906250	1.006020	0.001350
1.937500	0.999183	0.002881
1.968750	1.001536	0.001290
2.000000	1.011818	0.002476
2.031250	0.999332	0.002854
2.062500	1.006548	0.002135
2.093750	0.999961	0.001295
2.125000	0.997125	0.002670
2.156250	0.997452	0.002585
2.187500	0.987338	0.002176
2.218750	1.001005	0.001071
2.250000	1.003407	0.001161
2.281250	0.994247	0.001617
2.312500	0.999765	0.002562
2.343750	0.993411	0.002012
2.375000	0.997431	0.002208
2.406250	0.997319	0.001955
2.437500	0.994492	0.001987
2.468750	0.998848	0.001722
2.500000	1.001700	0.002841
2.531250	0.995508	0.002346
2.562500	0.979770	0.002369
2.593750	0.993456	0.001642
2.625000	1.004205	0.002112
2.656250	0.991313	0.001806
2.687500	0.991745	0.001620
2.718750	0.998146	0.001410
2.750000	1.007755	0.001116
2.781250	1.000080	0.002073
2.812500	1.001527	0.002828
2.843750	1.000295	0.002010
2.875000	0.995556	0.002698
2.906250	0.998538	0.001519
2.937500	0.990580	0.002341
2.968750	1.010851	0.001585
3.000000	0.999802	0.002053
3.031250	0.999113	0.002869
3.062500	1.001231	0.001599
3.093750	1.006977	0.001587
3.125000	0.996771	0.002729
3.156250	1.010710	0.001790
3.187500	1.004088	0.001498
3.218750	1.002556	0.001035
3.250000	1.020219	0.001388
3.281250	0.995476	0.002746
3.312500	1.006289	0.001597
3.343750	0.986378	0.002659
3.375000	1.009999	0.002436
3.406250	1.003922	0.002177
3.437500	0.994150	0.001200
3.468750	0.986023	0.002838
3.500000	0.984566	0.002844
3.531250	1.001632	0.002795
3.562500	0.992512	0.001999
3.593750	0.983370	0.001106
3.625000	0.997749	0.001744
3.656250	0.995901	0.001189
3.687500	0.989844	0.002041
3.718750	0.998206	0.001353
3.750000	0.995615	0.001630
3.781250	1.006049	0.002671
3.812500	0.990945	0.002505
3.843750	0.998111	0.002336
3.875000	1.021496	0.002603
3.906250	0.981734	0.002895
3.937500	0.996935	0.001010
3.968750	0.985738	0.002184
4.000000	1.008861	0.001903
4.031250	0.988844	0.002554
4.062500	0.986584	0.002926
4.093750	1.008363	0.002594
4.125000	1.000547	0.002347
4.156250	1.005351	0.001854
4.187500	1.004458	0.002597
4.218750	1.008575	0.002571
4.250000	1.004034	0.002933
4.281250	1.000502	0.001479
4.312500	1.002126	0.002429
4.343750	1.004185	0.002913
4.375000	0.984843	0.001983
4.406250	1.008143	0.001506
4.437500	1.002078	0.002224
4.468750	1.008698	0.002344
4.500000	0.976577	0.001807
4.531250	0.998799	0.002643
4.562500	1.002276	0.002927
4.593750	1.003638	0.001694
4.625000	1.017680	0.001176
4.656250	0.993877	0.002033
4.687500	1.011660	0.001314
4.718750	1.000594	0.001081
4.750000	0.994721	0.002810
4.781250	0.993175	0.002969
4.812500	1.012883	0.002126
4.843750	1.007893	0.002771
4.875000	0.992916	0.002521
4.906250	1.002901	0.001347
4.937500	1.013585	0.001271
4.968750	0.996528	0.002906
5.000000	0.992189	0.002434
5.031250	1.004329	0.001935
5.062500	0.987038	0.001659
5.093750	0.994182	0.002309
5.125000	0.997009	0.002375
5.156250	0.991345	0.002371
5.187500	1.004122	0.002401
5.218750	0.986680	0.002276
5.250000	1.001360	0.002142
5.281250	1.002937	0.001361
5.312500	0.996444	0.002666
5.343750	0.991589	0.002635
5.375000	0.998015	0.001814
5.406250	0.994624	0.002730
5.437500	0.998547	0.002435
5.468750	1.008206	0.001067
5.500000	0.999174	0.002268
5.531250	1.000118	0.002803
5.562500	1.007338	0.002374
5.593750	1.006989	0.002567
5.625000	0.994776	0.002174
5.656250	0.997745	0.002372
5.687500	1.005226	0.002041
5.718750	0.997153	0.002701
5.750000	0.998549	0.001689
5.781250	1.006098	0.002823
5.812500	0.994502	0.001551
5.843750	1.003932	0.001553
5.875000	0.999587	0.002387
5.906250	0.995839	0.001148
5.937500	1.012582	0.001195
5.968750	1.009086	0.002844
6.000000	1.020682	0.002122
6.031250	0.996477	0.002809
6.062500	1.010287	0.002566
6.093750	0.997237	0.001565
6.125000	0.996599	0.002476
6.156250	1.008465	0.002545
6.187500	1.003082	0.001656
6.218750	0.997854	0.002450
6.250000	1.005594	0.001078
6.281250	0.988495	0.001761
6.312500	0.996377	0.001643
6.343750	1.007630	0.001910
6.375000	1.002506	0.002182
6.406250	1.006401	0.002325
6.437500	0.990622	0.001134
6.468750	1.008154	0.001090
6.500000	0.989835	0.001119
6.531250	1.003276	0.002292
6.562500	0.997657	0.001751
6.593750	0.996668	0.002135
6.625000	0.997599	0.002807
6.656250	1.006404	0.001534
6.687500	0.993245	0.002527
6.718750	0.995176	0.001884
6.750000	1.002385	0.001056
6.781250	0.993379	0.001612
6.812500	0.996604	0.001450
6.843750	1.004038	0.001507
6.875000	0.999156	0.001970
6.906250	0.994721	0.001985
6.937500	1.013046	0.002375
6.968750	1.003383	0.002576
7.000000	0.993462	0.002260
7.031250	0.995133	0.002419
7.062500	1.011802	0.002397
7.093750	1.001176	0.002730
7.125000	1.000991	0.002937
7.156250	1.009531	0.002806
7.187500	1.008108	0.002991
7.218750	1.005412	0.002198
7.250000	1.011126	0.001033
7.281250	0.996845	0.001144
7.312500	0.999105	0.001852
7.343750	1.006791	0.002458
7.375000	0.998032	0.002752
7.406250	0.990537	0.001560
7.437500	1.004326	0.002788
7.468750	1.009420	0.002091
7.500000	0.998703	0.002523
7.531250	1.005014	0.001234
7.562500	1.002241	0.002269
7.593750	1.007476	0.002887
7.625000	0.996178	0.002762
7.656250	1.004831	0.001231
7.687500	0.992451	0.002000
7.718750	0.987507	0.001080
7.750000	0.990194	0.002468
7.781250	0.985667	0.001953
7.812500	0.990771	0.002869
7.843750	0.994556	0.002102
7.875000	0.985309	0.001477
7.906250	1.007185	0.002464
7.937500	1.007947	0.001943
7.968750	1.006069	0.002210
8.000000	0.986740	0.002062
8.031250	0.996163	0.002078
8.062500	1.012120	0.001778
8.093750	0.995709	0.001249
8.125000	1.004068	0.002391
8.156250	0.998461	0.001347
8.187500	1.001733	0.001522
8.218750	1.001220	0.002398
8.250000	1.009876	0.002282
8.281250	0.990797	0.002667
8.312500	0.989634	0.001912
8.343750	0.991765	0.001663
8.375000	1.011242	0.001620
8.406250	1.011854	0.001076
8.437500	1.000247	0.001615
8.468750	1.001280	0.002638
8.500000	1.009851	0.002971
8.531250	1.006280	0.002570
8.562500	1.008441	0.002689
8.593750	0.987236	0.001373
8.625000	1.000088	0.002292
8.656250	1.006342	0.001921
8.687500	0.993288	0.001410
8.718750	1.004237	0.002987
8.750000	0.996435	0.002405
8.781250	0.996488	0.002708
8.812500	0.987308	0.001584
8.843750	0.997341	0.001726
8.875000	1.002532	0.002393
8.906250	1.008211	0.002016
8.937500	1.008849	0.002996
8.968750	1.005487	0.002515
9.000000	0.996651	0.001026
9.031250	1.005256	0.001140
9.062500	1.006908	0.001622
9.093750	1.007282	0.002217
9.125000	1.014586	0.002066
9.156250	0.991482	0.001830
9.187500	1.014777	0.002084
9.218750	0.995492	0.002356
9.250000	1.005192	0.002155
9.281250	0.994661	0.001300
9.312500	0.998784	0.001965
9.343750	0.993951	0.001314
9.375000	1.009852	0.002212
9.406250	0.998384	0.001978
9.437500	1.001885	0.002636
9.468750	0.999561	0.001187
9.500000	0.993332	0.001653
9.531250	0.989438	0.001747
9.562500	1.012013	0.002284
9.593750	0.983058	0.001015
9.625000	0.998767	0.001486
9.656250	1.007095	0.002909
9.687500	0.982269	0.002713
9.718750	1.015291	0.002275
9.750000	0.994578	0.001145
9.781250	0.993042	0.002160
9.812500	0.998582	0.001159
9.843750	0.992951	0.002860
9.875000	0.991089	0.002645
9.906250	0.992666	0.002364
9.937500	0.989396	0.002915
9.968750	0.999850	0.001640
10.000000	0.999352	0.002863
10.031250	0.997927	0.002944
10.062500	1.007043	0.001940
10.093750	0.992188	0.002055
10.125000	1.001847	0.002199
10.156250	1.004594	0.002301
10.187500	0.987234	0.001095
10.218750	0.996127	0.002120
10.250000	1.009828	0.001493
10.281250	0.990995	0.002883
10.312500	1.005891	0.001155
10.343750	1.007811	0.001645
10.375000	1.005638	0.001261
10.406250	0.985305	0.002939
10.437500	1.005087	0.001367
10.468750	0.976680	0.001519
10.500000	0.990331	0.001453
10.531250	0.995072	0.001683
10.562500	1.006869	0.002292
10.593750	1.000326	0.002234
10.625000	0.997155	0.001140
10.656250	1.004602	0.001949
10.687500	0.990536	0.002870
10.718750	1.007396	0.001879
10.750000	0.998940	0.001589
10.781250	1.002779	0.001540
10.812500	1.003909	0.002703
10.843750	0.990576	0.002792
10.875000	1.002990	0.002461
10.906250	1.007016	0.002836
10.937500	0.993308	0.001677
10.968750	0.991363	0.002570
11.000000	1.003292	0.001522
11.031250	0.990159	0.001635
11.062500	1.002077	0.002582
11.093750	1.005049	0.002628
11.125000	0.993944	0.002650
11.156250	0.995968	0.002827
11.187500	1.001376	0.002913
11.218750	1.006771	0.002540
11.250000	0.994919	0.001919
11.281250	1.000920	0.001763
11.312500	0.990551	0.001069
11.343750	1.004112	0.001730
11.375000	1.000513	0.001931
11.406250	1.013009	0.001846
11.437500	1.012935	0.001823
11.468750	0.986649	0.002774
11.500000	1.015151	0.002932
11.531250	1.014154	0.002400
11.562500	1.003355	0.002837
11.593750	1.006631	0.002893
11.625000	0.999931	0.002646
11.656250	1.010060	0.002899
11.687500	0.999237	0.002189
11.718750	1.009385	0.001197
11.750000	1.009950	0.002984
11.781250	1.011312	0.002456
11.812500	0.993679	0.001318
11.843750	1.012020	0.002175
11.875000	1.001145	0.002071
11.906250	0.997537	0.002371
11.937500	1.010976	0.001162
11.968750	1.008941	0.001828
12.000000	0.997589	0.002796
12.031250	0.992178	0.002537
12.062500	1.008578	0.001976
12.093750	0.985363	0.002046
12.125000	0.987727	0.002014
12.156250	1.001705	0.001046
12.187500	1.007894	0.002804
12.218750	1.015315	0.002664
12.250000	0.997400	0.002417
12.281250	1.000708	0.001752
12.312500	1.001972	0.001035
12.343750	0.992640	0.002588
12.375000	0.998604	0.001115
12.406250	0.992543	0.001892
12.437500	1.000290	0.001987
12.468750	0.989665	0.002144
12.500000	1.003498	0.002777
12.531250	0.989851	0.002624
12.562500	0.998281	0.002994
12.593750	1.010549	0.002308
12.625000	1.007763	0.002263
12.656250	0.997894	0.002715
12.687500	1.000732	0.001943
12.718750	1.004922	0.001280
12.750000	0.998738	0.001685
12.781250	0.996234	0.002513
12.812500	1.000738	0.002484
12.843750	1.001995	0.001980
12.875000	1.010421	0.002660
12.906250	1.004579	0.001195
12.937500	1.004122	0.001697
12.968750	0.999220	0.002746
13.000000	0.994354	0.001678
13.031250	0.996088	0.002659
13.062500	0.996232	0.002231
13.093750	1.007204	0.001694
13.125000	1.001286	0.001483
13.156250	0.989059	0.001653
13.187500	0.993536	0.002004
13.218750	0.992989	0.002349
13.250000	1.013017	0.002079
13.281250	0.985999	0.002454
13.312500	0.990931	0.002890
13.343750	0.997473	0.002768
13.375000	0.991126	0.002930
13.406250	0.995181	0.002328
13.437500	1.003026	0.001902
13.468750	0.993550	0.002617
13.500000	1.003026	0.001311
13.531250	0.986027	0.001034
13.562500	0.999653	0.002286
13.593750	0.995103	0.001165
13.625000	0.998802	0.002814
13.656250	0.985454	0.001753
13.687500	0.996266	0.001771
13.718750	0.988845	0.001120
13.750000	0.993255	0.002212
13.781250	0.999798	0.002982
13.812500	0.999924	0.001877
13.843750	1.002252	0.001545
13.875000	1.002814	0.002172
13.906250	0.996374	0.001225
13.937500	0.999722	0.002434
13.968750	1.007409	0.002080
14.000000	1.002667	0.001019
14.031250	1.004867	0.002672
14.062500	1.016300	0.001791
14.093750	1.002918	0.001875
14.125000	1.000616	0.001554
14.156250	0.999886	0.002559
14.187500	1.002105	0.001359
14.218750	1.005551	0.002648
14.250000	0.993384	0.002300
14.281250	0.999419	0.001015
14.312500	1.002575	0.002589
14.343750	0.988268	0.002343
14.375000	1.021076	0.002846
14.406250	0.981288	0.002327
14.437500	1.014639	0.001133
14.468750	0.990945	0.001419
14.500000	0.993112	0.002439
14.531250	1.008938	0.002599
14.562500	0.995837	0.002860
14.593750	0.986171	0.002386
14.625000	0.995542	0.001025
14.656250	0.994774	0.001309
14.687500	1.005432	0.002450
14.718750	1.002345	0.001354
14.750000	0.990485	0.002172
14.781250	1.003689	0.001497
14.812500	1.001792	0.002569
14.843750	0.997272	0.001824
14.875000	0.996434	0.001578
14.906250	1.005037	0.002890
14.937500	1.001770	0.002203
14.968750	1.001112	0.001285
15.000000	1.002021	0.002459
15.031250	1.007737	0.002826
15.062500	0.992382	0.002482
15.093750	0.995311	0.001300
15.125000	0.991889	0.002991
15.156250	0.994480	0.003000
15.187500	0.999564	0.002729
15.218750	0.991640	0.001764
15.250000	1.015514	0.001111
15.281250	1.007620	0.002938
15.312500	1.005458	0.002854
15.343750	0.989348	0.001200
15.375000	0.996694	0.002384
15.406250	1.008490	0.001368
15.437500	0.998431	0.001106
15.468750	1.012233	0.001886
15.500000	1.004894	0.002004
15.531250	1.001205	0.002931
15.562500	1.008416	0.002378
15.593750	1.009329	0.002686
15.625000	1.000975	0.002934
15.656250	1.003894	0.001794
15.687500	0.992441	0.002581
15.718750	0.993954	0.001530
15.750000	0.980926	0.002229
15.781250	1.004681	0.001669
15.812500	0.983282	0.001758
15.843750	0.994371	0.001187
15.875000	0.986637	0.001601
15.906250	1.012491	0.001886
15.937500	1.084347	0.001915
15.968750	1.065503	0.002643
16.000000	1.081335	0.001181
16.031250	1.069554	0.001049
16.062500	1.053411	0.001095
16.093750	1.055966	0.002072
16.125000	1.044342	0.002125
16.156250	1.052423	0.002637
16.187500	1.057508	0.002626
16.218750	1.046673	0.002506
16.250000	1.029572	0.001791
16.281250	1.044379	0.001689
16.312500	1.051353	0.002053
16.343750	1.033703	0.002927
16.375000	1.040363	0.002684
16.406250	1.026995	0.002065
16.437500	1.027833	0.001959
16.468750	1.018995	0.002501
16.500000	1.015460	0.002179
16.531250	1.019009	0.001642
16.562500	1.012657	0.002434
16.593750	1.029691	0.001107
16.625000	1.023948	0.002191
16.656250	1.012710	0.001194
16.687500	1.025245	0.002149
16.718750	1.004768	0.002381
16.750000	1.018255	0.002964
16.781250	1.009654	0.001115
16.812500	1.016507	0.001585
16.843750	1.011710	0.001164
16.875000	1.027589	0.002128
16.906250	1.011551	0.001720
16.937500	1.014059	0.001986
16.968750	1.007360	0.001095
17.000000	1.011737	0.001118
17.031250	1.006914	0.001914
17.062500	1.001416	0.001395
17.093750	1.012381	0.002079
17.125000	0.999941	0.001852
17.156250	1.002327	0.002939
17.187500	0.996155	0.002888
17.218750	1.016487	0.001405
17.250000	1.005790	0.001194
17.281250	1.004572	0.001981
17.312500	1.003796	0.002917
17.343750	1.013408	0.001798
17.375000	1.009379	0.001874
17.406250	0.999480	0.001507
17.437500	0.990993	0.002513
17.468750	1.016755	0.002471
17.500000	0.991922	0.001746
17.531250	0.997310	0.001475
17.562500	1.002551	0.002962
17.593750	1.002423	0.001389
17.625000	0.997019	0.001612
17.656250	0.997916	0.002175
17.687500	0.997427	0.002236
17.718750	0.995840	0.002556
17.750000	1.009251	0.001713
17.781250	0.986199	0.002756
17.812500	1.012907	0.001396
17.843750	1.004076	0.001707
17.875000	1.004741	0.002390
17.906250	1.001713	0.002672
17.937500	0.994394	0.001238
17.968750	1.008628	0.002768
18.000000	0.995922	0.001277
18.031250	1.020003	0.002251
18.062500	0.995265	0.001175
18.093750	1.003082	0.001436
18.125000	1.000429	0.002398
18.156250	1.001807	0.002032
18.187500	1.004280	0.002840
18.218750	0.993637	0.001407
18.250000	1.006649	0.001758
18.281250	1.002697	0.001437
18.312500	1.012200	0.001080
18.343750	1.008093	0.002381
18.375000	1.015891	0.002206
18.406250	0.990495	0.001376
18.437500	0.998368	0.002020
18.468750	1.009337	0.002969
18.500000	1.003189	0.001148
18.531250	1.010353	0.002390
18.562500	0.994200	0.001369
18.593750	0.996746	0.001947
18.625000	0.995237	0.002610
18.656250	1.012020	0.002246
18.687500	1.001904	0.002087
18.718750	0.998423	0.002316
18.750000	1.002077	0.001027
18.781250	1.007965	0.001744
18.812500	1.003456	0.001950
18.843750	1.008237	0.002357
18.875000	0.995733	0.001171
18.906250	0.997296	0.001140
18.937500	0.980737	0.001566
18.968750	0.996649	0.001597
19.000000	0.999836	0.001792
19.031250	0.993153	0.002499
19.062500	1.002274	0.001441
19.093750	1.008209	0.002264
19.125000	1.006444	0.001896
19.156250	0.996296	0.002420
19.187500	0.991575	0.002154
19.218750	0.991883	0.002535
19.250000	1.004843	0.002333
19.281250	0.995228	0.001769
19.312500	1.010984	0.001111
19.343750	0.994954	0.002119
19.375000	1.016926	0.001049
19.406250	1.006712	0.002671
19.437500	1.005630	0.002626
19.468750	0.990959	0.001279
19.500000	0.981008	0.002194
19.531250	0.999934	0.002684
19.562500	0.993532	0.001656
19.593750	1.005115	0.001124
19.625000	0.994837	0.001506
19.656250	0.989592	0.001048
19.687500	0.988974	0.002147
19.718750	0.999410	0.001470
19.750000	0.992384	0.002587
19.781250	0.998112	0.001818
19.812500	1.004311	0.002645
19.843750	0.992587	0.002335
19.875000	0.998928	0.001879
19.906250	0.992893	0.001471
19.937500	0.998471	0.001164
19.968750	0.990186	0.001750
20.000000	0.998998	0.001260
20.031250	1.011683	0.002209
20.062500	0.991723	0.001199
20.093750	1.005221	0.001434
20.125000	0.998025	0.001556
20.156250	0.992894	0.001867
20.187500	0.993871	0.001083
20.218750	1.006424	0.002304
20.250000	1.015327	0.001445
20.281250	1.006086	0.002990
20.312500	0.984152	0.001717
20.343750	0.987592	0.001769
20.375000	0.995466	0.001291
20.406250	0.997038	0.001016
20.437500	0.990717	0.002403
20.468750	1.005895	0.001569
20.500000	0.985206	0.001878
20.531250	0.986257	0.001149
20.562500	0.989063	0.001071
20.593750	0.991265	0.001788
20.625000	1.012011	0.001156
20.656250	0.993499	0.002501
20.687500	1.010571	0.001554
20.718750	0.994510	0.002863
20.750000	1.007199	0.002009
20.781250	0.995126	0.002612
20.812500	1.016426	0.001193
20.843750	1.008063	0.001064
20.875000	1.005431	0.001152
20.906250	1.003637	0.001504
20.937500	1.003740	0.002770
20.968750	0.988952	0.002312
21.000000	0.997946	0.001580
21.031250	1.006791	0.002185
21.062500	0.999009	0.001060
21.093750	0.998050	0.002900
21.125000	1.013726	0.001605
21.156250	0.995519	0.001855
21.187500	0.998136	0.001601
21.218750	1.014845	0.001889
21.250000	1.000019	0.002721
21.281250	0.996061	0.002323
21.312500	1.009572	0.002158
21.343750	0.990497	0.001172
21.375000	0.986176	0.002350
21.406250	0.997180	0.002726
21.437500	0.994873	0.002679
21.468750	0.995815	0.001549
21.500000	0.998930	0.001906
21.531250	1.014043	0.001179
21.562500	1.014977	0.002371
21.593750	0.998552	0.001076
21.625000	1.003357	0.002675
21.656250	0.977769	0.001034
21.687500	1.009142	0.001384
21.718750	0.983544	0.002815
21.750000	0.990199	0.001279
21.781250	1.002088	0.002283
21.812500	0.981674	0.001847
21.843750	0.993491	0.001276
21.875000	1.002103	0.002035
21.906250	1.006536	0.001420
21.937500	1.002424	0.001993
21.968750	0.985766	0.002578
22.000000	1.001574	0.002429
22.031250	0.987876	0.002537
22.062500	0.994043	0.002602
22.093750	0.994177	0.002281
22.125000	0.986235	0.002309
22.156250	0.994528	0.001847
22.187500	0.998787	0.002271
22.218750	0.994434	0.002796
22.250000	1.014417	0.001960
22.281250	1.000637	0.002914
22.312500	0.998479	0.001638
22.343750	0.994254	0.001322
22.375000	1.001912	0.002972
22.406250	1.000484	0.002375
22.437500	1.005619	0.001579
22.468750	1.014442	0.001201
22.500000	1.002786	0.001929
22.531250	0.993235	0.001228
22.562500	1.003095	0.001196
22.593750	0.997400	0.001289
22.625000	1.003099	0.001332
22.656250	0.990785	0.002726
22.687500	1.007297	0.002645
22.718750	0.993789	0.001282
22.750000	0.995397	0.002969
22.781250	1.002836	0.002466
22.812500	1.000516	0.002580
22.843750	1.013919	0.002973
22.875000	0.998994	0.002129
22.906250	0.990550	0.002903
22.937500	0.997831	0.001308
22.968750	0.998545	0.002175
23.000000	0.987539	0.002350
23.031250	0.996836	0.002586
23.062500	0.999387	0.002928
23.093750	0.993309	0.001080
23.125000	1.001718	0.002420
23.156250	1.000041	0.002868
23.187500	0.994467	0.001766
23.218750	1.004125	0.001508
23.250000	1.006081	0.001564
23.281250	0.998889	0.001783
23.312500	0.988145	0.001595
23.343750	1.000619	0.002780
23.375000	0.997875	0.002660
23.406250	0.993417	0.002690
23.437500	1.003772	0.001665
23.468750	0.992882	0.002108
23.500000	0.999503	0.002513
23.531250	0.995977	0.001146
23.562500	1.003872	0.001329
23.593750	0.996559	0.001891
23.625000	0.993979	0.002662
23.656250	1.006968	0.001408
23.687500	1.003905	0.002546
23.718750	0.989132	0.002545
23.750000	0.995228	0.001791
23.781250	0.994449	0.001262
23.812500	1.007388	0.001412
23.843750	1.007561	0.002183
23.875000	1.003044	0.001676
23.906250	1.004415	0.002889
23.937500	1.003201	0.002173
23.968750	1.005689	0.001189
24.000000	1.000634	0.002160
24.031250	0.987680	0.001223
24.062500	1.009443	0.002120
24.093750	1.002294	0.002622
24.125000	1.015279	0.002357
24.156250	0.989089	0.001722
24.187500	1.016739	0.001793
24.218750	0.995837	0.002387
24.250000	1.004058	0.002598
24.281250	1.004123	0.002955
24.312500	0.999345	0.001760
24.343750	0.992385	0.001950
24.375000	1.001293	0.001769
24.406250	1.000793	0.002937
24.437500	1.002593	0.001177
24.468750	0.993984	0.002163
24.500000	0.997054	0.001180
24.531250	1.000852	0.002386
24.562500	0.996312	0.001732
24.593750	0.997827	0.001288
24.625000	0.993080	0.002080
24.656250	1.003185	0.001328
24.687500	0.994571	0.002160
24.718750	1.009883	0.001693
24.750000	1.000147	0.001468
24.781250	0.982212	0.001082
24.812500	1.011146	0.002899
24.843750	0.998062	0.001672
24.875000	1.007037	0.002581
24.906250	1.010500	0.001337
24.937500	0.991190	0.002544
24.968750	0.997889	0.002018
25.000000	0.993596	0.001701
25.031250	0.996531	0.001321
25.062500	0.994888	0.001942
25.093750	0.988185	0.001740
25.125000	0.981004	0.002271
25.156250	0.998431	0.002580
25.187500	1.000612	0.002766
25.218750	1.003254	0.001043
25.250000	0.995110	0.001940
25.281250	0.991680	0.002151
25.312500	0.994569	0.002362
25.343750	0.978787	0.001078
25.375000	0.986490	0.001767
25.406250	0.997294	0.002268
25.437500	1.076961	0.001305
25.468750	1.069645	0.001072
25.500000	1.057344	0.002888
25.531250	1.061351	0.002766
25.562500	1.060493	0.001661
25.593750	1.065246	0.002293
25.625000	1.055259	0.002484
25.656250	1.069865	0.002678
25.687500	1.056574	0.001905
25.718750	1.031094	0.002996
25.750000	1.044056	0.001660
25.781250	1.058567	0.001859
25.812500	1.049612	0.001079
25.843750	1.034844	0.001073
25.875000	1.034883	0.002868
25.906250	1.034207	0.001583
25.937500	1.028186	0.002298
25.968750	1.029896	0.002769
26.000000	1.013639	0.002061
26.031250	1.020007	0.002375
26.062500	1.018301	0.001409
26.093750	1.013684	0.002694
26.125000	1.017346	0.001455
26.156250	1.033188	0.002487
26.187500	1.011736	0.002921
26.218750	1.019975	0.001124
26.250000	1.020833	0.001492
26.281250	1.013025	0.001101
26.312500	1.027007	0.001946
26.343750	1.014611	0.001429
26.375000	1.028607	0.001057
26.406250	1.020542	0.002297
26.437500	1.020524	0.001930
26.468750	1.013942	0.001222
26.500000	1.005726	0.002110
26.531250	1.008800	0.001193
26.562500	0.997660	0.002180
26.593750	1.016609	0.002634
26.625000	0.997753	0.001756
26.656250	1.020476	0.002144
26.687500	0.997420	0.002451
26.718750	1.008353	0.002301
26.750000	1.005243	0.002984
26.781250	0.992022	0.002307
26.812500	1.008108	0.001050
26.843750	1.009311	0.001676
26.875000	1.009530	0.002113
26.906250	1.011890	0.001663
26.937500	1.006122	0.002871
26.968750	0.994622	0.001626
27.000000	1.007386	0.001166
27.031250	1.012746	0.001117
27.062500	1.008943	0.001248
27.093750	1.006947	0.001431
27.125000	1.007350	0.002394
27.156250	0.991013	0.001295
27.187500	0.995207	0.001919
27.218750	1.011437	0.001706
27.250000	1.006878	0.001502
27.281250	1.016711	0.002528
27.312500	1.004509	0.002936
27.343750	1.011189	0.002706
27.375000	0.979892	0.002488
27.406250	0.991978	0.002053
27.437500	0.996013	0.001999
27.468750	1.002428	0.001145
27.500000	0.987209	0.002934
27.531250	0.992022	0.001938
27.562500	1.001752	0.002114
27.593750	1.001882	0.001274
27.625000	1.003136	0.001183
27.656250	0.995442	0.001821
27.687500	0.999873	0.002426
27.718750	0.987572	0.002244
27.750000	1.001084	0.001135
27.781250	1.004992	0.001242
27.812500	1.008797	0.001017
27.843750	1.010933	0.002809
27.875000	1.000793	0.001667
27.906250	0.988591	0.002364
27.937500	1.007266	0.002019
27.968750	1.007590	0.002106
28.000000	1.008375	0.002783
28.031250	0.994507	0.001928
28.062500	0.997647	0.002879
28.093750	0.995448	0.002989
28.125000	1.003682	0.001804
28.156250	0.993883	0.001015
28.187500	0.990168	0.001292
28.218750	0.995223	0.002226
28.250000	0.987986	0.002161
28.281250	0.992743	0.002891
28.312500	0.992185	0.002882
28.343750	0.987290	0.001648
28.375000	0.989306	0.002176
28.406250	0.996223	0.002999
28.437500	0.996149	0.001011
28.468750	1.001406	0.002868
28.500000	0.997460	0.001931
28.531250	1.002707	0.001747
28.562500	0.994574	0.002423
28.593750	1.008617	0.001404
28.625000	1.008830	0.002886
28.656250	0.988732	0.002430
28.687500	1.015456	0.002006
28.718750	0.999206	0.002297
28.750000	0.992922	0.001168
28.781250	1.009921	0.001722
28.812500	1.006140	0.002475
28.843750	0.998727	0.002744
28.875000	0.988436	0.001078
28.906250	1.000377	0.002101
28.937500	0.986410	0.002290
28.968750	0.991678	0.002739
29.000000	0.992202	0.002239
29.031250	0.995095	0.001348
29.062500	0.999560	0.001209
29.093750	0.991905	0.001533
29.125000	1.002511	0.001299
29.156250	0.991555	0.001390
29.187500	0.989888	0.001399
29.218750	0.992211	0.001565
29.250000	1.003413	0.001874
29.281250	1.002555	0.001151
29.312500	1.000370	0.002680
29.343750	1.001221	0.002062
29.375000	1.003127	0.002946
29.406250	1.014829	0.002007
29.437500	1.006746	0.002662
29.468750	1.004339	0.001837
29.500000	0.986661	0.002481
29.531250	1.000776	0.002948
29.562500	1.003619	0.001132
29.593750	0.994999	0.002192
29.625000	1.010521	0.002715
29.656250	0.995551	0.002258
29.687500	1.003583	0.002626
29.718750	1.006940	0.002799
29.750000	1.002532	0.001463
29.781250	1.005212	0.002089
29.812500	1.011684	0.001047
29.843750	1.007453	0.002481
29.875000	0.993544	0.001735
29.906250	1.003326	0.001204
29.937500	1.002222	0.001274
29.968750	0.997217	0.002806
30.000000	1.007794	0.001179
30.031250	1.000216	0.002114
30.062500	0.992823	0.002161
30.093750	1.010025	0.001186
30.125000	0.993641	0.001266
30.156250	1.001109	0.001436
30.187500	1.001816	0.001683
30.218750	1.002430	0.001256
30.250000	1.010026	0.002128
30.281250	0.993614	0.001841
30.312500	0.991672	0.001417
30.343750	0.996580	0.001241
30.375000	0.986582	0.001302
30.406250	1.005100	0.002533
30.437500	0.995135	0.002693
30.468750	0.996078	0.001416
30.500000	0.992691	0.001599
30.531250	1.007298	0.001727
30.562500	0.998884	0.001111
30.593750	0.996763	0.001072
30.625000	1.011986	0.002339
30.656250	1.006525	0.002455
30.687500	0.993008	0.002237
30.718750	1.000969	0.002011
30.750000	0.987261	0.002350
30.781250	0.995879	0.001507
30.812500	0.984977	0.001636
30.843750	0.996012	0.001958
30.875000	1.013708	0.002247
30.906250	1.002374	0.002132
30.937500	0.995012	0.002735
30.968750	0.996593	0.001958
31.000000	1.011992	0.001340
31.031250	0.997707	0.001801
31.062500	0.994678	0.001563
31.093750	0.983304	0.001948
31.125000	0.994268	0.002328
31.156250	1.007452	0.001479
31.187500	0.994807	0.001455
31.218750	1.000725	0.002798
31.250000	0.996548	0.002861
31.281250	1.009183	0.001553
31.312500	1.006317	0.001772
31.343750	0.996403	0.001947
31.375000	1.003291	0.002827
31.406250	0.994027	0.002987
31.437500	1.003382	0.001223
31.468750	1.011053	0.001005
31.500000	1.000753	0.002397
31.531250	0.984476	0.002402
31.562500	1.001602	0.002833
31.593750	0.993264	0.002434
31.625000	1.014199	0.002561
31.656250	1.008713	0.001078
31.687500	0.980127	0.002576
31.718750	0.992745	0.002005
31.750000	0.994639	0.002926
31.781250	1.010826	0.002599
31.812500	1.007124	0.001982
31.843750	1.009898	0.002584
31.875000	1.007881	0.001456
31.906250	1.004156	0.001630
31.937500	1.008455	0.002097
31.968750	1.020453	0.002048
32.000000	1.005551	0.001000
32.031250	0.999172	0.002135
32.062500	0.996737	0.002467
32.093750	1.004289	0.002432
32.125000	0.993772	0.001790
32.156250	0.995565	0.002429
32.187500	0.996482	0.002742
32.218750	1.005531	0.002548
32.250000	0.998601	0.002754
32.281250	0.978825	0.001898
32.312500	1.015882	0.001691
32.343750	0.996315	0.001994
32.375000	1.005466	0.001703
32.406250	0.999022	0.001735
32.437500	1.002981	0.001465
32.468750	0.996497	0.001679
32.500000	1.003602	0.002420
32.531250	0.992692	0.002497
32.562500	1.009155	0.001659
32.593750	0.985324	0.001642
32.625000	0.996180	0.001693
32.656250	1.004524	0.001891
32.687500	1.008734	0.001543
32.718750	1.017161	0.001091
32.750000	1.006999	0.002699
32.781250	0.999528	0.002768
32.812500	1.078875	0.001284
32.843750	1.060684	0.002060
32.875000	1.080100	0.001914
32.906250	1.065782	0.001237
32.937500	1.143380	0.002771
32.968750	1.124548	0.001456
33.000000	1.128480	0.002925
33.031250	1.115022	0.001791
33.062500	1.101368	0.001642
33.093750	1.104748	0.002510
33.125000	1.099360	0.002798
33.156250	1.086626	0.001249
33.187500	1.084840	0.001989
33.218750	1.092546	0.002209
33.250000	1.082442	0.001146
33.281250	1.066203	0.002265
33.312500	1.069956	0.001766
33.343750	1.058924	0.001916
33.375000	1.056255	0.002321
33.406250	1.045619	0.002224
33.437500	1.048240	0.001243
33.468750	1.057076	0.001457
33.500000	1.038935	0.001212
33.531250	1.041397	0.001560
33.562500	1.040814	0.002256
33.593750	1.031116	0.002578
33.625000	1.033058	0.001163
33.656250	1.029954	0.002865
33.687500	1.048230	0.001498
33.718750	1.021735	0.001530
33.750000	1.027874	0.001674
33.781250	1.039488	0.002902
33.812500	1.019895	0.002788
33.843750	1.022229	0.002180
33.875000	1.025340	0.001854
33.906250	1.011256	0.001239
33.937500	1.037482	0.002783
33.968750	1.012723	0.002542
34.000000	1.020473	0.002375
34.031250	1.024378	0.002059
34.062500	1.001244	0.001159
34.093750	1.005980	0.002387
34.125000	1.013127	0.001472
34.156250	1.006112	0.002961
34.187500	1.007750	0.002263
34.218750	1.014773	0.002931
34.250000	1.009488	0.002880
34.281250	1.007449	0.001404
34.312500	1.009689	0.002436
34.343750	1.007804	0.001945
34.375000	1.001557	0.002052
34.406250	0.994877	0.001315
34.437500	1.005809	0.002222
34.468750	0.998575	0.001370
34.500000	1.000203	0.002787
34.531250	1.010285	0.002239
34.562500	1.017922	0.002519
34.593750	1.008256	0.002276
34.625000	1.005981	0.002991
34.656250	0.999704	0.002144
34.687500	1.002110	0.002749
34.718750	0.996045	0.001094
34.750000	1.011593	0.001277
34.781250	1.002973	0.002502
34.812500	0.991030	0.001761
34.843750	1.006673	0.002710
34.875000	1.004356	0.001071
34.906250	0.998076	0.001228
34.937500	1.000893	0.001489
34.968750	1.003520	0.001594
35.000000	0.994967	0.002685
35.031250	1.000440	0.001650
35.062500	0.990740	0.002299
35.093750	1.002917	0.001968
35.125000	1.016327	0.001223
35.156250	0.986588	0.002317
35.187500	1.005555	0.001844
35.218750	1.006434	0.001800
35.250000	1.012295	0.002399
35.281250	1.015535	0.001478
35.312500	0.991693	0.002087
35.343750	0.995085	0.002932
35.375000	0.996977	0.002757
35.406250	0.997752	0.001302
35.437500	0.985354	0.001678
35.468750	1.003079	0.001414
35.500000	1.009973	0.001775
35.531250	0.997799	0.001390
35.562500	0.988624	0.002119
35.593750	1.010689	0.001508
35.625000	1.006065	0.001905
35.656250	0.991028	0.001981
35.687500	0.988943	0.001360
35.718750	0.993216	0.001136
35.750000	1.001227	0.001837
35.781250	1.009295	0.001672
35.812500	0.995061	0.001480
35.843750	0.992224	0.001270
35.875000	1.005318	0.001573
35.906250	1.007553	0.002365
35.937500	0.993817	0.001275
35.968750	0.997092	0.002098
36.000000	1.002031	0.002845
36.031250	1.011423	0.001304
36.062500	0.999410	0.001429
36.093750	1.006733	0.002794
36.125000	1.003533	0.001565
36.156250	0.998819	0.002495
36.187500	1.011028	0.002074
36.218750	0.999834	0.002969
36.250000	1.004859	0.002254
36.281250	0.993586	0.001037
36.312500	1.007203	0.002128
36.343750	1.002094	0.002444
36.375000	1.016360	0.001117
36.406250	1.020926	0.001266
36.437500	1.016803	0.002718
36.468750	0.993431	0.002272
36.500000	1.000898	0.001445
36.531250	0.987306	0.002046
36.562500	0.998058	0.001788
36.593750	0.991016	0.002044
36.625000	0.999561	0.002115
36.656250	0.994988	0.002181
36.687500	1.002708	0.001675
36.718750	1.000954	0.002865
36.750000	1.007548	0.001567
36.781250	0.983631	0.002464
36.812500	1.002376	0.002766
36.843750	1.008502	0.001862
36.875000	1.011266	0.002109
36.906250	0.993250	0.001063
36.937500	0.998569	0.001543
36.968750	0.990671	0.001121
37.000000	0.991077	0.002441
37.031250	0.998768	0.001369
37.062500	0.995416	0.001258
37.093750	1.014727	0.001507
37.125000	1.005252	0.001906
37.156250	0.994224	0.002462
37.187500	1.000709	0.002823
37.218750	0.993902	0.001735
37.250000	0.995921	0.001626
37.281250	1.003222	0.001380
37.312500	1.086137	0.001302
37.343750	1.077618	0.002314
37.375000	1.067874	0.002637
37.406250	1.060355	0.001615
37.437500	1.066177	0.001413
37.468750	1.068286	0.002395
37.500000	1.059483	0.002643
37.531250	1.056766	0.001249
37.562500	1.061075	0.002606
37.593750	1.051747	0.001036
37.625000	1.031789	0.001703
37.656250	1.035455	0.001652
37.687500	1.047999	0.001669
37.718750	1.025818	0.002100
37.750000	1.036412	0.002162
37.781250	1.036608	0.002732
37.812500	1.022281	0.001604
37.843750	1.014614	0.001376
37.875000	1.029985	0.001985
37.906250	1.024039	0.002991
37.937500	1.020806	0.002620
37.968750	1.027053	0.002684
38.000000	1.012318	0.001877
38.031250	1.015748	0.001236
38.062500	1.022292	0.002315
38.093750	1.004744	0.002026
38.125000	1.023090	0.001653
38.156250	1.026606	0.002057
38.187500	0.998985	0.002278
38.218750	1.010949	0.001319
38.250000	1.015714	0.002050
38.281250	0.998595	0.001202
38.312500	1.000996	0.001766
38.343750	1.005382	0.002469
38.375000	1.022183	0.001117
38.406250	1.012854	0.002552
38.437500	0.993727	0.001910
38.468750	1.021029	0.002855
38.500000	1.019239	0.001493
38.531250	0.997065	0.001169
38.562500	1.011481	0.002552
38.593750	1.008336	0.002264
38.625000	1.006495	0.001982
38.656250	1.007650	0.002824
38.687500	1.022187	0.002685
38.718750	0.996911	0.001984
38.750000	1.013547	0.002739
38.781250	1.005338	0.002420
38.812500	1.014502	0.002525
38.843750	1.001238	0.002392
38.875000	1.008359	0.002587
38.906250	1.008412	0.001158
38.937500	1.005432	0.001580
38.968750	1.003092	0.002984
39.000000	0.994875	0.002742
39.031250	1.006848	0.001974
39.062500	1.010241	0.002828
39.093750	1.003781	0.002122
39.125000	1.015622	0.002388
39.156250	1.002752	0.002084
39.187500	1.015308	0.002619
39.218750	0.999978	0.001957
39.250000	1.000970	0.002130
39.281250	1.011730	0.002062
39.312500	0.995844	0.001934
39.343750	0.992600	0.002519
39.375000	0.993090	0.001005
39.406250	0.993629	0.001378
39.437500	1.014661	0.002878
39.468750	0.980264	0.001752
39.500000	1.010161	0.002869
39.531250	1.001546	0.001344
39.562500	0.983903	0.002059
39.593750	1.017854	0.002454
39.625000	0.996419	0.001742
39.656250	0.992504	0.002516
39.687500	0.999475	0.001355
39.718750	0.994489	0.002489
39.750000	1.011586	0.002880
39.781250	1.003137	0.001692
39.812500	1.005135	0.002404
39.843750	1.002748	0.001023
39.875000	1.005429	0.002587
39.906250	1.000867	0.002744
39.937500	1.008195	0.001456
39.968750	0.998598	0.001405
40.000000	0.993475	0.002925
40.031250	1.018087	0.002249
40.062500	0.999838	0.002356
40.093750	0.994301	0.001779
40.125000	1.005251	0.002492
40.156250	0.994199	0.001974
40.187500	0.984897	0.002504
40.218750	0.986464	0.002823
40.250000	0.997905	0.001124
40.281250	0.992281	0.002289
40.312500	1.007400	0.001803
40.343750	0.992217	0.002460
40.375000	1.003743	0.001665
40.406250	0.999262	0.002731
40.437500	0.991854	0.001776
40.468750	0.980145	0.002033
40.500000	0.983843	0.002593
40.531250	1.009727	0.001054
40.562500	1.017655	0.002827
40.593750	0.992022	0.002596
40.625000	1.009719	0.001006
40.656250	0.993894	0.002252
40.687500	0.994605	0.002734
40.718750	1.013555	0.002381
40.750000	1.000538	0.001540
40.781250	0.994096	0.001641
40.812500	0.997137	0.002528
40.843750	1.003048	0.001764
40.875000	1.004444	0.002319
40.906250	0.999403	0.002974
40.937500	1.007264	0.001363
40.968750	1.009233	0.001817
41.000000	0.998229	0.001181
41.031250	1.007048	0.001488
41.062500	0.987024	0.002011
41.093750	0.996746	0.001356
41.125000	1.010331	0.001377
41.156250	0.998626	0.002370
41.187500	0.991621	0.002644
41.218750	0.991781	0.002351
41.250000	0.991373	0.001257
41.281250	0.994955	0.001810
41.312500	0.996335	0.002613
41.343750	0.998710	0.002831
41.375000	0.998968	0.001880
41.406250	0.993704	0.001512
41.437500	1.003711	0.001489
41.468750	1.003242	0.002660
41.500000	1.001119	0.001441
41.531250	0.997212	0.002327
41.562500	1.004504	0.001513
41.593750	1.011047	0.001269
41.625000	1.012794	0.002947
41.656250	0.993007	0.002278
41.687500	1.006752	0.002925
41.718750	1.008549	0.001984
41.750000	0.991628	0.002165
41.781250	0.999905	0.001745
41.812500	1.001244	0.002182
41.843750	0.984608	0.002389
41.875000	1.008485	0.002117
41.906250	0.990276	0.002419
41.937500	1.002212	0.001301
41.968750	1.001756	0.001204
42.000000	1.016922	0.001159
42.031250	1.000715	0.001473
42.062500	1.007555	0.001533
42.093750	1.005354	0.001674
42.125000	1.000299	0.001074
42.156250	0.986584	0.002858
42.187500	1.000071	0.002424
42.218750	0.992084	0.002683
42.250000	0.995199	0.002293
42.281250	1.002393	0.001402
42.312500	1.003085	0.002132
42.343750	0.996548	0.001713
42.375000	1.005568	0.001019
42.406250	0.988984	0.002299
42.437500	0.997618	0.001259
42.468750	1.012772	0.002675
42.500000	1.011686	0.002437
42.531250	1.009224	0.002947
42.562500	1.002337	0.002268
42.593750	1.003897	0.002924
42.625000	0.994616	0.001596
42.656250	1.005013	0.002740
42.687500	1.020196	0.001274
42.718750	1.000000	0.002101
42.750000	0.994741	0.001667
42.781250	1.005886	0.001238
42.812500	1.009213	0.001512
42.843750	1.021309	0.002018
42.875000	0.996429	0.001490
42.906250	0.984545	0.002886
42.937500	0.996339	0.002070
42.968750	1.001791	0.001763
43.000000	0.994890	0.002466
43.031250	1.011179	0.002033
43.062500	0.989763	0.002361
43.093750	1.010915	0.002000
43.125000	0.996829	0.001772
43.156250	0.996481	0.001457
43.187500	0.997821	0.002739
43.218750	0.998722	0.001003
43.250000	1.013601	0.001225
43.281250	1.006914	0.002068
43.312500	0.998554	0.002588
43.343750	1.000291	0.002404
43.375000	0.997468	0.001729
43.406250	1.003534	0.002509
43.437500	0.987550	0.001772
43.468750	0.999200	0.001935
43.500000	0.994569	0.001454
43.531250	0.994072	0.002172
43.562500	0.986665	0.001845
43.593750	0.978362	0.001924
43.625000	0.999487	0.001137
43.656250	1.014704	0.002443
43.687500	0.984857	0.001295
43.718750	1.006145	0.002187
43.750000	0.997670	0.002869
43.781250	0.988568	0.001051
43.812500	0.995824	0.002731
43.843750	1.008779	0.002448
43.875000	0.995128	0.001082
43.906250	1.007239	0.002125
43.937500	0.994147	0.002462
43.968750	1.004352	0.001103
44.000000	1.010446	0.002970
44.031250	1.011011	0.002937
44.062500	1.003228	0.002285
44.093750	0.995387	0.002903
44.125000	0.986654	0.002559
44.156250	1.004515	0.001303
44.187500	0.993454	0.001090
44.218750	1.005451	0.001449
44.250000	0.994633	0.002449
44.281250	0.996218	0.002900
44.312500	0.996624	0.002489
44.343750	1.017906	0.001114
44.375000	1.004970	0.001599
44.406250	1.002846	0.001994
44.437500	1.002294	0.001675
44.468750	0.989820	0.002386
44.500000	1.000516	0.002886
44.531250	1.001090	0.002703
44.562500	1.002570	0.001081
44.593750	0.994137	0.002060
44.625000	0.992201	0.001537
44.656250	0.997668	0.001210
44.687500	0.994055	0.001252
44.718750	0.994548	0.002577
44.750000	0.994972	0.001125
44.781250	1.003943	0.002429
44.812500	1.005662	0.001485
44.843750	1.001078	0.001329
44.875000	1.001328	0.002296
44.906250	0.995529	0.002752
44.937500	1.008698	0.002730
44.968750	1.000128	0.001711
45.000000	1.015034	0.002391
45.031250	1.002265	0.001243
45.062500	1.003054	0.002199
45.093750	1.007319	0.001491
45.125000	0.994892	0.001743
45.156250	0.998625	0.001592
45.187500	0.989627	0.002569
45.218750	0.984707	0.001099
45.250000	1.014514	0.001945
45.281250	0.994258	0.001034
45.312500	1.002742	0.002197
45.343750	0.995720	0.002076
45.375000	0.993744	0.001352
45.406250	0.988367	0.001156
45.437500	1.000634	0.001332
45.468750	1.013325	0.001674
45.500000	0.992773	0.002882
45.531250	1.008916	0.002108
45.562500	1.007018	0.001745
45.593750	0.985756	0.001472
45.625000	1.000419	0.001475
45.656250	1.003583	0.002660
45.687500	1.010327	0.002900
45.718750	0.990380	0.001029
45.750000	0.999936	0.001370
45.781250	1.001833	0.002312
45.812500	0.996945	0.001046
45.843750	1.000066	0.001905
45.875000	1.007832	0.001798
45.906250	1.012775	0.001609
45.937500	0.993975	0.001022
45.968750	0.996835	0.001814
46.000000	0.996114	0.001862
46.031250	0.992687	0.002863
46.062500	1.001281	0.002383
46.093750	1.013662	0.001765
46.125000	0.997166	0.001708
46.156250	1.001469	0.001724
46.187500	0.997528	0.001569
46.218750	1.011329	0.001405
46.250000	0.987267	0.001176
46.281250	0.993634	0.001138
46.312500	1.006916	0.002325
46.343750	0.998878	0.002404
46.375000	0.984044	0.002029
46.406250	1.005960	0.001283
46.437500	0.999233	0.001504
46.468750	1.005130	0.001553
46.500000	1.003875	0.001421
46.531250	1.002258	0.002205
46.562500	0.995579	0.001881
46.593750	0.984037	0.002703
46.625000	1.000722	0.001914
46.656250	1.003777	0.002628
46.687500	0.996607	0.002301
46.718750	0.989658	0.002253
46.750000	1.000407	0.002322
46.781250	0.997893	0.002549
46.812500	0.996282	0.001922
46.843750	1.006850	0.001865
46.875000	0.993977	0.002980
46.906250	1.010398	0.002117
46.937500	1.012567	0.002083
46.968750	0.991381	0.001612
47.000000	1.002152	0.002789
47.031250	0.993509	0.001520
47.062500	0.979575	0.001847
47.093750	0.984555	0.001914
47.125000	0.982646	0.001692
47.156250	1.006580	0.001423
47.187500	1.013617	0.002654
47.218750	0.994038	0.002513
47.250000	1.011781	0.001270
47.281250	0.993429	0.002000
47.312500	0.990089	0.002084
47.343750	1.003213	0.001498
47.375000	0.988749	0.001661
47.406250	1.001214	0.001127
47.437500	1.005427	0.002902
47.468750	1.019634	0.001569
47.500000	1.003711	0.001310
47.531250	0.990278	0.001569
47.562500	0.993363	0.001989
47.593750	0.986715	0.001816
47.625000	1.011959	0.002641
47.656250	0.993183	0.001573
47.687500	0.998530	0.001388
47.718750	1.016025	0.001430
47.750000	0.995217	0.002582
47.781250	0.999295	0.001303
47.812500	1.014335	0.001537
47.843750	0.991011	0.001579
47.875000	1.001265	0.002160
47.906250	1.007167	0.001688
47.937500	0.998557	0.001489
47.968750	1.013570	0.001673
48.000000	1.005155	0.001633
48.031250	1.010047	0.001496
48.062500	1.001863	0.002930
48.093750	0.998475	0.001099
48.125000	1.014690	0.001397
48.156250	0.996149	0.002738
48.187500	1.007490	0.001285
48.218750	0.991757	0.001084
48.250000	0.998447	0.002351
48.281250	0.997513	0.001763
48.312500	0.992514	0.001521
48.343750	0.996232	0.002844
48.375000	0.999757	0.002251
48.406250	1.001445	0.001862
48.437500	1.002743	0.001181
48.468750	0.995769	0.001560
48.500000	0.999384	0.002643
48.531250	0.991086	0.002973
48.562500	1.006014	0.001635
48.593750	1.000325	0.002325
48.625000	0.993580	0.002959
48.656250	0.996828	0.001427
48.687500	1.000581	0.002667
48.718750	0.999154	0.001240
48.750000	1.011623	0.001798
48.781250	1.007411	0.001153
48.812500	0.999244	0.001610
48.843750	0.995251	0.002077
48.875000	1.005502	0.002206
48.906250	0.992805	0.002633
48.937500	0.998234	0.002521
48.968750	1.066640	0.001966
49.000000	1.082869	0.001818
49.031250	1.076830	0.002610
49.062500	1.065451	0.002538
49.093750	1.057386	0.002497
49.125000	1.062031	0.002288
49.156250	1.074876	0.001452
49.187500	1.045183	0.001535
49.218750	1.045999	0.002001
49.250000	1.050883	0.001289
49.281250	1.051542	0.002606
49.312500	1.052184	0.002601
49.343750	1.026276	0.001740
49.375000	1.043090	0.002475
49.406250	1.041460	0.002978
49.437500	1.031137	0.001800
49.468750	1.033388	0.002191
49.500000	1.024169	0.002177
49.531250	1.025094	0.001995
49.562500	1.021164	0.001382
49.593750	1.024154	0.002766
49.625000	1.005195	0.002247
49.656250	1.011077	0.001985
49.687500	1.012040	0.001572
49.718750	1.018911	0.002919
49.750000	1.023197	0.001730
49.781250	1.022920	0.001352
49.812500	1.012364	0.001192
49.843750	1.011319	0.001617
49.875000	1.016064	0.002624
49.906250	1.023850	0.002663
49.937500	1.003557	0.002180
49.968750	1.015005	0.001089
50.000000	0.999050	0.001391
50.031250	1.015801	0.001441
50.062500	1.011488	0.001933
50.093750	1.013066	0.001481
50.125000	1.024056	0.002398
50.156250	1.020714	0.002293
50.187500	1.004919	0.002685
50.218750	1.006372	0.002806
50.250000	1.022980	0.002554
50.281250	0.991347	0.002269
50.312500	1.001626	0.001175
50.343750	0.995779	0.002407
50.375000	1.003191	0.002237
50.406250	1.005417	0.001143
50.437500	0.999384	0.002553
50.468750	1.013074	0.001641
50.500000	1.000074	0.001716
50.531250	1.003906	0.001981
50.562500	1.002399	0.001096
50.593750	1.004775	0.001919
50.625000	1.006130	0.001691
50.656250	1.003934	0.001258
50.687500	1.015931	0.001892
50.718750	1.000372	0.002409
50.750000	1.005890	0.002009
50.781250	0.995167	0.001777
50.812500	1.008595	0.001389
50.843750	1.001672	0.001488
50.875000	1.001511	0.001957
50.906250	1.001701	0.001699
50.937500	1.006129	0.001783
50.968750	0.994698	0.002197
51.000000	0.998564	0.002480
51.031250	0.999318	0.002385
51.062500	0.996878	0.001367
51.093750	0.997953	0.001044
51.125000	0.998165	0.001787
51.156250	0.999225	0.002213
51.187500	1.011657	0.001329
51.218750	1.001536	0.001785
51.250000	0.991524	0.002694
51.281250	0.997761	0.002222
51.312500	0.999662	0.002245
51.343750	0.999108	0.002061
51.375000	1.004397	0.001856
51.406250	0.988746	0.001116
51.437500	1.001584	0.002131
51.468750	1.010495	0.002953
51.500000	1.008695	0.001259
51.531250	1.004751	0.002561
51.562500	0.984001	0.002379
51.593750	1.008774	0.002891
51.625000	0.996155	0.002552
51.656250	0.975707	0.002085
51.687500	1.004922	0.002800
51.718750	0.996010	0.002775
51.750000	1.006820	0.002302
51.781250	1.001089	0.002824
51.812500	1.009863	0.002217
51.843750	0.995836	0.002394
51.875000	1.002435	0.002699
51.906250	1.000814	0.001423
51.937500	1.008176	0.002303
51.968750	1.007336	0.002049
52.000000	1.002784	0.001086
52.031250	1.000489	0.002081
52.062500	0.987695	0.002811
52.093750	0.996870	0.002645
52.125000	0.988724	0.002123
52.156250	1.002048	0.002743
52.187500	1.003724	0.001558
52.218750	1.008719	0.001569
52.250000	1.007901	0.001490
52.281250	1.006704	0.001076
52.312500	0.991899	0.002175
52.343750	0.991655	0.002617
52.375000	0.987348	0.001687
52.406250	0.999077	0.002151
52.437500	1.000637	0.001573
52.468750	0.995227	0.001674
52.500000	1.011531	0.001123
52.531250	0.996283	0.002394
52.562500	1.001619	0.002379
52.593750	0.996223	0.001573
52.625000	1.007876	0.001196
52.656250	1.005644	0.002534
52.687500	0.976497	0.002459
52.718750	1.000155	0.002177
52.750000	0.993895	0.001445
52.781250	0.984461	0.002020
52.812500	1.001374	0.001810
52.843750	0.996972	0.002068
52.875000	0.997640	0.001831
52.906250	0.990959	0.002126
52.937500	1.012595	0.001160
52.968750	0.992909	0.002788
53.000000	0.993547	0.001660
53.031250	0.994973	0.002335
53.062500	1.011140	0.001135
53.093750	1.020754	0.002723
53.125000	1.006088	0.002802
53.156250	0.996675	0.001515
53.187500	0.993735	0.001037
53.218750	1.011611	0.001713
53.250000	0.996914	0.002850
53.281250	1.004588	0.001989
53.312500	0.985198	0.002176
53.343750	0.992828	0.001347
53.375000	0.996001	0.001436
53.406250	1.000168	0.002635
53.437500	0.998262	0.001304
53.468750	0.996331	0.001528
53.500000	0.999990	0.002901
53.531250	0.995445	0.002975
53.562500	1.013484	0.002516
53.593750	0.986740	0.002157
53.625000	0.993834	0.001546
53.656250	1.000832	0.002306
53.687500	1.009396	0.002340
53.718750	0.997090	0.002821
53.750000	0.992674	0.002908
53.781250	1.010699	0.002818
53.812500	0.997687	0.001387
53.843750	1.003481	0.001148
53.875000	1.015698	0.002940
53.906250	1.000855	0.002842
53.937500	0.999775	0.002035
53.968750	0.994032	0.001626
54.000000	1.001434	0.002863
54.031250	0.997015	0.001503
54.062500	0.994399	0.001214
54.093750	1.015120	0.002858
54.125000	0.987607	0.002407
54.156250	0.989977	0.002523
54.187500	1.000815	0.001401
54.218750	0.998144	0.001539
54.250000	1.002543	0.001377
54.281250	1.003534	0.002691
54.312500	1.005475	0.001522
54.343750	1.001690	0.001869
54.375000	1.006455	0.002314
54.406250	0.995957	0.001119
54.437500	0.999233	0.001677
54.468750	0.993409	0.001539
54.500000	1.005445	0.001188
54.531250	0.998521	0.001370
54.562500	1.009848	0.001891
54.593750	1.002824	0.001909
54.625000	0.992199	0.001393
54.656250	1.002084	0.001750
54.687500	1.005597	0.001994
54.718750	0.993121	0.002938
54.750000	1.009986	0.001826
54.781250	0.997963	0.001261
54.812500	0.990265	0.001490
54.843750	0.999046	0.002527
54.875000	0.998569	0.001372
54.906250	0.995119	0.002325
54.937500	0.978220	0.002990
54.968750	0.997209	0.002836
55.000000	1.012607	0.001227
55.031250	1.001393	0.001697
55.062500	0.994269	0.002342
55.093750	0.998596	0.002029
55.125000	1.001872	0.001374
55.156250	0.994608	0.001732
55.187500	1.005123	0.001069
55.218750	1.002418	0.002757
55.250000	0.996634	0.001883
55.281250	1.005111	0.001815
55.312500	0.992203	0.002570
55.343750	0.995136	0.002794
55.375000	0.994542	0.001632
55.406250	0.991892	0.001445
55.437500	0.999122	0.002436
55.468750	0.998461	0.001761
55.500000	0.994463	0.001119
55.531250	0.987181	0.002994
55.562500	1.003411	0.002018
55.593750	1.007497	0.001138
55.625000	0.995249	0.001574
55.656250	0.996988	0.002794
55.687500	1.003968	0.002064
55.718750	1.010695	0.002753
55.750000	1.000200	0.002595
55.781250	1.016812	0.001934
55.812500	1.009517	0.002988
55.843750	0.994626	0.001202
55.875000	0.994587	0.002961
55.906250	1.005240	0.001715
55.937500	1.013009	0.002362
55.968750	1.009771	0.002891
56.000000	0.995184	0.002893
56.031250	1.018396	0.001077
56.062500	1.001381	0.001049
56.093750	1.005869	0.002936
56.125000	0.988423	0.002166
56.156250	0.999625	0.001386
56.187500	1.000740	0.001358
56.218750	1.001078	0.002245
56.250000	0.997568	0.001653
56.281250	0.994422	0.001364
56.312500	0.993054	0.001648
56.343750	1.015291	0.001166
56.375000	0.990727	0.002189
56.406250	1.013093	0.002281
56.437500	0.984336	0.002875
56.468750	1.004315	0.002163
56.500000	0.999806	0.001677
56.531250	1.002938	0.002881
56.562500	1.008395	0.001973
56.593750	1.002224	0.001069
56.625000	0.992113	0.002549
56.656250	0.998041	0.001668
56.687500	0.993231	0.002533
56.718750	0.992804	0.001520
56.750000	0.986877	0.002602
56.781250	0.988121	0.001914
56.812500	1.013368	0.001996
56.843750	1.003074	0.001677
56.875000	0.998739	0.001781
56.906250	1.008438	0.001426
56.937500	1.004695	0.002666
56.968750	1.006634	0.001874
57.000000	1.019848	0.001920
57.031250	1.001809	0.002933
57.062500	1.000849	0.001312
57.093750	0.999023	0.002003
57.125000	1.001987	0.002748
57.156250	0.994155	0.001068
57.187500	1.018418	0.001891
57.218750	1.000623	0.001057
57.250000	0.997615	0.001913
57.281250	0.994671	0.001653
57.312500	1.007611	0.002172
57.343750	0.994719	0.001239
57.375000	0.986957	0.001703
57.406250	0.993627	0.001212
57.437500	0.994186	0.001650
57.468750	0.985343	0.001248
57.500000	1.000205	0.002851
57.531250	1.018407	0.002866
57.562500	0.990485	0.001703
57.593750	1.002137	0.001242
57.625000	0.989162	0.002843
57.656250	1.005851	0.002874
57.687500	0.998915	0.002564
57.718750	0.996004	0.001271
57.750000	0.991967	0.001697
57.781250	1.001872	0.002624
57.812500	1.001833	0.001870
57.843750	1.001891	0.001158
57.875000	1.002050	0.001884
57.906250	0.989232	0.002597
57.937500	0.996585	0.002250
57.968750	0.989379	0.001274
58.000000	1.007504	0.002400
58.031250	1.002566	0.001695
58.062500	1.002118	0.002204
58.093750	0.996876	0.001912
58.125000	1.004907	0.002751
58.156250	0.989637	0.002870
58.187500	0.980595	0.001350
58.218750	0.999408	0.002857
58.250000	0.999915	0.002426
58.281250	0.999759	0.001485
58.312500	1.019729	0.002020
58.343750	1.009523	0.001341
58.375000	1.002606	0.002946
58.406250	1.006647	0.002887
58.437500	0.989468	0.002317
58.468750	0.994058	0.001269
58.500000	1.011819	0.002756
58.531250	1.003909	0.002088
58.562500	1.001866	0.001048
58.593750	1.003785	0.002537
58.625000	0.997194	0.001593
58.656250	0.997293	0.001445
58.687500	0.999615	0.002033
58.718750	0.991346	0.002985
58.750000	0.992711	0.001834
58.781250	0.994187	0.002263
58.812500	1.003185	0.002942
58.843750	1.001318	0.002812
58.875000	1.005621	0.001623
58.906250	0.997691	0.001407
58.937500	0.987329	0.001037
58.968750	0.998342	0.001881
59.000000	0.994588	0.002202
59.031250	0.974450	0.002072
59.062500	0.996185	0.001168
59.093750	0.997045	0.001054
59.125000	0.997605	0.001737
59.156250	1.009738	0.001678
59.187500	0.997974	0.001547
59.218750	1.012622	0.002428
59.250000	0.985760	0.002016
59.281250	1.003615	0.002794
59.312500	0.991004	0.001788
59.343750	0.995447	0.002852
59.375000	1.005623	0.002812
59.406250	0.992038	0.002668
59.437500	1.015012	0.002572
59.468750	0.997461	0.001335
59.500000	1.002909	0.002806
59.531250	1.012263	0.001866
59.562500	0.995038	0.002991
59.593750	1.000268	0.001809
59.625000	1.006168	0.001141
59.656250	1.010975	0.001574
59.687500	0.997369	0.002504
59.718750	0.990945	0.002369
59.750000	1.001956	0.001659
59.781250	1.001667	0.001708
59.812500	1.010667	0.002316
59.843750	1.007453	0.001124
59.875000	1.008508	0.001626
59.906250	1.013736	0.001146
59.937500	0.997660	0.001725
59.968750	1.012493	0.001758
