# Time (days)	Flux	Error
0.000000	1.005884	0.001819
0.031250	1.002765	0.002655
0.062500	0.988811	0.002470
0.093750	0.993147	0.001529
0.125000	0.992759	0.001913
0.156250	0.999923	0.002249
0.187500	0.998031	0.001367
0.218750	0.999930	0.001187
0.250000	0.990933	0.001135
0.281250	0.997329	0.001749
0.312500	0.989540	0.001839
0.343750	0.991348	0.001481
0.375000	0.989734	0.002342
0.406250	0.999657	0.001677
0.437500	0.982039	0.002696
0.468750	0.985105	0.002520
0.500000	0.983742	0.001710
0.531250	0.987569	0.001182
0.562500	0.978512	0.001956
0.593750	0.986109	0.002203
0.625000	0.990478	0.001073
0.656250	0.983663	0.001074
0.687500	1.002322	0.001219
0.718750	0.990290	0.002004
0.750000	1.000756	0.002539
0.781250	0.999052	0.001881
0.812500	0.979378	0.002161
0.843750	0.994969	0.001068
0.875000	0.995731	0.002669
0.906250	0.993894	0.001074
0.937500	0.996261	0.002192
0.968750	0.984274	0.002561
1.000000	1.000930	0.002662
1.031250	0.995472	0.001595
1.062500	0.990380	0.002535
1.093750	0.994856	0.002262
1.125000	0.990200	0.001836
1.156250	1.000438	0.002806
1.187500	0.988770	0.002426
1.218750	0.991713	0.001372
1.250000	1.005589	0.001021
1.281250	0.991506	0.002646
1.312500	0.993805	0.002540
1.343750	1.000154	0.002863
1.375000	0.997347	0.002943
1.406250	0.987539	0.002655
1.437500	0.994634	0.002714
1.468750	0.995129	0.002311
1.500000	0.994128	0.001958
1.531250	0.985819	0.001806
1.562500	0.990770	0.001196
1.593750	0.983581	0.001239
1.625000	0.983626	0.001066
1.656250	0.989941	0.002583
1.687500	0.997667	0.002939
1.718750	0.987905	0.002158
1.750000	0.999532	0.002182
1.781250	0.984248	0.001415
1.812500	0.994441	0.001873
1.843750	0.989044	0.002048
1.875000	0.989124	0.001385
1.906250	0.986821	0.001403
1.937500	0.987755	0.001698
1.968750	0.988264	0.002931
2.000000	0.995978	0.001227
2.031250	0.996087	0.002755
2.062500	0.984633	0.002129
2.093750	0.989947	0.001564
2.125000	1.004087	0.002223
2.156250	0.997110	0.002523
2.187500	0.990185	0.001386
2.218750	0.990494	0.002304
2.250000	1.001546	0.002946
2.281250	0.988857	0.001981
2.312500	0.991915	0.001771
2.343750	0.992843	0.002977
2.375000	1.001408	0.001498
2.406250	0.999647	0.001256
2.437500	0.996020	0.001522
2.468750	0.997935	0.002660
2.500000	1.007377	0.001340
2.531250	0.996099	0.001571
2.562500	0.994336	0.001154
2.593750	0.984018	0.001481
2.625000	0.986716	0.001379
2.656250	0.984655	0.002233
2.687500	0.993940	0.002381
2.718750	0.981769	0.002410
2.750000	0.986681	0.001582
2.781250	0.980287	0.001799
2.812500	0.985556	0.001655
2.843750	0.984379	0.002778
2.875000	0.979325	0.001521
2.906250	0.982593	0.001130
2.937500	0.970061	0.001616
2.968750	0.976310	0.002129
3.000000	0.978098	0.001413
3.031250	0.976327	0.001725
3.062500	0.989840	0.002573
3.093750	0.982434	0.001322
3.125000	0.980981	0.001506
3.156250	0.994655	0.001029
3.187500	0.991072	0.001415
3.218750	0.989642	0.002809
3.250000	0.997105	0.001399
3.281250	0.993681	0.001434
3.312500	0.996809	0.002786
3.343750	1.003066	0.002933
3.375000	0.992533	0.002125
3.406250	0.994747	0.001382
3.437500	0.992766	0.001111
3.468750	1.003855	0.002394
3.500000	1.001503	0.001224
3.531250	0.991272	0.002990
3.562500	1.000853	0.002798
3.593750	0.994212	0.001551
3.625000	0.995344	0.001917
3.656250	1.007406	0.002412
3.687500	0.994881	0.002303
3.718750	1.002833	0.002028
3.750000	0.996438	0.001798
3.781250	1.002703	0.002887
3.812500	0.991137	0.001540
3.843750	0.998758	0.002745
3.875000	0.991193	0.001816
3.906250	0.981007	0.002877
3.937500	1.000208	0.002404
3.968750	0.983639	0.001507
4.000000	0.982932	0.001914
4.031250	0.987215	0.001298
4.062500	0.987499	0.002749
4.093750	0.979063	0.002561
4.125000	0.991007	0.001768
4.156250	0.988457	0.001606
4.187500	0.989143	0.002815
4.218750	0.990570	0.001879
4.250000	0.976781	0.001341
4.281250	0.983111	0.001963
4.312500	0.987406	0.002668
4.343750	0.983064	0.002752
4.375000	0.994373	0.002988
4.406250	0.990053	0.002604
4.437500	1.002216	0.001974
4.468750	1.002735	0.001763
4.500000	0.996361	0.001366
4.531250	0.999739	0.001612
4.562500	0.989458	0.001681
4.593750	0.992317	0.002951
4.625000	0.999717	0.002939
4.656250	0.995853	0.002349
4.687500	0.990067	0.002652
4.718750	0.987243	0.002556
4.750000	0.996893	0.002346
4.781250	1.000605	0.001255
4.812500	0.989382	0.001559
4.843750	0.989712	0.001552
4.875000	0.985427	0.001796
4.906250	0.986729	0.002988
4.937500	0.987951	0.001978
4.968750	0.994069	0.002810
5.000000	0.999546	0.001542
5.031250	0.986347	0.001890
5.062500	0.993165	0.002083
5.093750	0.994070	0.001976
5.125000	0.976769	0.002453
5.156250	0.991874	0.001247
5.187500	0.983307	0.001121
5.218750	0.996615	0.002616
5.250000	0.993172	0.002793
5.281250	0.992549	0.001607
5.312500	0.983313	0.001125
5.343750	0.983681	0.002237
5.375000	0.981779	0.001399
5.406250	0.989580	0.002496
5.437500	0.973812	0.001617
5.468750	0.980348	0.001766
5.500000	0.998176	0.001756
5.531250	0.995524	0.002771
5.562500	0.992403	0.002954
5.593750	0.989002	0.002269
5.625000	0.987096	0.001057
5.656250	0.992836	0.001030
5.687500	1.002728	0.002857
5.718750	0.994016	0.001543
5.750000	0.997605	0.001507
5.781250	0.993608	0.002717
5.812500	0.987467	0.001061
5.843750	0.997013	0.001256
5.875000	0.986737	0.002237
5.906250	0.983587	0.002763
5.937500	0.996146	0.001542
5.968750	0.995516	0.002545
6.000000	0.996633	0.002511
6.031250	0.983138	0.001500
6.062500	0.990234	0.001978
6.093750	0.999539	0.002663
6.125000	0.983838	0.002988
6.156250	0.991395	0.002615
6.187500	0.987051	0.002784
6.218750	0.991070	0.002251
6.250000	0.979097	0.001583
6.281250	0.991029	0.001110
6.312500	0.984643	0.001196
6.343750	0.978345	0.001692
6.375000	0.978436	0.001179
6.406250	0.982741	0.002809
6.437500	0.974579	0.001242
6.468750	0.983792	0.002781
6.500000	0.966221	0.002876
6.531250	0.982838	0.001465
6.562500	0.985969	0.002715
6.593750	0.987634	0.001726
6.625000	0.983843	0.001829
6.656250	0.992936	0.002519
6.687500	0.979447	0.001733
6.718750	0.999943	0.002972
6.750000	0.993228	0.001909
6.781250	0.990951	0.001470
6.812500	0.986108	0.001587
6.843750	0.994264	0.001760
6.875000	0.992448	0.001879
6.906250	0.996994	0.002554
6.937500	1.003814	0.001823
6.968750	0.995958	0.002766
7.000000	1.000281	0.002604
7.031250	1.005967	0.002106
7.062500	0.996658	0.002162
7.093750	0.999434	0.002669
7.125000	1.001242	0.001476
7.156250	0.980926	0.002843
7.187500	1.001399	0.002939
7.218750	0.988793	0.002039
7.250000	0.998479	0.002945
7.281250	0.996541	0.001235
7.312500	1.004367	0.002703
7.343750	0.988524	0.002821
7.375000	1.000788	0.001614
7.406250	0.987099	0.002122
7.437500	0.983405	0.002038
7.468750	0.984999	0.002392
7.500000	0.987769	0.002176
7.531250	0.988592	0.001783
7.562500	0.982338	0.002719
7.593750	0.975637	0.002393
7.625000	0.977950	0.002850
7.656250	0.993785	0.001428
7.687500	0.986451	0.002024
7.718750	0.983014	0.002301
7.750000	0.985416	0.002656
7.781250	0.996550	0.001621
7.812500	0.986487	0.001212
7.843750	0.995559	0.001341
7.875000	1.002943	0.002974
7.906250	0.990630	0.001028
7.937500	0.993306	0.001946
7.968750	1.000213	0.002377
8.000000	0.993040	0.001725
8.031250	0.989361	0.001018
8.062500	0.988665	0.002995
8.093750	0.986486	0.001034
8.125000	0.999348	0.002174
8.156250	1.000338	0.001423
8.187500	1.001001	0.002004
8.218750	1.001387	0.002251
8.250000	0.999880	0.001321
8.281250	0.992827	0.001067
8.312500	0.999007	0.002947
8.343750	0.986315	0.002239
8.375000	0.995366	0.001749
8.406250	0.995413	0.001619
8.437500	0.989026	0.002498
8.468750	0.995464	0.001034
8.500000	0.982151	0.001158
8.531250	0.979104	0.001794
8.562500	0.980697	0.001217
8.593750	0.988523	0.001551
8.625000	0.982162	0.001932
8.656250	0.982317	0.002327
8.687500	0.986549	0.002796
8.718750	0.987469	0.002196
8.750000	0.982151	0.002898
8.781250	0.980101	0.002683
8.812500	0.979785	0.002892
8.843750	0.989405	0.002491
8.875000	0.994310	0.001050
8.906250	0.992197	0.001771
8.937500	0.992998	0.001404
8.968750	0.991684	0.001696
9.000000	0.998474	0.001920
9.031250	1.004256	0.001129
9.062500	0.991867	0.002326
9.093750	0.995983	0.001033
9.125000	0.993923	0.002464
9.156250	1.000782	0.002376
9.187500	0.989946	0.001849
9.218750	0.989087	0.001619
9.250000	0.992939	0.001999
9.281250	0.988360	0.002392
9.312500	0.996296	0.002085
9.343750	0.991261	0.002803
9.375000	1.005399	0.002903
9.406250	0.996578	0.002764
9.437500	0.990232	0.002469
9.468750	0.990542	0.001642
9.500000	0.990773	0.002273
9.531250	0.991360	0.002212
9.562500	0.989415	0.002700
9.593750	0.993244	0.001381
9.625000	0.985772	0.001100
9.656250	0.990410	0.002461
9.687500	0.984262	0.002483
9.718750	0.981740	0.002559
9.750000	0.989594	0.001265
9.781250	0.977840	0.001318
9.812500	0.975675	0.002897
9.843750	0.971555	0.002501
9.875000	0.988532	0.002687
9.906250	0.982250	0.001665
9.937500	0.980757	0.002541
9.968750	0.979785	0.002178
10.000000	0.995267	0.001496
10.031250	0.979745	0.002363
10.062500	0.978911	0.002800
10.093750	0.983951	0.002040
10.125000	0.981694	0.001874
10.156250	0.982854	0.001040
10.187500	0.996226	0.001147
10.218750	0.989958	0.002605
10.250000	0.989488	0.002763
10.281250	1.004119	0.002428
10.312500	0.988604	0.002551
10.343750	0.996113	0.002135
10.375000	0.997762	0.002448
10.406250	1.004347	0.002898
10.437500	1.005305	0.001988
10.468750	1.015846	0.001305
10.500000	1.001422	0.001357
10.531250	0.999948	0.001215
10.562500	0.995231	0.002479
10.593750	0.987806	0.002277
10.625000	0.997253	0.002445
10.656250	0.985620	0.001148
10.687500	0.997145	0.002274
10.718750	0.991723	0.002457
10.750000	1.003557	0.002900
10.781250	0.991066	0.001339
10.812500	0.989747	0.001826
10.843750	0.998479	0.001507
10.875000	0.982975	0.002608
10.906250	0.991226	0.002136
10.937500	0.992781	0.002755
10.968750	0.979649	0.002378
11.000000	0.986327	0.002989
11.031250	0.984619	0.002348
11.062500	0.986568	0.001568
11.093750	0.988084	0.001346
11.125000	0.984686	0.002341
11.156250	0.993191	0.001491
11.187500	0.989900	0.002846
11.218750	0.971638	0.001309
11.250000	0.994769	0.001927
11.281250	0.982250	0.001167
11.312500	0.999721	0.002216
11.343750	0.986666	0.001831
11.375000	0.994708	0.001463
11.406250	0.983445	0.002916
11.437500	0.991032	0.002888
11.468750	0.988968	0.002191
11.500000	0.984550	0.001752
11.531250	0.992306	0.001609
11.562500	0.996843	0.002069
11.593750	0.994380	0.002291
11.625000	1.007564	0.001659
11.656250	0.992208	0.002371
11.687500	0.990917	0.001510
11.718750	0.991305	0.001458
11.750000	0.996089	0.001096
11.781250	0.993173	0.002050
11.812500	0.999969	0.001217
11.843750	1.003183	0.001742
11.875000	0.994248	0.001483
11.906250	0.991846	0.001273
11.937500	0.994286	0.001201
11.968750	0.992452	0.001389
12.000000	0.998421	0.001945
12.031250	0.992504	0.002319
12.062500	0.995480	0.001513
12.093750	0.980808	0.002463
12.125000	0.988496	0.001172
12.156250	0.991552	0.002086
12.187500	0.992202	0.002636
12.218750	0.990806	0.002551
12.250000	0.988457	0.002283
12.281250	0.994925	0.001064
12.312500	0.978281	0.002822
12.343750	0.991344	0.001104
12.375000	0.983908	0.002180
12.406250	0.994255	0.001493
12.437500	0.978983	0.002277
12.468750	0.985668	0.001448
12.500000	0.986971	0.001581
12.531250	0.991895	0.002767
12.562500	0.994870	0.002070
12.593750	0.978300	0.002511
12.625000	0.999757	0.001167
12.656250	1.003090	0.002999
12.687500	0.986174	0.001012
12.718750	1.004922	0.001978
12.750000	0.995968	0.001155
12.781250	1.001713	0.001541
12.812500	1.000314	0.001739
12.843750	0.997442	0.002626
12.875000	0.994286	0.001045
12.906250	1.001326	0.001550
12.937500	0.991545	0.001701
12.968750	0.992443	0.002732
13.000000	0.987734	0.001210
13.031250	1.000503	0.001461
13.062500	0.988232	0.001075
13.093750	0.986770	0.002922
13.125000	0.984670	0.002531
13.156250	0.991611	0.001924
13.187500	0.993801	0.002200
13.218750	0.984655	0.002059
13.250000	0.981415	0.001746
13.281250	0.975123	0.001820
13.312500	0.968571	0.001220
13.343750	0.972428	0.002046
13.375000	0.981552	0.001760
13.406250	0.977617	0.002897
13.437500	0.979230	0.002312
13.468750	0.971515	0.002121
13.500000	0.978844	0.001872
13.531250	0.992527	0.002943
13.562500	0.977907	0.001035
13.593750	0.992266	0.001095
13.625000	0.988843	0.002752
13.656250	0.990495	0.002849
13.687500	0.993900	0.002362
13.718750	0.993393	0.001672
13.750000	0.986678	0.002162
13.781250	0.976588	0.001658
13.812500	1.001902	0.002855
13.843750	0.982657	0.001261
13.875000	0.997067	0.002935
13.906250	0.996283	0.001884
13.937500	0.993349	0.001861
13.968750	0.988620	0.002366
14.000000	1.002438	0.001551
14.031250	0.990421	0.002503
14.062500	1.004143	0.002614
14.093750	0.991357	0.001412
14.125000	1.004345	0.001171
14.156250	1.004821	0.002234
14.187500	0.997415	0.001324
14.218750	0.988342	0.001785
14.250000	1.000490	0.001805
14.281250	0.994851	0.001415
14.312500	0.983889	0.001963
14.343750	0.990644	0.002166
14.375000	0.991217	0.001395
14.406250	0.991765	0.002214
14.437500	0.990739	0.002996
14.468750	0.983717	0.001562
14.500000	0.999357	0.001298
14.531250	0.972131	0.001258
14.562500	0.988044	0.001231
14.593750	0.973282	0.002653
14.625000	0.983040	0.002223
14.656250	0.977230	0.001712
14.687500	0.983771	0.001924
14.718750	0.987325	0.001078
14.750000	0.982656	0.001125
14.781250	0.985616	0.002792
14.812500	0.994477	0.002021
14.843750	0.992555	0.001725
14.875000	0.993478	0.002683
14.906250	0.980846	0.001633
14.937500	1.004480	0.001133
14.968750	0.994197	0.001906
15.000000	1.004163	0.001335
15.031250	0.993017	0.002290
15.062500	0.987804	0.001435
15.093750	1.004631	0.002191
15.125000	0.996064	0.001813
15.156250	1.000765	0.002381
15.187500	0.983319	0.002132
15.218750	0.991176	0.001600
15.250000	0.992078	0.001182
15.281250	0.986733	0.001154
15.312500	1.005379	0.001136
15.343750	0.999799	0.002537
15.375000	0.989640	0.001701
15.406250	0.989726	0.002677
15.437500	0.985225	0.002442
15.468750	0.986464	0.002073
15.500000	0.990202	0.001932
15.531250	0.992882	0.002599
15.562500	0.992957	0.001804
15.593750	0.989313	0.001345
15.625000	0.985510	0.001960
15.656250	1.000644	0.001607
15.687500	0.988139	0.001784
15.718750	0.992732	0.002610
15.750000	0.987723	0.002252
15.781250	0.981803	0.001760
15.812500	0.992295	0.001685
15.843750	0.983824	0.002209
15.875000	0.983274	0.001689
15.906250	0.993087	0.002938
15.937500	0.990421	0.002599
15.968750	0.984505	0.001584
16.000000	0.989497	0.001542
16.031250	0.987849	0.002948
16.062500	1.003051	0.001547
16.093750	0.988514	0.002284
16.125000	1.005631	0.001122
16.156250	0.992328	0.002523
16.187500	0.996064	0.001913
16.218750	0.993351	0.002730
16.250000	1.000869	0.002609
16.281250	0.990573	0.002545
16.312500	1.001661	0.002137
16.343750	1.000497	0.002098
16.375000	1.004283	0.001242
16.406250	0.989484	0.002192
16.437500	0.994996	0.001294
16.468750	0.991832	0.002857
16.500000	1.005144	0.002788
16.531250	0.990396	0.002053
16.562500	1.000876	0.002132
16.593750	0.991448	0.002566
16.625000	0.986397	0.001834
16.656250	0.987065	0.002564
16.687500	0.996385	0.001154
16.718750	0.977527	0.001525
16.750000	0.973631	0.001758
16.781250	0.982912	0.001114
16.812500	0.983497	0.001874
16.843750	0.986718	0.001330
16.875000	0.978863	0.002760
16.906250	0.978328	0.002833
16.937500	0.977615	0.002642
16.968750	0.974448	0.002113
17.000000	0.984971	0.002631
17.031250	0.977714	0.001120
17.062500	0.992515	0.001645
17.093750	0.986033	0.001235
17.125000	0.983357	0.001662
17.156250	0.981167	0.001500
17.187500	0.983080	0.002727
17.218750	1.002810	0.002787
17.250000	0.997506	0.001468
17.281250	1.001994	0.002717
17.312500	0.995781	0.001099
17.343750	0.994830	0.001878
17.375000	0.999957	0.002897
17.406250	0.991355	0.002064
17.437500	0.989476	0.002200
17.468750	0.997217	0.001428
17.500000	0.997572	0.002978
17.531250	0.994158	0.002705
17.562500	0.987586	0.001464
17.593750	0.990904	0.002817
17.625000	0.994965	0.001190
17.656250	0.986037	0.002607
17.687500	0.998759	0.002097
17.718750	0.998071	0.002033
17.750000	1.002140	0.002747
17.781250	1.003269	0.001440
17.812500	0.996517	0.001366
17.843750	0.985108	0.002784
17.875000	0.995332	0.001499
17.906250	0.981026	0.001197
17.937500	0.985256	0.001264
17.968750	0.990034	0.002305
18.000000	0.994380	0.002537
18.031250	0.982853	0.002002
18.062500	0.989587	0.001591
18.093750	0.981163	0.002217
18.125000	0.985033	0.001469
18.156250	0.987344	0.002112
18.187500	0.985713	0.002481
18.218750	0.987866	0.002541
18.250000	0.997232	0.002244
18.281250	0.987730	0.001422
18.312500	0.994183	0.002096
18.343750	1.005349	0.001063
18.375000	0.990888	0.002976
18.406250	0.998948	0.002388
18.437500	0.997870	0.002866
18.468750	0.990664	0.001564
18.500000	0.993498	0.002138
18.531250	0.989272	0.002141
18.562500	0.992887	0.001405
18.593750	0.991397	0.002484
18.625000	0.996668	0.001872
18.656250	0.991344	0.001259
18.687500	1.000235	0.002813
18.718750	1.008620	0.001893
18.750000	0.980562	0.001068
18.781250	1.000075	0.002435
18.812500	0.989681	0.001745
18.843750	0.994980	0.001812
18.875000	0.982469	0.001616
18.906250	0.992641	0.002769
18.937500	0.986583	0.001905
18.968750	0.991298	0.002828
19.000000	0.990950	0.001159
19.031250	0.986956	0.001143
19.062500	0.993409	0.002235
19.093750	1.000767	0.002440
19.125000	0.991927	0.001004
19.156250	0.984038	0.002159
19.187500	0.972892	0.002806
19.218750	0.985021	0.002360
19.250000	0.985715	0.002618
19.281250	1.000087	0.001905
19.312500	0.993897	0.002487
19.343750	0.987116	0.002062
19.375000	0.976295	0.002212
19.406250	0.982406	0.002275
19.437500	1.000097	0.002857
19.468750	0.993424	0.001306
19.500000	0.994483	0.001038
19.531250	0.989805	0.001093
19.562500	0.984047	0.002830
19.593750	0.995549	0.002064
19.625000	0.995887	0.001704
19.656250	0.994424	0.001931
19.687500	0.994245	0.001350
19.718750	0.992612	0.002303
19.750000	0.980285	0.002065
19.781250	0.997543	0.002680
19.812500	1.000438	0.002420
19.843750	0.989051	0.002831
19.875000	0.988857	0.002018
19.906250	0.996142	0.001058
19.937500	0.998683	0.002921
19.968750	0.991290	0.001598
20.000000	0.992001	0.002083
20.031250	0.990906	0.001702
20.062500	0.997597	0.001666
20.093750	0.984317	0.001899
20.125000	0.990584	0.002018
20.156250	0.993449	0.002975
20.187500	0.991451	0.001684
20.218750	0.985433	0.001212
20.250000	0.986502	0.002826
20.281250	0.984264	0.002152
20.312500	0.981956	0.002272
20.343750	0.986188	0.001029
20.375000	0.974318	0.001981
20.406250	0.987036	0.001981
20.437500	0.979340	0.002061
20.468750	0.980325	0.001682
20.500000	0.981137	0.001781
20.531250	0.986548	0.001206
20.562500	0.980391	0.001303
20.593750	0.985312	0.001707
20.625000	0.993375	0.001215
20.656250	0.984692	0.001875
20.687500	0.994762	0.002913
20.718750	0.987286	0.002958
20.750000	0.992858	0.001232
20.781250	0.989626	0.001774
20.812500	0.995012	0.001539
20.843750	0.993344	0.001902
20.875000	1.002326	0.002391
20.906250	1.002400	0.002872
20.937500	0.989280	0.001970
20.968750	0.993363	0.001013
21.000000	0.996760	0.002435
21.031250	0.998170	0.002288
21.062500	0.997189	0.002913
21.093750	0.997676	0.001764
21.125000	0.987048	0.002260
21.156250	0.999013	0.001193
21.187500	1.000513	0.001547
21.218750	1.002455	0.002139
21.250000	0.988078	0.001451
21.281250	0.990469	0.002226
21.312500	0.990803	0.002702
21.343750	0.993090	0.003000
21.375000	0.995376	0.002442
21.406250	0.991041	0.001921
21.437500	0.989432	0.001029
21.468750	0.983711	0.002755
21.500000	0.985314	0.002815
21.531250	0.981527	0.001123
21.562500	0.995994	0.002040
21.593750	0.995192	0.002266
21.625000	0.980058	0.001652
21.656250	0.992649	0.001771
21.687500	0.982040	0.001311
21.718750	0.989114	0.001807
21.750000	0.978780	0.002635
21.781250	0.991456	0.001935
21.812500	0.992922	0.001537
21.843750	0.990411	0.001613
21.875000	0.992407	0.002672
21.906250	0.986031	0.001251
21.937500	1.000354	0.002924
21.968750	0.987672	0.001452
22.000000	0.987324	0.002765
22.031250	1.006065	0.002762
22.062500	0.992601	0.002503
22.093750	1.001306	0.001917
22.125000	0.999817	0.001164
22.156250	0.988869	0.002589
22.187500	1.002534	0.001344
22.218750	0.991404	0.002538
22.250000	0.993702	0.001025
22.281250	1.004018	0.002320
22.312500	0.985479	0.001361
22.343750	0.990387	0.001416
22.375000	0.994868	0.001567
22.406250	0.989861	0.001657
22.437500	0.989434	0.001863
22.468750	1.004594	0.001655
22.500000	0.985753	0.001740
22.531250	0.989911	0.002981
22.562500	0.987564	0.001830
22.593750	0.986079	0.001423
22.625000	0.988782	0.001860
22.656250	0.987222	0.002104
22.687500	0.994126	0.001934
22.718750	0.982129	0.001404
22.750000	0.976453	0.001257
22.781250	0.981116	0.002616
22.812500	0.986906	0.001140
22.843750	0.992762	0.001902
22.875000	0.990608	0.002705
22.906250	0.998554	0.002948
22.937500	0.986625	0.001421
22.968750	0.986192	0.002433
23.000000	0.990864	0.002118
23.031250	0.987556	0.002995
23.062500	0.994916	0.001091
23.093750	0.991244	0.002553
23.125000	0.997915	0.001318
23.156250	0.996068	0.001317
23.187500	1.001084	0.001856
23.218750	0.998657	0.002166
23.250000	0.994823	0.001904
23.281250	0.991980	0.002800
23.312500	0.995694	0.002674
23.343750	0.993859	0.002842
23.375000	0.999324	0.001924
23.406250	0.995919	0.001022
23.437500	0.998738	0.001588
23.468750	0.995491	0.002936
23.500000	1.001820	0.002947
23.531250	0.993942	0.002316
23.562500	0.996788	0.001304
23.593750	0.995370	0.002105
23.625000	0.990497	0.001144
23.656250	0.985499	0.002170
23.687500	0.980077	0.001182
23.718750	0.978245	0.001222
23.750000	0.984004	0.001363
23.781250	0.971200	0.001217
23.812500	0.982746	0.001201
23.843750	0.968500	0.002036
23.875000	0.975029	0.002185
23.906250	0.977466	0.002134
23.937500	0.979206	0.001892
23.968750	0.986369	0.002060
24.000000	0.977892	0.001228
24.031250	0.981910	0.001966
24.062500	0.984077	0.002766
24.093750	0.987052	0.001827
24.125000	0.988406	0.002011
24.156250	0.989985	0.002795
24.187500	1.002069	0.001362
24.218750	0.987607	0.002286
24.250000	0.988147	0.001754
24.281250	0.996840	0.001929
24.312500	0.991190	0.002995
24.343750	0.998341	0.001646
24.375000	0.995846	0.001460
24.406250	0.996830	0.002798
24.437500	0.988607	0.001571
24.468750	0.995709	0.001461
24.500000	0.990726	0.001214
24.531250	1.011619	0.002388
24.562500	1.006126	0.001606
24.593750	0.994514	0.001694
24.625000	0.995540	0.001464
24.656250	0.994085	0.002448
24.687500	0.991358	0.002867
24.718750	0.997228	0.002842
24.750000	0.999884	0.001411
24.781250	0.986553	0.002420
24.812500	0.986905	0.002732
24.843750	0.986859	0.002487
24.875000	0.977699	0.002236
24.906250	0.996697	0.001233
24.937500	0.985666	0.002216
24.968750	0.987201	0.001886
25.000000	0.991137	0.001181
25.031250	0.980787	0.002605
25.062500	0.984582	0.002153
25.093750	0.998762	0.001001
25.125000	0.992318	0.002649
25.156250	0.990837	0.002013
25.187500	0.991397	0.002086
25.218750	0.981987	0.002707
25.250000	0.993067	0.002031
25.281250	0.991480	0.001304
25.312500	0.998644	0.002702
25.343750	0.985644	0.001334
25.375000	0.992127	0.002462
25.406250	0.990935	0.001249
25.437500	0.995569	0.001159
25.468750	0.996651	0.001224
25.500000	0.998083	0.002410
25.531250	0.996470	0.002123
25.562500	0.993001	0.001433
25.593750	1.000512	0.002099
25.625000	0.994460	0.001781
25.656250	0.991952	0.001629
25.687500	1.001549	0.001825
25.718750	1.003144	0.001109
25.750000	1.002555	0.002939
25.781250	0.995293	0.002153
25.812500	0.981952	0.002064
25.843750	0.985633	0.002097
25.875000	0.994804	0.001660
25.906250	0.991661	0.002501
25.937500	0.992103	0.002062
25.968750	0.994096	0.002663
26.000000	0.995531	0.002859
26.031250	0.995648	0.002025
26.062500	0.998266	0.001603
26.093750	0.987172	0.002826
26.125000	0.981104	0.002297
26.156250	0.981065	0.002661
26.187500	0.989200	0.002348
26.218750	0.991679	0.002955
26.250000	0.987446	0.002153
26.281250	0.986443	0.002413
26.312500	0.993777	0.002549
26.343750	0.978186	0.002520
26.375000	0.986966	0.001049
26.406250	0.992836	0.002249
26.437500	0.988820	0.001246
26.468750	0.991445	0.002594
26.500000	0.994099	0.002757
26.531250	0.991344	0.002358
26.562500	0.991195	0.001590
26.593750	0.989851	0.001912
26.625000	1.015436	0.001311
26.656250	0.988555	0.001378
26.687500	0.990426	0.001040
26.718750	0.987460	0.001230
26.750000	1.001185	0.002499
26.781250	0.993108	0.002417
26.812500	0.998868	0.002828
26.843750	0.991689	0.002221
26.875000	1.000137	0.002591
26.906250	1.000007	0.001434
26.937500	0.995482	0.001127
26.968750	0.997039	0.001026
27.000000	0.993736	0.001513
27.031250	0.991033	0.002339
27.062500	0.994685	0.001297
27.093750	1.003252	0.001214
27.125000	0.989403	0.002481
27.156250	0.983675	0.001280
27.187500	0.984326	0.001933
27.218750	0.981870	0.002875
27.250000	0.980611	0.002902
27.281250	0.982360	0.001571
27.312500	0.985930	0.001221
27.343750	0.981586	0.001893
27.375000	0.995587	0.001196
27.406250	0.980472	0.002464
27.437500	0.976807	0.002172
27.468750	0.977317	0.001710
27.500000	0.975773	0.001519
27.531250	0.988681	0.002395
27.562500	0.990413	0.002165
27.593750	0.975961	0.002777
27.625000	0.985882	0.002409
27.656250	0.990344	0.002805
27.687500	0.991553	0.002340
27.718750	0.994298	0.002483
27.750000	0.989141	0.002535
27.781250	0.998236	0.001623
27.812500	0.991123	0.002907
27.843750	0.993162	0.002632
27.875000	0.995391	0.001232
27.906250	1.007542	0.002824
27.937500	0.993368	0.002098
27.968750	0.992904	0.002313
28.000000	0.987514	0.002909
28.031250	1.001001	0.001867
28.062500	1.006240	0.002783
28.093750	1.006368	0.002335
28.125000	0.995580	0.002360
28.156250	0.994502	0.002215
28.187500	0.997390	0.001010
28.218750	1.003971	0.002598
28.250000	0.999262	0.001786
28.281250	0.988889	0.002491
28.312500	0.988177	0.002921
28.343750	0.985303	0.002169
28.375000	0.993502	0.001118
28.406250	0.971600	0.001443
28.437500	0.986948	0.001094
28.468750	0.983140	0.002100
28.500000	0.986190	0.002323
28.531250	0.990177	0.002597
28.562500	0.985007	0.001412
28.593750	0.993340	0.002797
28.625000	0.992717	0.002369
28.656250	0.982200	0.002822
28.687500	0.992672	0.002345
28.718750	0.991337	0.001307
28.750000	0.984642	0.002113
28.781250	0.996149	0.002348
28.812500	0.993205	0.002176
28.843750	0.989073	0.002867
28.875000	0.992664	0.001602
28.906250	0.991134	0.001506
28.937500	0.998758	0.001443
28.968750	0.989861	0.002585
29.000000	0.997874	0.002489
29.031250	0.997801	0.002936
29.062500	1.003435	0.002954
29.093750	1.003160	0.001208
29.125000	0.996662	0.001014
29.156250	1.003766	0.002731
29.187500	0.997809	0.002423
29.218750	0.995072	0.002336
29.250000	1.009720	0.001596
29.281250	0.994032	0.001851
29.312500	0.983523	0.002060
29.343750	0.989064	0.002000
29.375000	0.990873	0.002585
29.406250	0.992749	0.001801
29.437500	0.990087	0.002732
29.468750	0.988033	0.001936
29.500000	0.982953	0.001157
29.531250	0.984753	0.001019
29.562500	0.992434	0.001771
29.593750	0.989811	0.002294
29.625000	0.989454	0.002674
29.656250	0.992213	0.002303
29.687500	0.982455	0.002492
29.718750	0.986361	0.002526
29.750000	0.992860	0.002933
29.781250	0.989377	0.001587
29.812500	0.993421	0.002593
29.843750	0.987194	0.001007
29.875000	0.992659	0.001435
29.906250	0.990708	0.001203
29.937500	0.996299	0.002893
29.968750	0.985762	0.001502
30.000000	0.991911	0.002858
30.031250	0.991946	0.001399
30.062500	0.988455	0.002085
30.093750	0.989127	0.002994
30.125000	0.990602	0.002438
30.156250	1.005930	0.002718
30.187500	0.982811	0.002919
30.218750	0.994791	0.002811
30.250000	0.993698	0.001149
30.281250	1.009303	0.002755
30.312500	1.001688	0.002597
30.343750	0.991233	0.002816
30.375000	1.004163	0.001438
30.406250	0.997813	0.002364
30.437500	0.990818	0.002329
30.468750	0.997973	0.002937
30.500000	1.008031	0.001954
30.531250	0.997904	0.001665
30.562500	0.993769	0.002048
30.593750	0.999792	0.002440
30.625000	0.999356	0.002116
30.656250	0.994024	0.001556
30.687500	0.991678	0.002582
30.718750	0.980982	0.001783
30.750000	0.980896	0.002918
30.781250	0.982818	0.002131
30.812500	0.981626	0.002979
30.843750	0.971421	0.001738
30.875000	0.974053	0.002534
30.906250	0.983335	0.002639
30.937500	0.980133	0.001596
30.968750	0.982163	0.002601
31.000000	0.978128	0.001784
31.031250	0.978049	0.001183
31.062500	0.975804	0.001138
31.093750	0.990680	0.002866
31.125000	0.987181	0.001845
31.156250	0.993504	0.001502
31.187500	1.002581	0.001872
31.218750	0.985684	0.001605
31.250000	0.982453	0.001827
31.281250	1.001215	0.001066
31.312500	0.998033	0.001552
31.343750	0.985476	0.001250
31.375000	0.993458	0.001297
31.406250	0.987638	0.001204
31.437500	0.995228	0.002907
31.468750	0.993414	0.001359
31.500000	0.996994	0.002488
31.531250	0.995620	0.002686
31.562500	1.007592	0.002941
31.593750	0.999728	0.002426
31.625000	0.996741	0.002411
31.656250	0.999587	0.002333
31.687500	0.992086	0.001339
31.718750	0.991608	0.002955
31.750000	0.993672	0.002519
31.781250	1.002106	0.002401
31.812500	0.989734	0.002560
31.843750	0.999792	0.001892
31.875000	0.992053	0.002588
31.906250	0.989816	0.001648
31.937500	0.986483	0.001295
31.968750	0.990822	0.002400
32.000000	0.995520	0.002967
32.031250	0.994067	0.001835
32.062500	0.992345	0.001728
32.093750	0.988428	0.001359
32.125000	0.980997	0.002390
32.156250	0.981722	0.002661
32.187500	0.976925	0.002171
32.218750	0.980110	0.002140
32.250000	0.996005	0.002141
32.281250	0.990539	0.001241
32.312500	0.992567	0.001209
32.343750	0.990158	0.001788
32.375000	0.992478	0.002034
32.406250	0.988928	0.001584
32.437500	0.997970	0.002052
32.468750	0.984220	0.002369
32.500000	0.999492	0.001904
32.531250	0.993679	0.002919
32.562500	0.992576	0.002124
32.593750	0.991537	0.001232
32.625000	0.996743	0.002143
32.656250	1.000444	0.002935
32.687500	1.000441	0.001888
32.718750	0.984346	0.002306
32.750000	1.002815	0.002708
32.781250	0.995896	0.001641
32.812500	1.000669	0.001215
32.843750	0.993099	0.002726
32.875000	0.989581	0.001111
32.906250	0.997169	0.001989
32.937500	0.992344	0.002584
32.968750	0.988784	0.001744
33.000000	0.992679	0.002790
33.031250	0.983872	0.002273
33.062500	0.981928	0.002283
33.093750	0.992460	0.002575
33.125000	0.983143	0.001899
33.156250	0.990344	0.001769
33.187500	0.985215	0.001078
33.218750	0.990854	0.001619
33.250000	0.986809	0.002091
33.281250	0.994871	0.002398
33.312500	0.977821	0.002801
33.343750	0.993398	0.001886
33.375000	0.988088	0.002402
33.406250	0.985465	0.001092
33.437500	0.992137	0.002679
33.468750	1.004936	0.002916
33.500000	1.001908	0.002462
33.531250	0.987325	0.002227
33.562500	0.998377	0.001979
33.593750	0.992513	0.002942
33.625000	0.994322	0.002032
33.656250	0.995017	0.001012
33.687500	1.000644	0.001033
33.718750	0.990856	0.001404
33.750000	1.006565	0.001122
33.781250	0.991804	0.001914
33.812500	0.990337	0.002297
33.843750	0.997438	0.002663
33.875000	0.992095	0.001361
33.906250	1.000926	0.002074
33.937500	1.003297	0.001298
33.968750	0.996450	0.001118
34.000000	1.008824	0.002876
34.031250	0.996834	0.002440
34.062500	0.986030	0.002924
34.093750	0.984982	0.001476
34.125000	0.985960	0.002280
34.156250	0.990641	0.002956
34.187500	0.974794	0.001630
34.218750	0.991721	0.001515
34.250000	0.981086	0.001248
34.281250	0.980378	0.002853
34.312500	0.975286	0.001243
34.343750	0.982276	0.001235
34.375000	0.981406	0.001265
34.406250	0.981460	0.001674
34.437500	0.977969	0.002469
34.468750	0.984609	0.002360
34.500000	0.990170	0.001395
34.531250	0.981176	0.002903
34.562500	0.984045	0.001195
34.593750	0.994711	0.001562
34.625000	0.986757	0.002640
34.656250	0.993433	0.002010
34.687500	0.992053	0.001127
34.718750	0.988478	0.002237
34.750000	0.997867	0.001970
34.781250	0.992455	0.001666
34.812500	0.994797	0.001215
34.843750	1.000028	0.002141
34.875000	0.993699	0.002347
34.906250	1.000326	0.002647
34.937500	0.987549	0.002461
34.968750	0.986308	0.001249
35.000000	0.988985	0.001017
35.031250	1.006072	0.002860
35.062500	0.994518	0.002149
35.093750	0.995456	0.001161
35.125000	1.001991	0.001352
35.156250	1.000619	0.001968
35.187500	0.997267	0.002608
35.218750	0.993450	0.001214
35.250000	0.994636	0.001046
35.281250	1.002330	0.001690
35.312500	0.990900	0.001357
35.343750	1.000841	0.001689
35.375000	0.992890	0.002124
35.406250	0.992024	0.002522
35.437500	0.992673	0.001932
35.468750	0.987413	0.002775
35.500000	0.978209	0.001986
35.531250	0.989176	0.002135
35.562500	0.989285	0.001453
35.593750	0.984707	0.001915
35.625000	0.991139	0.001113
35.656250	0.989560	0.001721
35.687500	1.000149	0.001820
35.718750	0.983988	0.001889
35.750000	0.994058	0.001795
35.781250	0.985933	0.001765
35.812500	0.983199	0.002240
35.843750	1.007720	0.002390
35.875000	0.987102	0.002058
35.906250	0.988614	0.002294
35.937500	1.002964	0.002849
35.968750	0.995015	0.001987
36.000000	0.987835	0.002876
36.031250	0.996412	0.002301
36.062500	0.995348	0.002105
36.093750	0.995402	0.002403
36.125000	0.999602	0.002588
36.156250	1.000962	0.001937
36.187500	0.991120	0.002936
36.218750	0.994356	0.001220
36.250000	0.985407	0.002727
36.281250	0.992864	0.002192
36.312500	0.989806	0.001884
36.343750	0.993933	0.002126
36.375000	0.999849	0.002392
36.406250	0.990648	0.002230
36.437500	0.993901	0.001855
36.468750	1.005932	0.001107
36.500000	0.988308	0.002061
36.531250	0.994332	0.002497
36.562500	0.990090	0.001534
36.593750	0.995751	0.002732
36.625000	1.002280	0.002979
36.656250	0.987041	0.002154
36.687500	0.976884	0.002359
36.718750	0.995224	0.001308
36.750000	0.986677	0.002546
36.781250	0.993803	0.001939
36.812500	0.991113	0.001597
36.843750	0.983393	0.002317
36.875000	0.986713	0.002246
36.906250	0.991305	0.001647
36.937500	0.988005	0.002092
36.968750	0.987172	0.001423
37.000000	0.990677	0.002645
37.031250	0.996966	0.001026
37.062500	0.992550	0.002293
37.093750	0.996346	0.002128
37.125000	0.990324	0.001931
37.156250	0.991564	0.002197
37.187500	0.983612	0.001847
37.218750	1.001369	0.002801
37.250000	0.996510	0.001293
37.281250	1.005189	0.001525
37.312500	0.996928	0.001655
37.343750	0.998311	0.002353
37.375000	0.994398	0.001588
37.406250	0.996007	0.001762
37.437500	1.000858	0.002890
37.468750	0.991593	0.001747
37.500000	1.003651	0.002993
37.531250	1.001647	0.001417
37.562500	0.984693	0.002624
37.593750	0.990013	0.002581
37.625000	0.992196	0.002284
37.656250	0.988853	0.001435
37.687500	0.989891	0.001655
37.718750	0.985145	0.001318
37.750000	0.988967	0.001884
37.781250	0.981920	0.001517
37.812500	0.960976	0.001916
37.843750	0.986178	0.002803
37.875000	0.981260	0.001825
37.906250	0.987693	0.001692
37.937500	0.987570	0.002700
37.968750	0.977519	0.001490
38.000000	0.979024	0.001090
38.031250	0.973878	0.002770
38.062500	0.984653	0.002465
38.093750	0.979405	0.002986
38.125000	0.989766	0.001908
38.156250	0.985633	0.001141
38.187500	0.982949	0.001860
38.218750	0.982980	0.002780
38.250000	0.983604	0.002355
38.281250	0.999767	0.002732
38.312500	0.997550	0.002441
38.343750	0.993553	0.001713
38.375000	0.992936	0.001323
38.406250	1.000402	0.001636
38.437500	0.996681	0.001475
38.468750	1.002040	0.001683
38.500000	0.997927	0.002213
38.531250	1.004934	0.001127
38.562500	0.987715	0.002063
38.593750	0.995114	0.001275
38.625000	1.004543	0.002737
38.656250	0.998750	0.002475
38.687500	0.993095	0.002024
38.718750	0.996057	0.002367
38.750000	0.998077	0.002527
38.781250	0.997210	0.002708
38.812500	0.988343	0.002767
38.843750	0.993181	0.002153
38.875000	1.011240	0.002749
38.906250	0.989315	0.001317
38.937500	0.996165	0.002421
38.968750	0.985407	0.001865
39.000000	0.984366	0.001999
39.031250	0.986903	0.001088
39.062500	0.995959	0.002950
39.093750	0.984731	0.002516
39.125000	0.979996	0.002117
39.156250	1.000664	0.002591
39.187500	0.981606	0.001742
39.218750	0.985622	0.002143
39.250000	0.995555	0.002606
39.281250	0.988013	0.001518
39.312500	0.993225	0.001706
39.343750	0.991001	0.002246
39.375000	1.001067	0.002297
39.406250	0.990411	0.002045
39.437500	0.991026	0.001330
39.468750	0.992549	0.002430
39.500000	0.979300	0.001604
39.531250	0.992640	0.001706
39.562500	0.990197	0.001930
39.593750	0.994407	0.001393
39.625000	0.992260	0.002081
39.656250	0.996265	0.002793
39.687500	0.992450	0.001987
39.718750	0.992363	0.002131
39.750000	0.985355	0.001090
39.781250	1.000478	0.001748
39.812500	0.990795	0.001417
39.843750	0.985317	0.001243
39.875000	0.995512	0.001144
39.906250	0.995703	0.001559
39.937500	0.996016	0.002330
39.968750	0.994117	0.001966
40.000000	0.983820	0.002542
40.031250	0.989288	0.001611
40.062500	0.987293	0.001444
40.093750	0.989415	0.001211
40.125000	0.980522	0.001480
40.156250	0.988726	0.001913
40.187500	0.984275	0.002834
40.218750	0.990665	0.001668
40.250000	0.980099	0.001308
40.281250	0.986200	0.002268
40.312500	0.985071	0.002680
40.343750	0.988801	0.002916
40.375000	0.988190	0.002212
40.406250	0.993994	0.001807
40.437500	0.988936	0.002321
40.468750	0.990827	0.002976
40.500000	0.998396	0.002446
40.531250	0.989549	0.002234
40.562500	0.988472	0.001490
40.593750	0.995233	0.002191
40.625000	0.984104	0.002825
40.656250	0.996940	0.001394
40.687500	0.991311	0.002695
40.718750	1.001762	0.001079
40.750000	0.988044	0.002421
40.781250	1.004768	0.002068
40.812500	0.987325	0.002822
40.843750	0.984199	0.001096
40.875000	1.003972	0.002332
40.906250	0.992157	0.002797
40.937500	0.998743	0.002193
40.968750	0.996005	0.002725
41.000000	0.995539	0.002960
41.031250	0.998775	0.001455
41.062500	0.994155	0.002437
41.093750	0.987574	0.001145
41.125000	0.994071	0.002237
41.156250	0.989420	0.002083
41.187500	0.992846	0.002207
41.218750	0.982764	0.002466
41.250000	0.995823	0.002458
41.281250	0.976756	0.002106
41.312500	0.978243	0.001931
41.343750	0.977740	0.001236
41.375000	0.977758	0.001719
41.406250	0.978741	0.002334
41.437500	0.969445	0.001413
41.468750	0.977152	0.002525
41.500000	0.978688	0.002352
41.531250	0.991699	0.001818
41.562500	0.988241	0.002048
41.593750	0.982429	0.002642
41.625000	0.978974	0.001506
41.656250	0.998533	0.002239
41.687500	0.990158	0.001527
41.718750	0.989024	0.001350
41.750000	0.985108	0.002217
41.781250	0.986987	0.001193
41.812500	0.997055	0.001535
41.843750	0.987414	0.001009
41.875000	0.997407	0.002147
41.906250	0.996235	0.002704
41.937500	0.993632	0.002491
41.968750	0.995109	0.002839
42.000000	0.995224	0.001856
42.031250	0.997603	0.001380
42.062500	1.015622	0.002643
42.093750	0.997403	0.001782
42.125000	0.999446	0.001405
42.156250	1.000026	0.001855
42.187500	0.994302	0.001647
42.218750	0.987312	0.001602
42.250000	0.987031	0.002047
42.281250	0.987106	0.002764
42.312500	0.989396	0.002386
42.343750	0.991872	0.001760
42.375000	0.984203	0.001938
42.406250	0.992902	0.002990
42.437500	0.993895	0.001274
42.468750	0.984614	0.002520
42.500000	0.984385	0.001037
42.531250	0.980578	0.002708
42.562500	0.979126	0.001614
42.593750	0.991913	0.001654
42.625000	0.988959	0.001236
42.656250	0.990670	0.001330
42.687500	0.998769	0.001403
42.718750	1.003372	0.001996
42.750000	0.995707	0.002971
42.781250	0.990167	0.002041
42.812500	0.989590	0.002489
42.843750	0.989757	0.002548
42.875000	0.986145	0.001406
42.906250	0.998245	0.001997
42.937500	0.995027	0.002975
42.968750	0.995804	0.002689
43.000000	1.002839	0.001004
43.031250	0.982751	0.001259
43.062500	1.001832	0.001756
43.093750	0.993027	0.002864
43.125000	0.981236	0.001429
43.156250	1.010008	0.002038
43.187500	0.995698	0.001189
43.218750	1.002583	0.002087
43.250000	1.002019	0.002819
43.281250	0.991397	0.002737
43.312500	0.985281	0.002621
43.343750	0.999892	0.002023
43.375000	0.990233	0.001623
43.406250	1.002014	0.001107
43.437500	1.000808	0.002926
43.468750	0.997699	0.001194
43.500000	0.993740	0.002004
43.531250	0.996210	0.001140
43.562500	0.988524	0.002015
43.593750	0.984723	0.002367
43.625000	0.988410	0.001929
43.656250	0.988226	0.002654
43.687500	0.993137	0.002562
43.718750	0.977180	0.002154
43.750000	0.980006	0.001915
43.781250	0.986155	0.002227
43.812500	0.995106	0.001801
43.843750	0.985953	0.001715
43.875000	1.002736	0.002499
43.906250	0.987874	0.001730
43.937500	1.000231	0.002069
43.968750	0.990260	0.002972
44.000000	0.997006	0.001800
44.031250	0.986485	0.002096
44.062500	0.994407	0.002151
44.093750	0.998845	0.002184
44.125000	0.990181	0.001767
44.156250	0.988903	0.001995
44.187500	0.994414	0.002606
44.218750	0.997501	0.001714
44.250000	1.003327	0.001518
44.281250	0.993936	0.002152
44.312500	0.992493	0.002370
44.343750	0.988604	0.001659
44.375000	0.997419	0.002920
44.406250	1.000405	0.001978
44.437500	0.993432	0.002375
44.468750	0.993892	0.002494
44.500000	0.990725	0.002686
44.531250	0.987407	0.002854
44.562500	0.985762	0.002268
44.593750	0.988183	0.002964
44.625000	0.993268	0.001696
44.656250	0.971345	0.002017
44.687500	0.987257	0.002000
44.718750	0.982729	0.001169
44.750000	0.980257	0.002386
44.781250	0.981323	0.001339
44.812500	0.989758	0.001073
44.843750	0.981863	0.001867
44.875000	0.980121	0.001019
44.906250	0.979548	0.002417
44.937500	0.984945	0.002212
44.968750	0.975203	0.001411
45.000000	0.980033	0.002319
45.031250	0.975664	0.001470
45.062500	0.986255	0.002530
45.093750	0.983417	0.002777
45.125000	0.981266	0.002613
45.156250	0.988316	0.001381
45.187500	0.991062	0.002811
45.218750	0.994588	0.001693
45.250000	0.995417	0.002501
45.281250	0.997587	0.001040
45.312500	0.995628	0.002831
45.343750	0.995449	0.001763
45.375000	0.991283	0.001828
45.406250	0.997864	0.001927
45.437500	0.993822	0.001876
45.468750	0.993528	0.002324
45.500000	0.993926	0.002420
45.531250	0.988986	0.001002
45.562500	0.991791	0.001755
45.593750	1.000079	0.002852
45.625000	0.991888	0.001578
45.656250	0.996381	0.001041
45.687500	0.993939	0.001769
45.718750	0.994806	0.001235
45.750000	0.990902	0.001594
45.781250	0.991152	0.002261
45.812500	0.993080	0.002526
45.843750	0.991927	0.002428
45.875000	0.986654	0.001616
45.906250	0.980174	0.001010
45.937500	0.987981	0.002143
45.968750	0.989927	0.001252
46.000000	0.988007	0.002166
46.031250	0.987612	0.002235
46.062500	0.995939	0.001778
46.093750	0.988143	0.001280
46.125000	0.986759	0.001313
46.156250	0.978339	0.002777
46.187500	0.983005	0.001752
46.218750	0.982212	0.002179
46.250000	0.973705	0.002534
46.281250	0.985072	0.002163
46.312500	0.995438	0.002416
46.343750	0.989704	0.002280
46.375000	0.994599	0.002295
46.406250	0.984880	0.001937
46.437500	0.996919	0.002046
46.468750	0.989498	0.001121
46.500000	1.000572	0.001831
46.531250	0.996431	0.002806
46.562500	1.007330	0.002636
46.593750	0.995127	0.002592
46.625000	0.998688	0.002659
46.656250	1.005427	0.002614
46.687500	0.975180	0.002367
46.718750	0.990397	0.002293
46.750000	0.994603	0.002817
46.781250	0.996308	0.002390
46.812500	0.983745	0.001062
46.843750	0.989844	0.001564
46.875000	0.995986	0.001212
46.906250	0.990496	0.001404
46.937500	0.990616	0.001094
46.968750	0.983294	0.001569
47.000000	0.993431	0.002717
47.031250	0.993982	0.002182
47.062500	0.987882	0.002078
47.093750	0.985012	0.002023
47.125000	0.993903	0.002716
47.156250	0.995885	0.002513
47.187500	0.986321	0.001081
47.218750	0.985555	0.001562
47.250000	0.981976	0.002969
47.281250	0.995027	0.002458
47.312500	0.991340	0.001211
47.343750	0.994501	0.001816
47.375000	0.992409	0.001470
47.406250	0.987529	0.002733
47.437500	0.989374	0.001978
47.468750	0.983801	0.002054
47.500000	0.985902	0.002008
47.531250	0.986316	0.001184
47.562500	0.992301	0.002527
47.593750	0.979416	0.001921
47.625000	0.994022	0.001873
47.656250	0.999138	0.002874
47.687500	1.002431	0.002754
47.718750	1.011090	0.002366
47.750000	0.986571	0.002147
47.781250	0.981781	0.002868
47.812500	0.993327	0.001050
47.843750	0.991669	0.001291
47.875000	0.999369	0.001739
47.906250	1.012964	0.002459
47.937500	1.005405	0.001670
47.968750	0.998821	0.002242
48.000000	0.986377	0.002044
48.031250	0.988085	0.001107
48.062500	0.979651	0.001583
48.093750	0.996706	0.002060
48.125000	0.975305	0.002921
48.156250	0.991187	0.001632
48.187500	0.980301	0.001832
48.218750	0.982635	0.002053
48.250000	0.978456	0.002524
48.281250	0.975984	0.002451
48.312500	0.980168	0.002940
48.343750	0.989722	0.002919
48.375000	0.969897	0.002502
48.406250	0.971107	0.002638
48.437500	0.981412	0.002418
48.468750	0.978374	0.002774
48.500000	0.981180	0.001335
48.531250	0.976775	0.002318
48.562500	0.980087	0.002389
48.593750	0.975601	0.001831
48.625000	0.987075	0.002578
48.656250	0.991179	0.001193
48.687500	0.978991	0.002729
48.718750	0.987539	0.001190
48.750000	0.988858	0.001662
48.781250	0.995674	0.002922
48.812500	0.992334	0.001565
48.843750	0.988876	0.002500
48.875000	1.003808	0.002043
48.906250	0.989549	0.001512
48.937500	1.003032	0.002643
48.968750	0.994086	0.002377
49.000000	0.996976	0.001019
49.031250	0.993184	0.002001
49.062500	1.000958	0.002665
49.093750	0.992027	0.001971
49.125000	0.991037	0.001255
49.156250	0.996956	0.001422
49.187500	1.006216	0.002744
49.218750	0.995045	0.002116
49.250000	0.997251	0.002777
49.281250	0.993611	0.002947
49.312500	1.002338	0.002443
49.343750	0.985114	0.001279
49.375000	0.986022	0.002500
49.406250	0.988433	0.001058
49.437500	0.983647	0.002178
49.468750	0.993610	0.001300
49.500000	0.993998	0.002478
49.531250	0.992425	0.001506
49.562500	0.978915	0.001191
49.593750	0.986521	0.001700
49.625000	0.981995	0.001284
49.656250	0.995730	0.001733
49.687500	0.985157	0.002020
49.718750	0.984165	0.001960
49.750000	0.992271	0.001209
49.781250	0.987960	0.002138
49.812500	0.975645	0.001880
49.843750	0.990548	0.002145
49.875000	0.994520	0.001423
49.906250	0.982200	0.001827
49.937500	0.998317	0.002195
49.968750	1.000606	0.002789
50.000000	0.989499	0.001011
50.031250	0.999615	0.001815
50.062500	1.014145	0.001008
50.093750	0.985879	0.002097
50.125000	0.999637	0.002323
50.156250	0.998742	0.002405
50.187500	1.009137	0.001796
50.218750	0.996645	0.001798
50.250000	0.999305	0.002325
50.281250	1.000735	0.001607
50.312500	0.998003	0.001048
50.343750	0.996899	0.002882
50.375000	0.995889	0.001146
50.406250	0.998174	0.001532
50.437500	0.997187	0.002374
50.468750	0.989160	0.001843
50.500000	0.989547	0.002596
50.531250	0.986980	0.001791
50.562500	0.986180	0.002066
50.593750	0.995296	0.002729
50.625000	0.989834	0.002408
50.656250	0.984549	0.002260
50.687500	0.994449	0.002064
50.718750	0.984332	0.002390
50.750000	0.987482	0.002461
50.781250	0.987067	0.001686
50.812500	1.002383	0.002505
50.843750	0.992488	0.002621
50.875000	0.995566	0.002374
50.906250	0.986057	0.001184
50.937500	0.992773	0.001694
50.968750	0.979409	0.001297
51.000000	0.994029	0.001598
51.031250	0.989365	0.001595
51.062500	0.987786	0.002158
51.093750	0.994282	0.002991
51.125000	0.999629	0.001958
51.156250	0.997100	0.001870
51.187500	0.990969	0.001863
51.218750	0.988335	0.001600
51.250000	0.990092	0.002394
51.281250	1.001577	0.002451
51.312500	0.993713	0.001213
51.343750	0.992530	0.001659
51.375000	1.002063	0.002636
51.406250	0.989566	0.002156
51.437500	0.999587	0.001657
51.468750	0.988992	0.002731
51.500000	1.000038	0.002583
51.531250	0.999023	0.002906
51.562500	0.996499	0.002808
51.593750	0.999822	0.002109
51.625000	0.996637	0.001502
51.656250	0.995895	0.001583
51.687500	1.004367	0.002414
51.718750	0.977522	0.002042
51.750000	0.981682	0.002420
51.781250	0.984398	0.001544
51.812500	0.978016	0.001201
51.843750	0.970410	0.001244
51.875000	0.986677	0.001572
51.906250	0.976985	0.001559
51.937500	0.984256	0.002239
51.968750	0.976306	0.001978
52.000000	0.982485	0.002537
52.031250	0.981628	0.001009
52.062500	0.977906	0.002274
52.093750	0.966978	0.002084
52.125000	0.982953	0.001607
52.156250	0.986410	0.002403
52.187500	0.990901	0.001341
52.218750	0.996592	0.002425
52.250000	0.992551	0.002123
52.281250	0.988814	0.001057
52.312500	0.989012	0.001399
52.343750	1.002805	0.002351
52.375000	1.001605	0.002516
52.406250	0.997910	0.002561
52.437500	0.996725	0.002149
52.468750	0.992924	0.001330
52.500000	1.006153	0.001391
52.531250	0.999259	0.001842
52.562500	0.998323	0.001954
52.593750	0.997027	0.001862
52.625000	0.984576	0.002146
52.656250	0.997061	0.001689
52.687500	1.005584	0.002910
52.718750	0.990193	0.002713
52.750000	0.987616	0.001626
52.781250	0.989382	0.002674
52.812500	0.992802	0.002222
52.843750	0.985746	0.001812
52.875000	0.990491	0.001962
52.906250	0.986003	0.002433
52.937500	0.989544	0.001298
52.968750	0.984193	0.002074
53.000000	0.987659	0.001467
53.031250	0.979006	0.001095
53.062500	0.991692	0.002579
53.093750	0.980866	0.001379
53.125000	0.976711	0.001474
53.156250	0.989152	0.002857
53.187500	0.988333	0.001748
53.218750	0.979589	0.002613
53.250000	0.979748	0.001424
53.281250	0.984252	0.002113
53.312500	0.998826	0.002363
53.343750	0.994367	0.001301
53.375000	0.991953	0.002325
53.406250	1.000388	0.002724
53.437500	0.991508	0.002116
53.468750	0.994695	0.001078
53.500000	0.987598	0.001868
53.531250	1.001928	0.002110
53.562500	0.994382	0.002571
53.593750	0.978399	0.001845
53.625000	0.987440	0.002337
53.656250	1.003676	0.002900
53.687500	0.995400	0.002111
53.718750	0.998472	0.002271
53.750000	0.988905	0.002308
53.781250	0.988061	0.001216
53.812500	0.993493	0.001963
53.843750	0.994353	0.001678
53.875000	0.998708	0.002145
53.906250	1.001767	0.002699
53.937500	0.982298	0.001064
53.968750	0.988144	0.001813
54.000000	0.997604	0.001853
54.031250	0.990625	0.001138
54.062500	0.990389	0.001547
54.093750	0.991174	0.001964
54.125000	0.996712	0.002222
54.156250	0.984861	0.002274
54.187500	0.991224	0.002071
54.218750	0.980256	0.002258
54.250000	0.986744	0.002082
54.281250	0.983468	0.002270
54.312500	0.980549	0.001856
54.343750	0.980862	0.002977
54.375000	0.991355	0.002662
54.406250	1.001877	0.001103
54.437500	0.989302	0.001591
54.468750	0.997088	0.002837
54.500000	0.991693	0.001445
54.531250	0.988454	0.002748
54.562500	0.987426	0.002545
54.593750	0.988422	0.001558
54.625000	0.986640	0.002549
54.656250	0.988495	0.002608
54.687500	1.002767	0.001862
54.718750	0.986508	0.001205
54.750000	0.989704	0.001711
54.781250	1.000821	0.001668
54.812500	0.997459	0.001071
54.843750	0.997924	0.001207
54.875000	1.002848	0.002175
54.906250	1.001011	0.001409
54.937500	0.996460	0.001265
54.968750	0.996204	0.002478
55.000000	0.991584	0.002056
55.031250	0.996521	0.002324
55.062500	0.989191	0.002890
55.093750	0.981699	0.002315
55.125000	0.997531	0.002496
55.156250	0.988630	0.001255
55.187500	0.983708	0.002549
55.218750	0.982850	0.002849
55.250000	0.975433	0.001710
55.281250	0.980516	0.002490
55.312500	0.976637	0.001199
55.343750	0.978157	0.001500
55.375000	0.980718	0.001278
55.406250	0.975750	0.001680
55.437500	0.985857	0.002969
55.468750	0.978896	0.002597
55.500000	0.976498	0.001247
55.531250	0.973105	0.001723
55.562500	0.985372	0.001911
55.593750	0.993182	0.002008
55.625000	0.980670	0.002618
55.656250	0.988783	0.001814
55.687500	0.982511	0.001160
55.718750	0.991553	0.001609
55.750000	0.997049	0.001419
55.781250	0.989082	0.002551
55.812500	1.002561	0.001960
55.843750	0.990793	0.001633
55.875000	0.999599	0.002182
55.906250	1.006819	0.002605
55.937500	0.997998	0.001233
55.968750	1.000215	0.001900
56.000000	1.005655	0.002531
56.031250	0.992108	0.001851
56.062500	1.011460	0.001761
56.093750	0.996228	0.001998
56.125000	0.996996	0.001889
56.156250	0.996679	0.002747
56.187500	1.000924	0.002208
56.218750	0.989275	0.002400
56.250000	0.995269	0.002242
56.281250	0.998555	0.002090
56.312500	0.992400	0.002510
56.343750	0.995678	0.001790
56.375000	0.991223	0.002256
56.406250	0.992635	0.002520
56.437500	0.987277	0.002837
56.468750	0.987506	0.001557
56.500000	0.973509	0.001582
56.531250	0.992550	0.002823
56.562500	0.987240	0.002103
56.593750	0.995888	0.002393
56.625000	0.982396	0.002385
56.656250	0.991144	0.002593
56.687500	0.995504	0.002353
56.718750	0.985177	0.001253
56.750000	0.983109	0.002643
56.781250	0.982469	0.002126
56.812500	0.991750	0.001745
56.843750	0.988522	0.001924
56.875000	1.000128	0.001725
56.906250	1.003701	0.002189
56.937500	0.996092	0.002001
56.968750	0.992947	0.001442
57.000000	0.994954	0.002221
57.031250	1.003304	0.001940
57.062500	0.995084	0.002807
57.093750	1.002013	0.002169
57.125000	0.998855	0.002900
57.156250	0.998818	0.001867
57.187500	1.008082	0.002352
57.218750	0.983221	0.002779
57.250000	1.008008	0.001368
57.281250	1.008565	0.001321
57.312500	0.999043	0.002919
57.343750	0.993212	0.001336
57.375000	1.002083	0.001006
57.406250	0.989458	0.002848
57.437500	0.988567	0.002923
57.468750	0.994942	0.002327
57.500000	0.993297	0.002014
57.531250	0.985263	0.002936
57.562500	0.999068	0.002969
57.593750	0.989779	0.001215
57.625000	0.996899	0.002127
57.656250	0.986102	0.001024
57.687500	0.997311	0.001197
57.718750	0.974595	0.001088
57.750000	0.990849	0.002986
57.781250	0.984719	0.002470
57.812500	0.993461	0.002461
57.843750	0.993835	0.002492
57.875000	0.993391	0.002309
57.906250	0.987504	0.001428
57.937500	0.974208	0.002007
57.968750	0.986032	0.002656
58.000000	0.995254	0.002118
58.031250	0.980465	0.001504
58.062500	0.994495	0.001138
58.093750	0.983540	0.002687
58.125000	0.991237	0.001864
58.156250	0.993245	0.001620
58.187500	0.997158	0.001362
58.218750	0.993872	0.001425
58.250000	1.000572	0.001281
58.281250	0.986566	0.002723
58.312500	1.002679	0.002837
58.343750	1.004904	0.001116
58.375000	1.002947	0.001187
58.406250	0.995587	0.001189
58.437500	0.998994	0.002118
58.468750	1.000386	0.001454
58.500000	1.004220	0.001965
58.531250	0.998912	0.002662
58.562500	0.993433	0.001387
58.593750	0.991191	0.002948
58.625000	0.984852	0.002033
58.656250	0.982285	0.002335
58.687500	0.978678	0.002500
58.718750	0.983210	0.002530
58.750000	0.983515	0.001018
58.781250	0.985885	0.002348
58.812500	0.978664	0.002609
58.843750	0.977360	0.002282
58.875000	0.978909	0.002777
58.906250	0.982874	0.001216
58.937500	0.974390	0.002860
58.968750	0.975556	0.001199
59.000000	0.977564	0.001076
59.031250	0.989869	0.001337
59.062500	0.980972	0.002294
59.093750	0.986076	0.001072
59.125000	0.987929	0.002377
59.156250	0.990118	0.002033
59.187500	0.983542	0.002968
59.218750	0.990878	0.002619
59.250000	0.989270	0.002687
59.281250	0.978461	0.002335
59.312500	0.988216	0.002121
59.343750	0.991330	0.001358
59.375000	1.000064	0.001433
59.406250	1.002407	0.002051
59.437500	1.001227	0.001339
59.468750	1.009082	0.001761
59.500000	0.995681	0.001800
59.531250	1.002206	0.001431
59.562500	0.996298	0.001233
59.593750	0.997960	0.002191
59.625000	0.985326	0.001995
59.656250	0.990253	0.002807
59.687500	0.991609	0.002478
59.718750	0.994002	0.002490
59.750000	1.000593	0.001301
59.781250	0.982700	0.001344
59.812500	0.991719	0.001565
59.843750	0.976608	0.002738
59.875000	0.989114	0.001768
59.906250	0.986331	0.002881
59.937500	0.983576	0.002667
59.968750	0.984693	0.002819
