# Star 2 - Telescope hubble - Campaign 1
# Time Flux Error
# days relative_flux relative_error
0.011872 0.99895095 0.003686
0.013216 0.99682872 0.006335
0.013966 0.99998631 0.005194
0.015387 1.00037060 0.003066
0.047408 1.00132703 0.006666
0.054748 1.00747765 0.007527
0.054862 0.99839463 0.004057
0.057189 1.00469066 0.005139
0.172102 1.00773344 0.007735
0.189357 0.99797591 0.005490
0.203024 1.00721900 0.006118
0.210700 1.00331740 0.007093
0.221811 1.01059131 0.005022
0.239329 1.00836940 0.007060
0.304684 1.00259324 0.003575
0.343736 1.00104711 0.003135
0.377744 1.01053582 0.006365
0.386995 1.00096098 0.007776
0.416136 1.00888863 0.006643
0.437317 1.00223313 0.003082
0.484167 1.00097472 0.003798
0.511473 1.00935750 0.007547
0.543628 1.00718778 0.003111
0.548829 1.00498853 0.006655
0.597977 1.00670199 0.005076
0.603144 1.00554349 0.005592
0.664703 1.00195273 0.005731
0.677153 1.00998471 0.007090
0.678128 1.00700374 0.006505
0.694713 1.02239714 0.006931
0.737524 1.00825094 0.004977
0.749066 1.00416499 0.004667
0.774059 1.01281532 0.005754
0.793896 1.01557965 0.003707
0.817167 1.01301013 0.004794
0.892857 1.01631614 0.007040
0.926967 1.01788142 0.004525
0.927642 1.01848130 0.003107
0.949091 1.01446023 0.005356
0.950823 1.01390846 0.006427
0.963695 1.01650291 0.006060
0.965569 1.01178418 0.003973
0.974932 1.02146052 0.004530
0.976924 1.00867606 0.003467
0.979397 1.00821129 0.005834
0.986398 1.01296120 0.006703
0.989740 1.01477023 0.007565
1.046091 1.01882203 0.004812
1.055949 1.00742712 0.003036
1.068119 1.01893065 0.004059
1.077308 1.01624580 0.004050
1.120050 1.01833082 0.005122
1.134084 1.02185948 0.006925
1.149416 1.02243596 0.006314
1.163906 1.02711709 0.004197
1.165029 1.01951799 0.005290
1.183974 1.01714682 0.005334
1.189560 1.01550918 0.006764
1.199826 1.02473131 0.005091
1.208234 1.02253888 0.004982
1.286121 1.01499114 0.003261
1.301906 1.01913111 0.006206
1.308747 1.01380923 0.003267
1.325401 1.02315199 0.005226
1.388916 1.02776787 0.005855
1.403277 1.01922841 0.006559
1.420862 1.02193742 0.004085
1.481019 1.01832783 0.005838
1.490205 1.01962720 0.005690
1.493736 1.02213224 0.006890
1.520624 1.02193144 0.003893
1.541110 1.01227411 0.003415
1.542183 1.02640651 0.004354
1.549438 1.01639156 0.003102
1.550912 1.01917336 0.007002
1.559964 1.01413352 0.006948
1.563806 1.01479017 0.006066
1.568291 1.01478319 0.004279
1.572190 1.01606315 0.006018
1.577581 1.02598432 0.003307
1.586251 1.02025590 0.007238
1.593523 1.01749833 0.006460
1.594321 1.02693376 0.003648
1.623522 1.02305009 0.007132
1.645707 1.01639613 0.004903
1.663753 1.04266123 0.006183
1.696207 1.02931648 0.003662
1.732220 1.02793379 0.006421
1.758694 1.02669651 0.003086
1.759761 1.02073655 0.003379
1.773463 1.08979644 0.004266
1.809196 1.02559010 0.006299
1.825641 1.02668657 0.005846
1.827696 1.01786457 0.007485
1.842692 1.01791012 0.006743
1.843864 1.02512262 0.005737
1.850948 1.02231248 0.007331
1.857184 1.01997045 0.004961
1.880499 1.02666839 0.005206
1.885113 1.02675949 0.007339
1.903219 1.01356846 0.003308
1.920957 1.01867458 0.004670
1.922173 1.03087714 0.003558
1.992796 1.02081734 0.004252
2.005360 1.02303620 0.005646
2.025121 1.02468193 0.003864
2.054525 1.02955088 0.007521
2.062176 1.02250193 0.004024
2.066346 1.02793063 0.005478
2.066747 1.02055151 0.007170
2.071845 1.02372868 0.004657
2.081609 1.06217472 0.006031
2.087224 1.02156605 0.006633
2.114919 1.03134752 0.006419
2.115298 1.02843211 0.004279
2.125509 1.01641352 0.003424
2.129756 1.02989808 0.003703
2.142835 1.02620090 0.005780
2.163228 1.02542446 0.007131
2.164338 1.02819546 0.006411
2.182311 1.03147765 0.007698
2.195833 1.02401046 0.003361
2.263909 1.02036222 0.006293
2.276403 1.09557437 0.005505
2.280941 1.03290882 0.006805
2.288309 1.02129547 0.007568
2.288419 1.02303993 0.004308
2.340736 1.03047570 0.005856
2.355815 1.02151315 0.006525
2.420611 1.02891469 0.005538
2.439876 1.02889626 0.007332
2.458519 1.03267857 0.005785
2.500902 1.02151716 0.005504
2.541885 1.02723955 0.003812
2.565171 1.01933298 0.006361
2.575854 1.02493591 0.007250
2.595264 1.03319829 0.005030
2.601294 1.04179791 0.007115
2.613720 1.02432119 0.004940
2.686931 1.02224609 0.007166
2.691618 1.03180282 0.004472
2.723667 1.03622815 0.006499
2.728606 1.02132413 0.005218
2.728902 1.01860005 0.006051
2.733953 1.02603003 0.005878
2.737543 1.02648399 0.003462
2.773228 1.03595643 0.003045
2.781597 1.02299339 0.005461
2.845374 1.02565349 0.007862
2.880754 1.02580925 0.006820
2.900663 1.03091458 0.004593
2.907875 1.01738606 0.004658
2.941885 1.01190044 0.007960
2.946474 1.02699173 0.007461
2.974930 1.02213454 0.005522
2.985381 1.02811125 0.006606
2.988928 1.02185672 0.004701
2.991830 1.02368455 0.007713
3.057840 1.02561124 0.005042
3.074135 1.01841331 0.006270
3.090297 1.02057464 0.004133
3.094301 1.01501203 0.006706
3.102090 1.03228447 0.007093
3.111101 1.02252315 0.006031
3.115403 1.12406499 0.004785
3.145239 1.02090462 0.006797
3.162456 1.02275962 0.007703
3.165864 1.02218814 0.006749
3.183689 1.01397751 0.004734
3.190018 1.01537440 0.005298
3.200128 1.02986815 0.006580
3.226817 1.01812628 0.004677
3.239833 1.02364848 0.003832
3.282426 1.02241374 0.003513
3.291495 1.02887237 0.003081
3.304310 1.02605324 0.003033
3.339984 1.02261626 0.004239
3.351410 1.02121682 0.004878
3.353778 1.02529916 0.006537
3.368698 1.02655001 0.004166
3.372900 1.02592134 0.007438
3.401829 1.03045525 0.005565
3.466880 1.01525393 0.006426
3.492148 1.02297240 0.004569
3.553339 1.02036384 0.007221
3.565650 1.02481765 0.003959
3.572752 1.02114719 0.005926
3.580958 1.01825277 0.004661
3.656271 1.03009049 0.006635
3.667767 1.01768616 0.006893
3.671669 1.02333346 0.004739
3.672257 1.02938056 0.003952
3.678102 1.02074375 0.004171
3.706884 1.02391147 0.007598
3.707541 1.02664357 0.006676
3.717164 1.00379551 0.007104
3.736928 1.01426603 0.005806
3.766570 1.01912777 0.007962
3.781120 1.02696811 0.005498
3.822736 1.01841018 0.006330
3.831481 1.01774999 0.004288
3.854259 1.01356982 0.004314
3.877338 1.01333258 0.006880
3.950860 1.01649969 0.006052
3.961489 1.01748098 0.007466
3.963587 1.01332276 0.003970
3.999048 1.01655396 0.004170
4.001476 1.01787905 0.005938
4.003765 1.01912406 0.007541
4.015850 1.01683105 0.007471
4.020015 1.01886551 0.006981
4.081245 1.02095696 0.004407
4.094166 1.00801492 0.007183
4.103912 1.02362077 0.005910
4.108042 1.02481980 0.006645
4.142859 1.01394440 0.006973
4.213612 1.01568350 0.003914
4.227374 1.01168214 0.007088
4.237733 1.02094183 0.005992
4.239814 1.01922547 0.007738
4.283306 1.00955816 0.006973
4.283437 1.02355489 0.006166
4.288423 1.01629886 0.004202
4.304639 1.02005000 0.006657
4.339209 1.01764876 0.007226
4.339297 1.00901273 0.007810
4.351120 1.02583942 0.004100
4.357858 1.01266379 0.007573
4.359923 1.01195122 0.005904
4.371395 1.01463218 0.006101
4.371737 1.01869722 0.004089
4.437166 1.00933667 0.007334
4.449594 1.02566678 0.004879
4.452037 1.01765474 0.007759
4.454083 1.00697903 0.004329
4.458706 1.00792752 0.007045
4.468650 1.00604913 0.003245
4.473740 1.01304597 0.003389
4.474109 1.01385634 0.007452
4.479149 1.01211310 0.006460
4.519413 1.00893987 0.007215
4.551351 1.02085093 0.003320
4.568012 1.01332026 0.006007
4.589277 1.01546259 0.004123
4.599405 1.01786170 0.004714
4.617129 1.01055155 0.003325
4.622380 1.01657476 0.007926
4.633292 1.01686871 0.005661
4.647569 1.00789892 0.006121
4.660346 1.00949097 0.007954
4.663039 1.01051461 0.005202
4.664159 1.01462385 0.005356
4.672019 1.00873924 0.005925
4.687246 1.01680452 0.006726
4.737381 1.00828897 0.005880
4.760942 1.01246271 0.004261
4.771462 1.01310493 0.006612
4.782104 1.00453933 0.004139
4.803559 1.00725728 0.007862
4.804207 1.01080895 0.003266
4.804730 1.01588103 0.005762
4.815552 1.01220088 0.004794
4.833358 1.01303459 0.006326
4.842518 1.00559549 0.007368
4.885507 1.01624911 0.003787
4.896450 1.00580673 0.007021
4.898527 1.01162092 0.003781
4.910502 1.00856536 0.005970
4.927700 1.01083902 0.003469
4.947327 1.01197683 0.006506
4.954072 1.02092381 0.003365
4.981928 1.01801909 0.006330
5.004559 1.01188160 0.005400
5.009731 1.01753005 0.006036
5.013504 1.01190107 0.004171
5.018291 1.00765666 0.007020
5.030196 1.01051424 0.003051
5.042280 1.01390456 0.005694
5.075846 1.00300608 0.004485
5.149129 1.01127698 0.007199
5.227637 1.01010987 0.007758
5.267675 1.00454235 0.004877
5.273477 1.00928889 0.005121
5.354587 1.00398060 0.004427
5.367477 1.00641888 0.007928
5.389675 1.00432235 0.006025
5.431459 1.00224539 0.007733
5.465419 0.99901362 0.007586
5.468006 1.01098719 0.006135
5.493870 1.00307170 0.007828
5.513432 0.99956164 0.006798
5.544527 1.00969728 0.006678
5.545508 1.01008831 0.003432
5.606084 1.00789451 0.003864
5.607468 1.00448840 0.005844
5.645477 1.00026389 0.003676
5.667902 1.01039825 0.004076
5.691633 1.00315910 0.004008
5.694544 0.99874211 0.004291
5.696589 1.01040459 0.005867
5.700593 1.00330240 0.005511
5.707380 1.00125965 0.006399
5.728036 1.01116049 0.005967
5.736393 0.99397132 0.007824
5.750615 0.99361199 0.005218
5.759616 1.00736190 0.003839
5.795286 0.99272616 0.006779
5.807273 0.99890622 0.003092
5.833793 1.00370308 0.006863
5.841703 1.01036286 0.004767
5.847888 1.00607131 0.004880
5.853656 1.00193166 0.004623
5.858668 1.01032439 0.005322
5.875037 1.00736908 0.004245
5.938944 1.00418728 0.004766
5.962646 0.99554310 0.003511
6.051928 1.00691930 0.007543
6.063053 1.00222786 0.006679
6.118177 1.00017429 0.006704
6.120041 1.00201871 0.007953
6.123938 0.99442589 0.005443
6.147662 1.00971016 0.003503
6.154597 1.00177937 0.004419
6.160097 0.99919515 0.005515
6.162756 1.00752520 0.004739
6.174064 1.00136593 0.004182
6.180053 1.00635524 0.003232
6.217682 1.00449303 0.004295
6.222723 1.00967855 0.004423
6.252668 1.00725786 0.006679
6.278232 1.00765636 0.003007
6.294181 1.00478427 0.006370
6.302388 1.00483710 0.006808
6.309219 0.98899454 0.005467
6.313942 1.00594473 0.006052
6.361768 1.00295130 0.006557
6.367941 0.99952330 0.004311
6.377487 1.00312852 0.004295
6.401321 1.00434894 0.005278
6.416291 0.99764720 0.006271
6.425434 1.00276345 0.004603
6.431570 1.00022531 0.003345
6.435951 1.00410044 0.006614
6.475795 0.99382270 0.006001
6.509421 0.99545692 0.006472
6.511944 0.99247675 0.007415
6.515950 1.00424045 0.003810
6.520479 1.00459135 0.007268
6.542351 0.99847744 0.004785
6.546260 0.99606885 0.007392
6.567103 0.99466691 0.003050
6.596429 1.00952610 0.005015
6.692914 1.00225556 0.006584
6.695762 0.99274612 0.005601
6.732227 1.01050066 0.006259
6.755812 0.99464573 0.004315
6.791722 1.00028697 0.007716
6.815903 1.00717019 0.003837
6.848342 0.98877557 0.006452
6.861443 0.99850390 0.004319
6.877382 0.99420558 0.003189
6.892383 0.99949312 0.004594
6.899421 1.00264928 0.005160
6.923878 1.00411003 0.007238
6.973467 1.00522172 0.003092
7.015876 1.00694082 0.004336
7.023867 1.00109455 0.005724
7.051253 0.99240249 0.003404
7.057479 1.01047656 0.006472
7.072541 0.99600622 0.007092
7.076780 0.99712166 0.007328
7.092230 1.00487729 0.003005
7.103844 1.00570281 0.005772
7.137522 1.00617255 0.006314
7.142551 1.00060204 0.003906
7.202280 0.99921614 0.007167
7.214618 0.99933359 0.004265
7.258250 1.00021914 0.005597
7.291724 0.99863025 0.005332
7.292745 0.99996980 0.003327
7.293565 1.00056520 0.005335
7.296795 0.99279341 0.004805
7.314987 1.00967536 0.004244
7.326959 0.99523448 0.006327
7.339653 0.99456164 0.007126
7.344591 0.99645478 0.007842
7.357603 0.99787190 0.005273
7.367587 1.00319582 0.003059
7.379467 1.00917032 0.005527
7.379612 1.00302134 0.006127
7.385103 1.00037414 0.003839
7.447516 0.99956291 0.007277
7.505944 1.00541250 0.007985
7.603905 1.00416022 0.003131
7.631578 0.99701953 0.003104
7.647043 1.00120514 0.004826
7.668298 0.99804945 0.005048
7.669734 1.00189510 0.004086
7.692246 1.00140785 0.005808
7.773572 1.00381446 0.004612
7.785205 1.06092556 0.007761
7.816652 0.99470158 0.006061
7.817271 1.00004183 0.006709
7.824476 1.01083816 0.003234
7.840012 0.99262391 0.003595
7.850365 1.00073373 0.005244
7.854923 1.00139508 0.005890
7.872387 1.00058451 0.004399
7.872441 1.00108494 0.004783
7.880902 0.99958795 0.005776
7.893677 0.99353380 0.003289
7.905502 0.99348775 0.004013
7.916050 1.00377207 0.004441
7.926280 1.00839732 0.003076
7.939982 1.00494802 0.004097
7.979586 0.98993358 0.004955
7.992318 1.00741209 0.003034
8.047073 1.00102950 0.005953
8.053999 1.00832919 0.004489
8.063416 0.98904652 0.005684
8.071107 0.99864071 0.007468
8.075378 0.99747144 0.005431
8.076817 1.00332685 0.004609
8.084186 1.00467419 0.007113
8.094657 1.00468579 0.006670
8.103985 0.99404144 0.007456
8.110232 1.00323811 0.007468
8.111389 1.00013531 0.005044
8.118514 1.00227854 0.003640
8.119186 1.00724594 0.003041
8.150396 1.00562486 0.007270
8.193587 0.99789028 0.004206
8.240777 1.00720089 0.005885
8.281747 1.00183823 0.003308
8.310411 0.99449294 0.006947
8.327086 1.00343310 0.004054
8.336879 0.99839767 0.007858
8.375401 1.00341533 0.003747
8.390327 1.00415836 0.004329
8.394489 0.99379608 0.006515
8.397271 0.99513659 0.007836
8.441842 0.99592371 0.005805
8.442630 1.00334080 0.005430
8.462062 1.00298230 0.004242
8.469674 1.00780706 0.003937
8.481942 0.99401085 0.007800
8.504569 0.99717505 0.007371
8.539544 0.99497251 0.007683
8.556193 0.99995321 0.004936
8.572295 0.99874433 0.007851
8.616779 1.00834061 0.007673
8.626415 1.00903115 0.006265
8.630037 0.98473171 0.006995
8.631050 0.88531270 0.003827
8.638416 0.99207899 0.004404
8.669391 1.00292070 0.007895
8.671709 1.00020706 0.004938
8.673295 1.00923951 0.007133
8.697674 0.99349865 0.005399
8.701426 0.99789394 0.006139
8.718001 0.99641956 0.006410
8.768399 0.99016379 0.004386
8.790605 1.00013228 0.003778
8.801841 0.99142402 0.007337
8.835872 1.00125049 0.006016
8.848667 1.00065953 0.004991
8.852026 0.99612434 0.006600
8.903121 0.99715996 0.006860
8.912478 0.99897792 0.005472
8.925017 0.98740141 0.004838
9.003832 1.00108408 0.007803
9.013848 0.99848570 0.004901
9.024189 0.99729755 0.003468
9.046997 0.99616471 0.005974
9.065995 0.99941053 0.004043
9.066885 0.99875232 0.006890
9.072782 0.99402527 0.007224
9.106793 0.99660896 0.007077
9.123328 1.00059813 0.005624
9.134094 1.00835274 0.006198
9.155452 0.99144777 0.007975
9.170770 0.99492982 0.004024
9.176304 0.99605511 0.007757
9.180786 0.98925027 0.003104
9.182163 0.99882265 0.005346
9.212537 0.96750755 0.003834
9.224647 1.00123055 0.006136
9.261796 0.99729596 0.007420
9.300929 1.00135629 0.007729
9.322015 0.99420895 0.006348
9.335968 1.00199376 0.007868
9.354754 0.99893957 0.004818
9.382718 0.98588848 0.007448
9.389822 0.99369661 0.003039
9.398986 0.99104360 0.006316
9.403385 0.98630065 0.006350
9.445393 1.00477712 0.006236
9.503369 0.99456660 0.007409
9.511739 0.99948684 0.006903
9.533679 1.00270660 0.005732
9.535676 0.99725524 0.003378
9.564437 1.00015017 0.006251
9.612852 0.95720291 0.004418
9.639034 0.98445768 0.006056
9.643707 1.00042009 0.003297
9.653170 0.99199087 0.004872
9.667990 0.99421654 0.003687
9.682737 0.99205879 0.007375
9.687807 0.99388101 0.006870
9.710397 0.99407492 0.005533
9.756632 0.99116712 0.006843
9.817866 0.99153152 0.005071
9.827022 0.99809336 0.006737
9.903277 0.99834028 0.007659
9.976338 0.99862737 0.003411
10.014139 0.99360432 0.007246
10.021219 0.98399196 0.005914
10.024225 0.99779225 0.005885
10.069944 0.99118600 0.004175
10.082966 0.99512741 0.006660
10.101104 0.99847690 0.003245
10.118581 0.98553144 0.007246
10.124731 0.99260044 0.004717
10.169784 0.99106687 0.004994
10.171560 0.99413568 0.005070
10.191439 0.99405648 0.007690
10.197011 0.99839039 0.005744
10.208978 0.98963171 0.007184
10.217107 1.00128277 0.005261
10.234193 0.99669752 0.004307
10.258667 0.98525039 0.004889
10.259584 0.98549888 0.005796
10.268652 0.98514754 0.005105
10.291522 0.99050255 0.005810
10.311378 0.98997501 0.004746
10.339887 0.99180731 0.007597
10.344646 0.99497990 0.004994
10.386992 1.01832619 0.007596
10.396894 0.99596360 0.003157
10.399379 0.99154847 0.003170
10.423446 0.98948233 0.006308
10.438526 0.99655573 0.006304
10.467979 0.98927737 0.005886
10.513229 0.99344026 0.007612
10.529879 0.99023576 0.005658
10.552500 0.99538582 0.003270
10.604133 0.99273698 0.006743
10.619362 0.98490158 0.005216
10.624464 0.98424988 0.006752
10.631092 0.97858193 0.003935
10.636675 0.98489489 0.007334
10.669904 0.99373576 0.006699
10.670796 0.98892945 0.006144
10.675444 0.98857485 0.004031
10.713170 0.97727657 0.003166
10.729433 0.97879513 0.005866
10.743634 0.98276106 0.004951
10.796889 0.98526952 0.003466
10.797207 0.98531807 0.005897
10.813603 0.98256799 0.004900
10.840999 0.99297896 0.004218
10.886262 0.98688422 0.003380
10.893068 0.98898838 0.004010
10.893584 0.98417153 0.003891
10.903710 0.97984961 0.004036
10.913851 0.97925056 0.003392
10.917408 0.98275972 0.007133
10.922182 0.97950581 0.005068
10.928981 0.98023696 0.005027
10.937340 0.98852427 0.004036
10.951805 0.98508882 0.005308
11.007554 0.97928515 0.006904
11.039050 0.98872105 0.007746
11.047385 0.97989952 0.007226
11.049717 0.98377993 0.003815
11.061713 0.97079230 0.006757
11.070171 0.98971383 0.003777
11.113938 0.99172052 0.007985
11.130868 0.98526812 0.004834
11.164143 0.98668889 0.006214
11.192716 0.97311415 0.003031
11.217911 0.97858361 0.003611
11.229408 0.97687698 0.006741
11.233006 0.98314268 0.004747
11.239636 0.97542445 0.006315
11.258925 0.97185685 0.003602
11.260291 0.98604328 0.005519
11.302264 0.97827143 0.005807
11.307111 0.97324362 0.003223
11.313346 0.96940727 0.003479
11.325675 0.97751010 0.007472
11.335319 0.97585903 0.006867
11.349931 0.98430226 0.006842
11.349934 0.98171281 0.006889
11.352707 0.99131428 0.006321
11.361773 0.99008467 0.007090
11.369371 0.97986611 0.004884
11.383916 0.98502358 0.003595
11.464046 0.98089126 0.004719
11.500037 0.97524632 0.005957
11.503101 0.98647401 0.005188
11.528793 0.97914470 0.004911
11.554574 0.97410814 0.003018
11.570239 0.97936064 0.007466
11.607540 0.98062199 0.004649
11.624724 0.97630964 0.004675
11.652243 0.97214552 0.007487
11.677841 0.97434216 0.003123
11.691925 0.96902312 0.007098
11.714520 0.98191070 0.003165
11.714813 0.98009812 0.005949
11.771943 0.98228477 0.003768
11.793089 0.97526678 0.003163
11.840575 0.98616881 0.007200
11.841869 0.97228740 0.003437
11.842623 0.98938060 0.005038
11.945166 0.96713682 0.007369
11.958512 0.97829750 0.003489
11.967728 0.96955016 0.007010
11.968038 0.97445438 0.004730
11.976358 0.97787630 0.004322
11.986370 0.97468707 0.006434
12.010168 0.97392036 0.003985
12.027089 0.97622064 0.003570
12.055021 0.97142700 0.004214
12.069280 0.97137740 0.005463
12.069650 0.97541554 0.004100
12.072031 0.98032518 0.006407
12.116865 0.98290828 0.007671
12.146358 0.96310449 0.004553
12.156005 0.97076021 0.007307
12.171925 0.97883950 0.003240
12.181806 0.97641902 0.006137
12.183144 0.96789156 0.005403
12.188178 0.97199451 0.004950
12.202717 0.93789181 0.004333
12.216050 0.97426302 0.004523
12.266337 0.97790710 0.004616
12.268242 0.98161473 0.007748
12.285897 0.97292963 0.003514
12.299654 0.98179155 0.003436
12.347387 0.98025357 0.006693
12.401977 0.97513431 0.005965
12.404890 0.97809658 0.007553
12.425830 0.96832407 0.003037
12.445870 0.96875999 0.006273
12.447180 0.97048137 0.006179
12.514949 0.97268716 0.003843
12.515031 0.96702149 0.006260
12.515996 1.00232661 0.004236
12.523085 0.97034433 0.005286
12.525994 0.97221556 0.004755
12.535988 0.97065049 0.005610
12.539222 0.97747409 0.003545
12.545902 0.98069660 0.005558
12.548650 0.98055124 0.005308
12.557475 0.97451412 0.005528
12.598178 0.97275409 0.004491
12.610942 0.97697192 0.004850
12.646975 0.98536775 0.003012
12.658471 0.97045638 0.004620
12.659972 0.96861206 0.007401
12.690171 0.97744276 0.005227
12.710131 0.97720901 0.004307
12.729520 0.96777366 0.007379
12.771120 0.98264498 0.003224
12.821011 0.97351949 0.007622
12.878003 0.98000918 0.004618
12.879589 0.98008470 0.003864
12.880334 0.95747067 0.004978
12.905020 0.97513132 0.006568
12.910207 0.96956817 0.006737
12.912411 0.97451749 0.003676
12.935554 0.98000416 0.004191
12.956630 0.98171649 0.003814
12.976254 0.97833050 0.005000
12.990719 0.97612599 0.003960
13.007450 0.98440381 0.005440
13.026000 0.97787870 0.004367
13.033924 0.97726376 0.003243
13.079476 0.97814901 0.004110
13.114550 0.97648304 0.003252
13.126329 0.98086260 0.003487
13.147463 0.97875225 0.007130
13.148402 0.97449555 0.006851
13.158085 0.97997897 0.004661
13.172845 0.97330314 0.006003
13.178211 0.98503474 0.005666
13.191063 0.97511056 0.006703
13.196356 0.97489710 0.003377
13.226662 0.98096486 0.006438
13.289207 0.97897030 0.005935
13.299399 0.98168102 0.003910
13.306776 0.98094526 0.007183
13.321512 0.97044957 0.007025
13.323476 0.97413812 0.007298
13.352840 0.98654172 0.004332
13.373871 0.97222124 0.005826
13.375015 0.97594465 0.004676
13.389683 0.96833891 0.006929
13.390477 0.98118458 0.007012
13.413571 0.97417905 0.006986
13.443044 0.98674218 0.006772
13.483953 0.97996267 0.006869
13.493725 0.97518274 0.003224
13.514633 0.97967182 0.003229
13.542757 0.97975123 0.005972
13.567127 0.97469808 0.007401
13.571976 0.96763602 0.005950
13.591804 0.97574829 0.005718
13.603939 0.96891910 0.004335
13.610323 0.97750467 0.006983
13.689673 0.97916017 0.006094
13.715165 0.98431844 0.003532
13.726346 0.97255405 0.006946
13.751716 0.98868856 0.006072
13.766303 0.98193825 0.007781
13.807518 0.97822548 0.006684
13.835257 0.97881711 0.005613
13.858953 0.97918037 0.006458
13.871846 0.98442611 0.007251
13.873052 0.98253838 0.003760
13.892845 0.98516500 0.005305
13.895252 0.98625184 0.003656
13.928806 0.97532886 0.007506
13.975423 0.98183212 0.007706
13.990874 0.97382226 0.006877
14.044931 0.98316393 0.005070
14.048218 0.99184131 0.006395
14.056585 0.98590044 0.004879
14.082928 0.98163314 0.007859
14.095363 0.98529903 0.006586
14.133673 0.98120279 0.006303
14.136750 0.97883809 0.006399
14.148992 1.02452767 0.004351
14.162854 0.98563423 0.006446
14.164016 0.98669916 0.003231
14.179783 0.98186252 0.003571
14.187315 0.96751908 0.004797
14.190856 0.97815179 0.004306
14.210736 0.98581647 0.004778
14.215198 0.98661761 0.004440
14.218966 0.98718694 0.003965
14.237285 0.98501746 0.004143
14.237380 0.98291262 0.003245
14.263721 0.99045281 0.007832
14.288829 0.98039876 0.004962
14.294439 0.98497035 0.004008
14.303252 0.98895187 0.006246
14.317605 0.98680519 0.006795
14.373180 0.97983565 0.006609
14.383234 0.97497252 0.003172
14.386158 0.97812608 0.007452
14.400975 0.99117228 0.003916
14.425401 0.98881305 0.005052
14.438737 0.98466006 0.007604
14.447508 0.99491216 0.005715
14.460347 0.98682235 0.003245
14.464448 0.98519209 0.004266
14.531940 0.99000794 0.007541
14.539421 0.98686965 0.003082
14.541520 0.98978429 0.005164
14.543449 0.98037801 0.003789
14.543740 0.99846841 0.005854
14.553215 0.99465552 0.007266
14.579014 0.99032432 0.004721
14.581853 0.98885139 0.007404
14.628577 0.98479430 0.006332
14.630046 0.99241684 0.006876
14.643553 0.98795521 0.007616
14.646855 0.98580077 0.004402
14.691469 0.99703856 0.005774
14.727107 0.98841096 0.006931
14.768761 0.93369623 0.006665
14.805368 1.00122905 0.003671
14.876611 0.98987970 0.006240
14.892230 0.99255779 0.003063
14.900636 0.99077695 0.005782
14.906498 0.98603033 0.007214
14.912658 0.99902644 0.003277
14.940056 0.99769565 0.006675
14.951106 0.98597928 0.005885
14.980690 1.00271488 0.006806
14.989325 0.99334428 0.004994
14.992619 0.99969275 0.005823
15.001617 0.99408757 0.005748
15.016602 1.00237087 0.007658
15.031367 1.00632086 0.007917
15.104036 0.99976893 0.003282
15.111469 1.00125994 0.003674
15.113373 0.99139607 0.004834
15.124501 0.99469893 0.006890
15.135778 0.98951310 0.007701
15.146170 1.00339315 0.006233
15.196064 0.99864885 0.003195
15.261088 1.00730557 0.006473
15.273113 1.00460148 0.005262
15.317952 0.99918697 0.003643
15.325011 0.99718853 0.003393
15.330729 0.99546108 0.007244
15.430790 0.99999525 0.007253
15.473726 1.00138496 0.007869
15.498459 0.99852559 0.006945
15.633383 1.00579996 0.007617
15.640507 1.01054192 0.003287
15.645626 1.00528820 0.004973
15.682379 1.00876975 0.003231
15.707726 0.99553828 0.007344
15.718209 1.00437195 0.006477
15.723565 1.00011130 0.004546
15.744242 1.00388855 0.003493
15.746984 1.00839980 0.007100
15.749985 1.00218078 0.007385
15.775117 1.00251289 0.007411
15.813408 1.01001240 0.007004
15.831460 1.00401007 0.006228
15.852848 1.00782574 0.006187
15.900020 1.00640030 0.004504
15.911264 1.00139528 0.006839
15.937084 1.00313339 0.003332
15.952850 1.01686517 0.006889
15.958723 1.01169334 0.005775
15.977620 1.00288354 0.005251
16.000978 1.01657367 0.003987
16.060561 1.00834417 0.004394
16.076103 1.01739962 0.003174
16.079746 1.01620316 0.003875
16.124616 1.01762530 0.004199
16.151416 1.00828859 0.006927
16.204038 1.01723985 0.005622
16.231060 1.01303007 0.007054
16.235244 1.01607906 0.004330
16.257320 1.02122508 0.007358
16.269858 1.01699724 0.004882
16.298180 1.01451355 0.004560
16.358158 1.01527673 0.005872
16.412257 1.01734694 0.006125
16.420354 1.01537282 0.003396
16.433569 1.02246443 0.007731
16.454069 1.00945180 0.004231
16.488889 1.01705397 0.004585
16.551540 1.01808608 0.004615
16.610528 1.02108510 0.004185
16.615227 1.02168479 0.005087
16.665622 1.01277234 0.007333
16.675241 1.02221816 0.006089
16.709371 1.02217119 0.007047
16.735109 1.02130386 0.006063
16.762400 1.01600277 0.004861
16.772965 1.01334631 0.003935
16.774382 1.02083068 0.003891
16.800416 1.01466879 0.005833
16.802663 1.03284903 0.006870
16.818986 1.02510083 0.005866
16.820789 1.02738513 0.005002
16.833779 1.02758921 0.007943
16.841148 1.02402093 0.007469
16.853807 1.02939009 0.004938
16.963977 1.01227962 0.003928
16.983711 1.02836760 0.004861
16.985164 1.02379768 0.004485
17.004387 1.02852005 0.006460
17.009867 1.01290425 0.006392
17.020287 1.03020778 0.007236
17.038834 1.01565061 0.004628
17.062128 1.02095648 0.007580
17.095034 1.01999665 0.005910
17.098283 1.02573635 0.003211
17.134151 1.02346750 0.004413
17.154007 1.02136953 0.004901
17.157170 1.02851281 0.006914
17.194094 1.02485275 0.006701
17.223891 1.01961921 0.006732
17.227518 1.02632363 0.005576
17.250313 1.02486263 0.003266
17.299501 1.02199809 0.004523
17.320390 1.02061920 0.003074
17.336675 1.01779786 0.004002
17.347232 1.02287491 0.003338
17.355601 1.02819373 0.006187
17.357079 1.01684399 0.006143
17.397200 1.02971064 0.005053
17.400865 1.02377703 0.004710
17.443388 1.01132220 0.004816
17.450571 1.03334488 0.003502
17.485695 1.02682976 0.007322
17.562723 1.02665727 0.004836
17.565384 1.11215147 0.005884
17.570513 1.01982557 0.007516
17.571998 1.02997539 0.005698
17.585300 1.02459748 0.007786
17.586374 1.01765851 0.003290
17.616647 1.03412047 0.006139
17.628526 1.03295625 0.004906
17.653902 1.02841275 0.007688
17.658279 1.01836431 0.005300
17.667539 1.02950024 0.006501
17.712038 1.02872686 0.007491
17.712366 1.02715923 0.005114
17.734450 1.02830220 0.005464
17.734679 1.02445489 0.006746
17.746556 1.02588399 0.003135
17.759376 1.02343347 0.007403
17.769968 1.03088329 0.003181
17.812953 1.02942530 0.005506
17.829086 1.03195646 0.006142
17.836500 1.02719533 0.007177
17.840273 1.03071578 0.007037
17.841987 1.02025892 0.005863
17.853918 1.02525923 0.003228
17.867053 1.02979097 0.007936
17.872830 1.02603856 0.003134
17.894595 1.02164726 0.004507
17.931549 1.02175521 0.006957
17.936208 1.02610467 0.006343
17.953243 1.02588134 0.003248
17.954433 1.02202233 0.007029
17.957028 1.02360260 0.006800
17.970466 1.02071595 0.004721
17.972313 1.03265531 0.007811
17.976226 1.01979524 0.006604
17.981985 1.03469486 0.006376
17.987329 1.03443611 0.007310
18.026147 1.01595252 0.004294
18.026226 1.03295846 0.003430
18.029871 1.01205380 0.005244
18.040138 1.02011053 0.003672
18.042280 1.01712600 0.004493
18.056208 1.01635720 0.005490
18.071513 1.03020314 0.005134
18.078745 1.02897229 0.005161
18.081289 1.02378802 0.005663
18.118049 1.02722063 0.003633
18.156986 1.02903012 0.005955
18.166501 1.03043196 0.006558
18.175711 1.01869132 0.007098
18.180663 1.02417527 0.007020
18.218065 1.02629689 0.007880
18.220244 1.02279612 0.007511
18.234451 1.02949874 0.004467
18.254495 1.02674472 0.006276
18.271147 1.04170388 0.004663
18.286872 1.03587230 0.004931
18.309416 1.01592456 0.006389
18.316206 1.02515042 0.006718
18.326701 1.02693858 0.007570
18.330499 1.02747365 0.003958
18.354702 1.03084689 0.005412
18.403013 1.02829185 0.005163
18.422992 1.02950422 0.006382
18.467379 1.03459894 0.006596
18.506058 1.02386726 0.004709
18.542352 1.02866797 0.003044
18.578712 1.03092137 0.003241
18.588564 1.02536371 0.004552
18.591076 1.02493399 0.005930
18.610712 1.02145329 0.005862
18.652969 1.03169115 0.006544
18.698344 1.02585057 0.003140
18.732736 1.01850509 0.003455
18.733037 1.02882860 0.005120
18.742218 1.01720394 0.006586
18.800488 1.02221877 0.005152
18.808289 1.03091782 0.004005
18.855885 1.02150132 0.006371
18.867379 1.01458808 0.007488
18.909969 1.02293246 0.005890
18.929977 1.02843477 0.006073
18.940474 1.01441513 0.003998
19.003223 1.01667910 0.006180
19.009980 1.02147624 0.003041
19.035130 1.02833728 0.003226
19.084297 1.01389516 0.007452
19.090965 1.01938184 0.006132
19.189661 1.02244894 0.006337
19.196496 1.02218596 0.006697
19.199827 1.02195125 0.006949
19.202898 1.08441596 0.007638
19.223398 1.01961483 0.003875
19.305697 1.02167494 0.006464
19.306894 1.00987790 0.006895
19.347619 1.01763897 0.004908
19.347798 1.02484502 0.006817
19.366516 1.02281832 0.005319
19.391199 1.01490828 0.003265
19.409522 1.00701410 0.004051
19.414798 1.00952551 0.003888
19.417036 1.01240390 0.005061
19.504358 1.00529705 0.007199
19.516576 1.01876521 0.003616
19.541272 1.01204200 0.006456
19.559361 1.01555319 0.005239
19.560206 1.02085267 0.006251
19.576739 1.02117109 0.004440
19.594687 1.01347336 0.006633
19.610278 1.01562180 0.004655
19.617343 1.01992996 0.004635
19.672730 1.01026595 0.007187
19.682951 1.01285559 0.007607
19.686966 1.01668500 0.005644
19.695455 1.01330108 0.004795
19.744812 1.01328947 0.004186
19.759150 1.01159304 0.005256
19.770550 1.01915156 0.004733
19.791735 1.01418461 0.004768
19.805517 1.01155104 0.004111
19.824033 1.01597508 0.003980
19.883062 1.01611543 0.003907
19.898142 1.01986388 0.005319
19.917039 1.01638927 0.007168
19.953190 1.00767344 0.003424
20.004255 1.00882153 0.005870
20.031356 1.00846548 0.006865
20.155103 1.00387096 0.003503
20.171302 1.00921568 0.004654
20.217110 1.01308756 0.007256
20.241488 1.01220762 0.005642
20.248901 1.01844346 0.003875
20.267808 1.00748791 0.007316
20.268696 1.01550611 0.006939
20.270589 1.01302755 0.007612
20.281885 1.01317492 0.005182
20.305531 1.00995448 0.004866
20.317687 1.01131281 0.005866
20.321941 1.00706459 0.004050
20.419382 1.00059267 0.005844
20.422149 1.01071182 0.007120
20.422528 1.00485707 0.006326
20.448151 1.01245214 0.004577
20.485030 1.01725054 0.004208
20.485731 1.00864526 0.004889
20.499842 1.01764658 0.003290
20.563672 1.00834822 0.006603
20.567135 1.00993798 0.004929
20.573516 1.01301534 0.007471
20.576791 1.00344993 0.007885
20.579063 1.00221297 0.004647
20.624132 1.01079893 0.003441
20.627165 1.00829009 0.006429
20.627548 1.01043216 0.003895
20.644998 1.00522939 0.007833
20.688586 1.01558659 0.006596
20.709183 1.00548959 0.007006
20.715847 1.01043171 0.006345
20.737139 0.99985794 0.005587
20.745716 1.00781445 0.005316
20.793200 1.01079590 0.006016
20.803620 1.01085518 0.005749
20.845508 1.00680484 0.004488
20.846195 1.00704712 0.006925
20.850335 1.00975581 0.003299
20.859539 1.00814216 0.007388
20.873419 1.00682757 0.006099
20.888651 1.00593790 0.005715
20.905581 1.00627643 0.007722
20.906553 1.00043540 0.006315
20.926158 1.00252699 0.007307
20.943275 1.01238152 0.007410
20.957456 1.00359847 0.007655
20.983976 1.00151334 0.005965
21.008934 1.00203802 0.007415
21.025300 1.01001460 0.005617
21.088951 1.00030038 0.006225
21.120246 1.00402655 0.007671
21.121102 0.99930606 0.007154
21.129717 1.00656965 0.005500
21.130738 0.99721382 0.007362
21.138564 1.00018295 0.006936
21.142339 0.99638731 0.006291
21.151606 0.99840449 0.007213
21.178382 0.99876240 0.006806
21.200226 1.00241046 0.003752
21.205148 1.00224015 0.004755
21.291190 0.99677150 0.004175
21.297213 1.00681996 0.006811
21.299610 1.00474081 0.006373
21.395186 1.00279700 0.006101
21.395199 0.99706045 0.005659
21.417213 0.99249085 0.005574
21.463917 1.00293977 0.004660
21.477623 0.99675012 0.003174
21.493206 0.99776470 0.007546
21.510831 1.00540372 0.003531
21.538818 1.00650638 0.006440
21.643996 1.00198106 0.004851
21.683811 1.00100158 0.003182
21.686524 0.99787293 0.005192
21.698026 0.99656404 0.003102
21.709777 0.99834763 0.006860
21.732774 0.99630878 0.005501
21.761048 1.00677718 0.007707
21.793093 0.99541174 0.006813
21.809516 1.00721540 0.006719
21.813655 1.01004843 0.006610
21.814741 0.99144444 0.006039
21.826276 0.99527253 0.004571
21.871152 0.99853459 0.005566
21.898780 0.99380604 0.005893
21.913790 0.99302571 0.007299
21.942337 0.99713872 0.005450
21.957390 1.00628916 0.003580
21.970488 1.00578662 0.007124
21.975308 0.99903125 0.005146
22.024694 1.00091219 0.006688
22.038716 1.00275729 0.003365
22.093730 1.00311683 0.003668
22.163145 0.99741006 0.005260
22.182801 1.01083971 0.006484
22.204936 1.00655158 0.004184
22.213495 1.00000062 0.004175
22.235945 0.99756924 0.003506
22.261138 1.00740770 0.007969
22.263544 1.00085299 0.007870
22.275069 1.00313584 0.005970
22.281165 1.00554143 0.004685
22.337788 1.00177036 0.004543
22.419527 1.00028626 0.003632
22.431185 0.99886802 0.007103
22.449157 1.00272812 0.006094
22.570026 0.99501701 0.006959
22.587686 0.99478770 0.003721
22.621640 1.00762865 0.003209
22.642685 1.00093091 0.004800
22.706157 1.00488534 0.007040
22.713544 0.99582447 0.003050
22.734774 0.99886984 0.003367
22.771628 1.00666027 0.003804
22.790808 0.99131412 0.003684
22.798542 1.00107432 0.007668
22.825257 1.00035364 0.003225
22.835972 1.00503634 0.004975
22.904219 0.99676762 0.003859
22.937275 0.99650262 0.004903
22.981692 0.99429864 0.004550
22.996621 1.00236722 0.005910
23.005141 1.01376092 0.004075
23.020741 0.99710005 0.006549
23.023508 0.99670728 0.004895
23.048444 1.00141092 0.003358
23.088031 1.00754138 0.007337
23.092309 1.00487398 0.006913
23.093587 1.00218151 0.007183
23.118707 1.00331662 0.004739
23.138410 0.98720127 0.006323
23.168500 1.00247433 0.004082
23.181859 0.99577146 0.007440
23.213497 0.99266029 0.004243
23.225965 1.00392728 0.005535
23.260732 1.00399909 0.005287
23.280826 0.99603615 0.003259
23.282556 1.00033352 0.004294
23.321671 1.00456338 0.005130
23.379349 0.99946980 0.007738
23.387158 0.99701816 0.005275
23.389747 1.00270467 0.004152
23.405635 0.99478243 0.005867
23.420914 1.00522531 0.004105
23.495291 1.00147812 0.003322
23.508374 1.00063312 0.004628
23.508770 0.99781570 0.007881
23.522455 1.00076979 0.005428
23.523654 0.98830827 0.003317
23.526480 0.99773290 0.006183
23.546071 0.99466163 0.006091
23.550510 0.99625654 0.007585
23.556516 1.00076369 0.005122
23.562788 0.99781409 0.007613
23.564218 0.99429331 0.006818
23.600356 1.00040443 0.004859
23.617848 0.99717928 0.005539
23.654335 0.99195250 0.005778
23.718121 1.00429864 0.003622
23.723218 0.99706746 0.005477
23.768105 1.00035906 0.007658
23.772106 1.01117814 0.007541
23.792850 1.00073811 0.005414
23.812570 1.00502021 0.006624
23.848312 0.99068090 0.007879
23.884624 0.99949208 0.003942
23.910068 1.00534745 0.005682
23.919288 0.99400597 0.004897
23.926012 0.99523611 0.004516
23.928787 0.99383063 0.004541
24.058220 0.93203776 0.006636
24.122538 1.00062342 0.003110
24.125972 0.99455020 0.007949
24.140575 0.99964061 0.003178
24.147089 1.00252126 0.007648
24.159978 0.99128510 0.004749
24.179919 1.00212840 0.007022
24.199432 0.99960883 0.003241
24.259754 0.99868374 0.007111
24.276461 0.99310118 0.007654
24.280997 1.00971154 0.006556
24.291384 0.99262167 0.006105
24.350167 0.99448195 0.007109
24.367746 1.00597019 0.005268
24.373517 0.98671347 0.003486
24.402839 1.00760289 0.007436
24.411633 1.00020241 0.004164
24.428052 1.00598483 0.006229
24.458814 0.99242076 0.003640
24.466250 1.00011061 0.006364
24.484341 0.99033210 0.007027
24.505795 1.00624985 0.004993
24.526037 0.99953175 0.004444
24.548376 0.99884501 0.005068
24.608363 0.99474221 0.003326
24.618026 0.99933146 0.005015
24.639966 0.99902867 0.004263
24.648535 0.99919175 0.007403
24.658407 0.99538292 0.005724
24.658948 0.99223936 0.003694
24.663311 0.99399281 0.006497
24.674093 0.99190334 0.003587
24.693497 0.99374869 0.006247
24.715570 0.99611556 0.005870
24.735343 0.99378778 0.004065
24.752691 0.98644073 0.007152
24.767372 0.91422069 0.005347
24.772208 0.99643556 0.007941
24.773930 0.99716494 0.006270
24.794732 1.00023445 0.003284
24.832529 1.00301992 0.005591
24.837850 0.99597456 0.007241
24.858620 1.00222601 0.005058
24.860446 0.99912420 0.004788
24.874013 0.99566497 0.005585
24.879966 1.00736942 0.007835
24.881533 0.98759303 0.004345
24.941122 0.99444325 0.006477
24.942067 1.00232237 0.003528
24.944844 1.00389084 0.003511
24.975916 0.93356950 0.005640
24.988909 1.00077769 0.005927
24.992319 0.99540612 0.004670
24.995539 0.99918203 0.007601
24.998850 0.99537075 0.007025
25.008443 0.99093214 0.006116
25.056054 0.99098576 0.004872
25.088870 0.99249940 0.004088
25.102961 0.99086393 0.004842
25.115732 0.99232176 0.006683
25.125834 0.98865451 0.004372
25.200648 0.99375157 0.007825
25.221610 0.99780126 0.004844
25.234194 0.99094522 0.003562
25.282149 0.99637756 0.005428
25.290149 1.00228349 0.006832
25.297808 0.98454687 0.005051
25.313599 0.99197476 0.005296
25.318225 0.99856864 0.004519
25.410275 0.98078898 0.006100
25.470403 0.99428645 0.006386
25.486016 0.99222558 0.007885
25.510086 0.98436421 0.007103
25.514276 0.98679399 0.006028
25.528217 0.98418971 0.007823
25.542385 0.98400678 0.005552
25.564270 0.99112250 0.007582
25.573414 0.98941087 0.003529
25.614406 0.99058831 0.003654
25.616981 0.99531119 0.003547
25.661452 0.98125368 0.007364
25.664542 0.99181716 0.003328
25.699788 0.98781743 0.006228
25.736257 0.99180032 0.005531
25.748507 0.99367710 0.005684
25.755469 0.98922648 0.007466
25.795610 0.98509391 0.006374
25.820523 0.98716313 0.005520
25.884296 0.98938618 0.007338
25.928314 0.98502501 0.006993
25.933571 0.98705741 0.007759
25.954374 0.98457952 0.004465
25.974406 0.98800806 0.007019
25.987135 0.98710939 0.006104
26.031659 0.98754810 0.003215
26.047672 0.98791171 0.004113
26.081102 0.98657696 0.003373
26.088915 0.99286027 0.006904
26.094501 0.98777156 0.004915
26.105321 0.98870127 0.007190
26.112649 0.98377840 0.004080
26.138453 0.98272434 0.006510
26.162656 0.98985188 0.003691
26.166250 0.98027058 0.003871
26.183802 0.97591382 0.004744
26.207113 0.90879780 0.006118
26.208004 0.99595601 0.006182
26.221521 0.98238362 0.006212
26.223298 0.99014729 0.003584
26.227346 0.97718729 0.004679
26.248998 0.99154279 0.005783
26.250652 0.98609846 0.004420
26.268441 0.98968060 0.005163
26.294464 0.98074472 0.007052
26.312316 0.98518858 0.004685
26.338640 0.98902860 0.007303
26.398108 0.98143445 0.005781
26.399096 0.98465709 0.006615
26.452968 0.98359026 0.005157
26.460949 0.98111511 0.007664
26.480389 0.98115751 0.004885
26.498648 0.98625896 0.005879
26.502882 0.98043188 0.006032
26.527621 0.98236049 0.006757
26.552417 1.00373571 0.006828
26.586769 0.98360945 0.004845
26.606856 0.98093570 0.006975
26.609876 0.98622662 0.006622
26.674099 0.97996636 0.003800
26.719935 0.97739653 0.006862
26.721253 0.98413051 0.003780
26.722425 0.97781901 0.005997
26.817483 0.97313343 0.003302
26.845185 0.97847626 0.003134
26.845388 0.96756715 0.007371
26.865696 0.98447111 0.007457
26.947763 0.97396271 0.004775
26.962022 0.98536893 0.006339
26.998825 0.97914336 0.004394
26.998848 0.98014638 0.004011
27.012000 0.97956470 0.003231
27.014465 0.97192181 0.003957
27.052406 0.97822192 0.007779
27.149405 0.98025355 0.004477
27.163401 0.97496417 0.006079
27.184469 0.97627346 0.007735
27.189613 0.97345736 0.007094
27.195470 0.97871092 0.006976
27.230940 0.97456816 0.007415
27.286598 0.98062806 0.005302
27.298292 0.98168222 0.004566
27.304698 0.96914052 0.007477
27.308516 0.97546402 0.003446
27.332648 0.97542866 0.006139
27.378178 0.97771343 0.006289
27.378398 0.97052441 0.006954
27.382905 0.99088860 0.004088
27.545243 0.98203820 0.004578
27.567510 0.97852952 0.007121
27.573911 0.98023424 0.005929
27.620185 0.97440287 0.007666
27.641901 0.97313931 0.004991
27.667790 0.97431919 0.006430
27.667826 0.96978677 0.006031
27.710205 0.97956442 0.006337
27.710297 0.97310830 0.007859
27.738000 0.96869702 0.007528
27.744186 0.97181120 0.003262
27.748316 0.97174344 0.005494
27.790804 0.97285855 0.007067
27.810362 0.98072240 0.007935
27.811606 0.96717479 0.003316
27.824225 0.96854930 0.006847
27.837022 0.98360963 0.007217
27.857665 0.96828841 0.004094
27.864752 0.97667780 0.004970
27.870199 0.97834989 0.003842
27.877199 0.97171424 0.004408
27.882478 0.97159696 0.003304
27.903668 0.97004887 0.007892
27.937273 0.97094116 0.005011
27.956471 0.97244083 0.006513
27.970287 0.96921521 0.005328
28.071581 0.97706777 0.004203
28.117044 0.97630776 0.003027
28.120713 0.97749577 0.004603
28.149892 0.96742374 0.005952
28.150527 0.97974847 0.007293
28.156259 0.97544650 0.004671
28.183120 0.97407489 0.005277
28.194178 0.97088491 0.003909
28.217003 0.97493582 0.007249
28.232114 0.97693998 0.006952
28.233516 0.97231629 0.006629
28.240692 0.97625863 0.006668
28.244829 0.97880758 0.004956
28.255162 0.97779273 0.006658
28.264430 0.97184565 0.004274
28.267480 0.97167632 0.007882
28.289061 0.97438173 0.006473
28.326982 0.98060964 0.007660
28.339936 0.97715919 0.007388
28.345870 0.97211140 0.003849
28.348841 0.96632121 0.006901
28.354177 0.97109965 0.006225
28.374735 0.96874444 0.003707
28.392815 0.97725196 0.003401
28.455437 0.97691020 0.006809
28.459406 0.97456698 0.005162
28.472625 0.98220676 0.007798
28.486123 0.98293575 0.004747
28.487138 0.97183782 0.004434
28.538916 0.97769711 0.006392
28.548022 0.97469781 0.006590
28.552060 0.97480076 0.003606
28.560496 0.97465847 0.004687
28.589236 0.96562463 0.007099
28.647344 0.97454850 0.004604
28.663205 0.98213765 0.004476
28.674690 0.97256925 0.007080
28.684941 0.97704373 0.006951
28.743299 0.97780927 0.007384
28.749355 0.97755206 0.003564
28.812430 0.97052526 0.005417
28.868110 0.97397030 0.004028
28.899535 0.98181120 0.003687
28.911975 0.97378811 0.003751
28.927967 0.96956363 0.003244
28.931586 0.98182101 0.003146
28.932565 0.97810122 0.003120
28.934084 0.97964998 0.004623
28.936417 0.97889350 0.007308
28.955132 0.97771707 0.007200
28.971196 0.90310539 0.005273
28.993454 0.97799444 0.006514
29.070085 0.97805426 0.007658
29.105540 0.97871189 0.004253
29.159937 0.97807699 0.006289
29.161883 0.98857151 0.004872
29.171963 0.98038999 0.003364
29.183401 0.97592247 0.007874
29.255751 0.97535378 0.003572
29.278125 0.99107337 0.006651
29.280898 0.98342784 0.004587
29.313656 0.98880997 0.005547
29.327383 0.98260511 0.006557
29.335244 0.98316107 0.004179
29.376961 0.98322729 0.007940
29.460866 0.98609322 0.007095
29.464580 0.98178101 0.007507
29.477093 0.97311325 0.003318
29.485936 0.97764463 0.004032
29.500788 0.99550523 0.005832
29.519005 0.98972612 0.004647
29.519544 0.98387968 0.006554
29.522958 0.98865507 0.006304
29.544248 0.99089265 0.006564
29.547096 0.98498214 0.004937
29.548321 0.98927349 0.007758
29.639346 0.98682587 0.003907
29.658476 0.98284025 0.005810
29.661106 0.99076186 0.006694
29.732906 0.98848473 0.003083
29.770497 0.98609216 0.006393
29.813515 0.98267289 0.004417
29.823942 0.99135753 0.004388
29.858521 0.99219778 0.004593
29.882306 0.98505854 0.006244
29.896400 0.99194961 0.004594
29.910997 0.98205249 0.005892
29.921200 0.98578599 0.003429
29.947276 0.99623921 0.005664
29.952869 0.98561218 0.003316
29.966419 0.98940620 0.005082
30.000998 0.96356706 0.006850
30.004834 0.98801890 0.005750
30.037130 0.98542192 0.006514
30.038776 0.85985873 0.004552
30.049774 0.98781463 0.006783
30.052405 0.98253866 0.003109
30.068507 0.99235846 0.007343
30.070006 0.98837612 0.005139
30.155686 0.99930173 0.006996
30.181681 0.99431920 0.005314
30.215336 0.99786093 0.003356
30.252518 0.99203298 0.006533
30.297070 0.99840466 0.003894
30.336116 1.00014902 0.004326
30.347177 0.99829353 0.003095
30.376982 0.99582124 0.007977
30.384658 0.98637788 0.007309
30.407329 0.99590441 0.006932
30.423134 1.00476372 0.003555
30.460315 0.99221551 0.003680
30.467914 0.98311443 0.003676
30.474486 0.99586830 0.006981
30.540247 0.99835567 0.007662
30.548177 1.00336317 0.007068
30.652958 1.00438486 0.004041
30.670090 0.99673419 0.007699
30.686465 0.99938671 0.005085
30.688903 1.00057792 0.006113
30.721207 1.00591764 0.003281
30.752235 1.01762816 0.003385
30.758519 0.99980763 0.003005
30.795605 1.00140700 0.006690
30.817703 1.00464364 0.004423
30.820226 1.00414160 0.006806
30.839261 1.01251033 0.005652
30.868637 1.00947146 0.006431
30.871878 1.00487009 0.005533
30.975416 1.00391336 0.003039
30.995288 1.00521389 0.004705
30.996285 1.00631538 0.003695
31.073964 1.01729265 0.005978
31.075152 1.01694784 0.005598
31.088388 1.00329228 0.007293
31.116795 1.00905649 0.003422
31.127190 1.01324323 0.004748
31.135743 1.00612560 0.007365
31.144515 1.00406987 0.004819
31.148318 1.00709437 0.006689
31.155801 1.00958502 0.004026
31.158038 1.01223592 0.007531
31.184308 1.01204315 0.004057
31.222248 1.01888631 0.006582
31.230006 1.00864828 0.006369
31.319105 1.01868742 0.005102
31.337286 1.02096592 0.007851
31.355992 1.00404505 0.006311
31.363045 1.01356665 0.006617
31.367320 1.00455841 0.003073
31.392187 1.00979121 0.007038
31.395524 1.01824898 0.007024
31.408269 1.01747641 0.005552
31.427292 1.01758874 0.006511
31.454476 1.00201931 0.005340
31.455719 1.00447951 0.004898
31.458297 1.01422163 0.005747
31.501800 1.00632364 0.004863
31.536704 1.02222656 0.004286
31.544579 1.00803650 0.005732
31.546865 1.01826911 0.003487
31.594878 1.02633794 0.006813
31.595783 1.00641403 0.007379
31.623334 1.01419402 0.005113
31.623508 1.01823705 0.005031
31.709667 1.01783570 0.004774
31.725741 1.01723404 0.007865
31.780560 1.00880268 0.003121
31.781242 1.01921549 0.003883
31.788437 1.01957958 0.005742
31.800786 1.02164090 0.004940
31.809078 1.01291797 0.005012
31.819277 1.01775422 0.006961
31.841901 1.01731711 0.003701
31.842648 1.02112597 0.003493
31.868820 1.01284572 0.005411
31.885741 1.02275199 0.007954
31.918079 1.01891830 0.003196
31.956198 1.02167712 0.005172
31.980906 1.02631763 0.006717
31.987199 1.01233843 0.003542
32.012579 1.01818285 0.003601
32.020695 1.02599500 0.005889
32.071874 1.01905306 0.004581
32.073683 1.01487820 0.007167
32.085272 1.02007769 0.004370
32.090404 1.01235829 0.004594
32.122931 1.02893185 0.003019
32.140754 1.01734691 0.005001
32.144432 1.02852323 0.006092
32.150281 1.01950519 0.006151
32.155707 1.02209180 0.005560
32.164995 1.01533680 0.004697
32.185374 1.02022157 0.006817
32.207873 1.01803680 0.007709
32.235572 1.02144734 0.007960
32.243115 1.01671890 0.006507
32.250279 1.03058946 0.004330
32.281961 1.02577111 0.004387
32.288206 1.02286779 0.003336
32.309627 1.02134968 0.007173
32.330820 1.02213714 0.005908
32.377761 1.02740931 0.006026
32.426452 1.02171133 0.006988
32.439657 1.02126005 0.004409
32.491307 1.02174414 0.006381
32.511870 1.02632840 0.005168
32.522579 1.02930270 0.003568
32.574975 1.02754593 0.003940
32.630049 1.02338407 0.005277
32.631480 1.02227826 0.003474
32.648288 1.01993757 0.006554
32.677486 1.02525377 0.006306
32.745443 1.02652351 0.003299
32.759506 1.03335215 0.004093
32.783588 1.02207494 0.004411
32.802314 1.02547135 0.005883
32.848280 1.02618039 0.004621
32.883067 1.02413269 0.007361
32.918142 1.02196202 0.003401
32.919284 1.02775405 0.004108
32.919378 1.02305332 0.003051
32.929685 1.02238146 0.006258
32.940973 1.02569380 0.003146
32.956831 1.02831144 0.005020
32.974067 1.02944207 0.004775
32.976532 1.01763823 0.003294
32.979394 1.02774733 0.003688
32.991120 1.02714589 0.005094
32.997755 1.02434054 0.006250
33.035175 1.02368783 0.006867
33.039931 1.02311455 0.006227
33.068815 1.03070629 0.006916
33.163950 1.02945884 0.003188
33.166603 1.03023702 0.005732
33.168590 1.02994360 0.006007
33.192303 1.02360624 0.003831
33.202712 1.02304927 0.005892
33.234574 1.02345472 0.005554
33.251244 1.02820512 0.006019
33.264124 1.02841085 0.007653
33.268998 1.02817585 0.006220
33.318062 1.02801766 0.007788
33.375527 1.02185776 0.005855
33.381548 1.01832648 0.005365
33.426272 1.02618877 0.003002
33.430919 1.02403887 0.003010
33.437588 1.03508122 0.007769
33.446939 1.02539500 0.004562
33.475928 1.02232453 0.003508
33.512914 1.02562006 0.006359
33.523523 1.02900699 0.006165
33.531369 1.03050694 0.006641
33.566829 1.01652014 0.004471
33.598158 1.01455563 0.004299
33.615279 1.01259588 0.006190
33.682611 1.02470269 0.003913
33.692166 1.02387013 0.007781
33.734230 1.02977125 0.005342
33.746525 1.02816287 0.005584
33.754144 1.01537031 0.005322
33.755884 1.03296240 0.005786
33.776782 1.02519579 0.004382
33.800903 1.01823314 0.004300
33.824829 1.01861246 0.003156
33.848088 1.02691173 0.003246
33.866292 1.02530089 0.003879
33.868926 1.02740904 0.003908
33.883339 1.02112321 0.005729
33.921940 1.02918092 0.007968
33.922951 1.01790858 0.007427
33.930820 1.01940273 0.005241
33.946230 1.02140142 0.004748
33.970085 1.02399518 0.003611
33.976929 1.02583498 0.004997
33.989817 1.03553623 0.005537
33.995052 1.02584478 0.003663
34.001450 1.01526770 0.005446
34.010405 1.01200834 0.006133
34.077699 1.02151828 0.006653
34.092753 1.02822610 0.003094
34.112740 1.01786235 0.005170
34.131647 1.02074309 0.005047
34.177637 1.00385999 0.005523
34.180105 1.02660958 0.003844
34.211718 1.02521825 0.005052
34.213132 1.01372737 0.006317
34.217462 1.02385036 0.004060
34.272729 1.00987697 0.004633
34.279898 1.01689912 0.004253
34.292058 1.02027942 0.007877
34.295012 1.02240751 0.004245
34.382501 1.02086692 0.005531
34.412469 1.01527323 0.004070
34.441869 1.01413193 0.004062
34.446016 1.01547676 0.004577
34.495784 1.02189682 0.005224
34.499948 1.02146086 0.004609
34.510995 1.00839604 0.004294
34.515060 1.02474651 0.007724
34.530781 1.02434862 0.004482
34.555005 1.01594304 0.006487
34.602418 1.00813297 0.003417
34.607702 1.02137496 0.004789
34.628014 1.02293031 0.003839
34.640129 1.01671138 0.006491
34.654682 1.02219520 0.007602
34.666932 1.02220772 0.007491
34.704523 1.01678654 0.003731
34.748914 1.01685662 0.005811
34.773183 1.01288843 0.003140
34.881034 1.01367337 0.005286
34.912902 1.01770458 0.004779
34.943652 1.02010202 0.003621
34.949627 1.01784952 0.007635
35.009018 1.01372547 0.005266
35.012051 1.01479904 0.007437
35.034113 1.00774472 0.005077
35.148168 1.01412003 0.005341
35.157049 1.01593378 0.003081
35.159640 1.01911735 0.006130
35.164447 1.00853109 0.004340
35.173650 1.01862728 0.004585
35.184429 1.01103672 0.007936
35.223367 1.00509469 0.007465
35.254328 1.01597633 0.003573
35.273983 1.01206901 0.005830
35.274508 1.02169823 0.006974
35.282443 1.02237844 0.005631
35.294662 1.00949796 0.004789
35.318012 1.00977238 0.007631
35.377931 1.01277192 0.006375
35.392543 1.00774054 0.004292
35.426507 1.00593927 0.003904
35.464106 1.01102662 0.004680
35.465240 1.01246234 0.004816
35.475072 1.01289533 0.006707
35.490800 1.01283992 0.003957
35.508328 1.00921515 0.003793
35.529405 1.01073495 0.006135
35.542992 1.01446996 0.007965
35.617446 1.01400065 0.005815
35.618430 1.00452308 0.003328
35.626596 1.02586009 0.005200
35.690183 1.00330114 0.006415
35.697785 1.00170611 0.005750
35.707552 1.01040724 0.006249
35.714325 1.00840104 0.004325
35.726417 0.99898560 0.006616
35.762050 1.00697949 0.004144
35.776893 1.00378562 0.005871
35.917112 1.00632567 0.003303
35.917240 1.00578001 0.006412
35.919772 1.01005681 0.003655
35.936038 1.00768626 0.003196
35.958271 1.01336490 0.006527
35.990675 1.00454047 0.006022
36.060047 1.00526322 0.003076
36.092848 0.99758872 0.005412
36.101733 1.00556639 0.007231
36.108817 0.96251905 0.006973
36.127527 1.01041264 0.006945
36.135384 1.01002393 0.007598
36.188389 1.00586877 0.003485
36.222191 1.00750009 0.004147
36.245887 1.00679631 0.005756
36.251798 1.00985447 0.004628
36.265636 1.00213320 0.003890
36.268091 1.00264971 0.005209
36.270448 1.00219127 0.004013
36.270516 1.01016188 0.003853
36.281644 0.99232241 0.006175
36.293791 1.01020152 0.007835
36.334790 1.00099478 0.005239
36.347283 1.00277019 0.004685
36.364008 1.00003535 0.007816
36.413399 1.00386052 0.004802
36.440326 1.00652329 0.003428
36.488233 0.99940719 0.006905
36.516311 1.00560384 0.005346
36.568654 1.01033075 0.007604
36.596014 1.00336006 0.004452
36.606633 1.00350079 0.005205
36.633419 1.01118004 0.006695
36.649358 0.99135431 0.004225
36.667503 0.99904083 0.004181
36.707319 0.99345957 0.004204
36.712811 1.00258742 0.005369
36.762407 1.00804178 0.006671
36.766925 0.99904498 0.003644
36.789631 1.00254406 0.003174
36.795465 1.00873086 0.007450
36.802710 1.00027287 0.007641
36.828162 1.00367255 0.004470
36.843395 1.00240367 0.003656
36.851329 1.00733902 0.004378
36.861957 1.00091743 0.005427
36.870167 0.99617375 0.004536
36.912785 1.00511859 0.006943
36.965660 1.00063129 0.003621
36.974602 1.00279305 0.004392
36.974636 0.99939712 0.003651
36.977772 1.00576510 0.004311
36.992829 0.99806036 0.003901
37.011099 0.99710583 0.007412
37.012474 0.99221188 0.003933
37.027900 1.00887784 0.005241
37.052693 0.99935485 0.007375
37.054462 1.00384937 0.007873
37.067702 1.00418062 0.006689
37.068073 1.00386301 0.006706
37.075318 0.99895834 0.005671
37.077655 0.99726020 0.004741
37.107677 1.00024674 0.007462
37.141879 1.00598850 0.006715
37.161225 1.01213422 0.005992
37.171121 0.99141927 0.006528
37.173255 1.00156671 0.003805
37.173709 1.00093557 0.006986
37.187020 1.00025076 0.005766
37.195297 1.00915399 0.007144
37.237600 0.99330750 0.007002
37.249385 1.00713689 0.003248
37.258574 1.00500154 0.004109
37.291647 0.99959994 0.006977
37.301233 1.00655577 0.007640
37.327193 1.00069849 0.007579
37.343994 0.99827691 0.006915
37.348710 0.99316665 0.007810
37.374419 0.99578744 0.003392
37.381007 1.00223185 0.003676
37.404095 1.02957433 0.005011
37.405522 1.00323931 0.003375
37.410853 1.00327236 0.006509
37.443423 0.99517198 0.004644
37.452546 1.00170057 0.003075
37.466003 0.99879011 0.003682
37.469366 0.99567177 0.004769
37.474943 1.01257836 0.007909
37.527259 0.99719281 0.003156
37.561530 0.98741274 0.004243
37.563201 1.00167131 0.006978
37.592040 0.99531717 0.005924
37.607614 0.99689746 0.006437
37.647403 0.99985063 0.005498
37.649896 1.00225493 0.006494
37.690345 1.00051099 0.005937
37.692475 1.00496750 0.007950
37.706451 1.00178187 0.004854
37.715871 1.00307879 0.005157
37.754600 1.00078919 0.007193
37.781312 0.99101403 0.004539
37.782498 1.00139773 0.003591
37.783570 0.99561429 0.004459
37.796046 1.00188518 0.004144
37.802139 0.99255585 0.004270
37.826283 0.98956241 0.005776
37.842374 0.99749812 0.005799
37.845767 1.00101259 0.007592
37.856114 0.99069472 0.003783
37.891401 1.00164818 0.007219
37.930483 1.00381305 0.006767
38.007454 0.99717325 0.003148
38.018424 1.00078822 0.003501
38.032804 1.00123284 0.003713
38.070414 1.00069349 0.003784
38.120792 0.99202570 0.007083
38.153979 1.00326584 0.006952
38.158296 0.99804102 0.007787
38.163869 1.00347060 0.005280
38.169430 0.99833480 0.003386
38.185161 1.00583891 0.003154
38.199054 1.00157095 0.005236
38.205550 0.99982130 0.004706
38.209023 1.00024322 0.006525
38.248521 0.99347542 0.003472
38.261271 0.99599760 0.004677
38.268790 0.99880574 0.003952
38.269401 0.99702468 0.005793
38.282421 0.99677510 0.005141
38.291773 1.00352697 0.003440
38.351195 0.99900185 0.003140
38.380551 1.00791803 0.004323
38.392150 0.99994723 0.003506
38.400693 0.99935397 0.007517
38.490119 0.99763436 0.007827
38.496643 1.00300036 0.004436
38.529976 0.99552200 0.007872
38.539328 0.99337489 0.006102
38.555323 0.99901263 0.006780
38.581136 0.99730434 0.006977
38.638404 1.00134375 0.003264
38.687390 1.00729025 0.006102
38.707931 0.99845279 0.007806
38.714313 0.99884936 0.004880
38.731519 0.99253202 0.004082
38.766937 1.00510395 0.006611
38.788538 0.99623861 0.003847
38.829750 0.98721743 0.006372
38.838023 0.99901963 0.003408
38.839366 1.00200600 0.006568
38.869136 0.99242928 0.004309
38.876569 1.00027445 0.003293
38.898549 0.99840581 0.005918
38.900813 0.99820604 0.006162
38.941753 1.00087474 0.005087
38.945345 0.99502324 0.004444
38.951538 1.01038311 0.006360
38.960877 0.99070468 0.006853
38.962790 1.00078976 0.004101
39.001250 0.99509942 0.006938
39.007333 1.00406008 0.007448
39.025432 0.99235307 0.006907
39.033085 1.00214174 0.003653
39.038118 1.00233367 0.005143
39.060572 0.99234665 0.007404
39.090285 0.99643542 0.007662
39.121042 1.01055883 0.004059
39.145315 0.99206666 0.007972
39.175653 1.00022470 0.007892
39.178891 1.00397477 0.006765
39.192008 0.99644850 0.003625
39.232618 1.00320160 0.005566
39.264314 1.00075397 0.003289
39.275923 0.99364424 0.007582
39.279551 1.00284145 0.003298
39.310161 0.99245862 0.004694
39.312158 1.00959509 0.005468
39.333195 1.00697854 0.005663
39.370212 0.99056056 0.005004
39.388910 1.00429249 0.005734
39.395035 0.98974559 0.006136
39.423198 1.00174539 0.003687
39.428871 0.99785028 0.007272
39.443440 1.00362539 0.004216
39.463784 0.99880395 0.006942
39.485659 0.99624345 0.005689
39.486860 1.00157775 0.004061
39.517940 0.99453002 0.004910
39.517980 0.99579355 0.003971
39.519085 0.99279897 0.005745
39.532875 1.01546942 0.003593
39.567724 1.00709630 0.006186
39.581614 0.99779268 0.005491
39.585427 0.99040594 0.005984
39.639278 1.00658028 0.005351
39.684904 0.99203717 0.006022
39.685849 0.99010817 0.005927
39.711629 0.98776687 0.003906
39.729595 0.99147182 0.005475
39.742849 0.99826463 0.005673
39.777347 1.00066436 0.006048
39.791210 0.99735481 0.005643
39.839871 1.00472868 0.003029
39.873327 0.99227542 0.004915
39.887512 0.99116582 0.004738
39.957154 0.99960785 0.006013
39.960097 0.99321492 0.003013
39.969553 0.99360685 0.005561
40.013913 0.99808633 0.004379
40.037796 0.99373686 0.003008
40.050674 0.99292497 0.007169
40.097939 0.99543792 0.006908
40.106754 1.00102011 0.004087
40.108328 0.98768112 0.006306
40.111968 0.99904687 0.006211
40.120870 1.00040774 0.005492
40.129659 0.99306097 0.007380
40.130065 0.99617965 0.003736
40.146858 0.98348163 0.006447
40.150488 0.99260690 0.003966
40.152025 1.00430653 0.003693
40.181094 0.99874497 0.006340
40.302032 0.98141917 0.005672
40.307112 1.00614650 0.003146
40.319577 0.98866978 0.004638
40.338629 1.00135272 0.003046
40.351010 1.01604230 0.004199
40.386337 0.98427257 0.003883
40.411866 0.99415994 0.003216
40.418283 0.99609572 0.006119
40.424957 0.99595770 0.005028
40.466462 0.98745055 0.005158
40.467531 0.98488644 0.006914
40.473662 1.00050559 0.005921
40.474748 0.99756875 0.006013
40.546575 0.98688159 0.003359
40.569624 0.99310574 0.004356
40.589944 0.99090466 0.004781
40.592188 0.98394381 0.006976
40.647051 0.98411865 0.006593
40.670919 0.99141784 0.007784
40.696994 0.98805127 0.007300
40.701140 0.99065368 0.006767
40.754859 1.00103440 0.006179
40.775836 0.98841372 0.006014
40.807504 0.98795966 0.003503
40.812074 0.99104970 0.004638
40.844270 0.99205120 0.005534
40.874685 0.99178942 0.004914
40.880055 0.98757227 0.006662
40.882153 0.98354605 0.004613
40.893745 0.99065435 0.005300
40.899182 0.98841066 0.004988
40.906136 0.98781080 0.004375
40.919052 0.98981560 0.007379
40.935891 0.98523199 0.005627
40.938224 0.98499740 0.006391
40.965836 0.99177033 0.003556
41.046026 0.98688210 0.004081
41.047312 0.98700355 0.007733
41.048788 0.98698046 0.006804
41.096243 0.98634828 0.007238
41.102455 0.99168531 0.004645
41.123811 0.99012532 0.003031
41.195255 0.99499804 0.004419
41.242612 0.98643772 0.004005
41.250794 0.99227932 0.005145
41.254600 0.98482540 0.004963
41.261875 0.98827509 0.006707
41.283026 0.97806036 0.005677
41.299629 0.97571647 0.004287
41.351816 0.98252629 0.007708
41.388959 0.99591348 0.004434
41.390635 0.98819654 0.006161
41.392853 0.98983277 0.006653
41.442885 0.99001819 0.003879
41.448128 0.98728395 0.007558
41.484733 0.97924361 0.003758
41.495229 0.99263603 0.003058
41.497607 0.98460966 0.004898
41.499698 0.98526863 0.006922
41.510722 0.98436675 0.006719
41.528391 0.97616912 0.006967
41.558709 0.98325892 0.005159
41.590886 0.99224500 0.005645
41.617503 0.98050780 0.007980
41.625663 0.98548373 0.003514
41.632961 0.98365049 0.006696
41.650213 0.92004674 0.007987
41.656103 0.98407912 0.006565
41.689843 0.99364752 0.007489
41.710888 0.98388760 0.004297
41.804621 0.97440142 0.003394
41.852985 0.98557699 0.005411
41.854198 0.98387077 0.007666
41.856189 0.98128914 0.005097
41.914567 0.98844755 0.006677
41.965658 0.97047930 0.004013
41.966953 0.97623930 0.004952
41.986989 0.98406552 0.006042
41.994236 0.98320583 0.004583
42.025944 0.98086761 0.004421
42.047003 0.97400333 0.007398
42.059764 0.98147070 0.006825
42.090291 0.97851528 0.007195
42.165598 0.97621973 0.007985
42.165658 0.97111144 0.004658
42.183031 0.97845517 0.005093
42.192261 0.97940184 0.005681
42.233278 0.97653733 0.003189
42.265657 0.97836364 0.006543
42.306973 0.98077717 0.007134
42.416818 0.98174605 0.007482
42.437616 0.98042017 0.007057
42.498613 0.98259515 0.003913
42.510597 0.98376033 0.006625
42.536708 0.99013128 0.004489
42.549237 0.97635118 0.003209
42.588813 0.96857935 0.004570
42.589349 0.98098309 0.003849
42.595930 0.98625245 0.005344
42.627133 0.97874807 0.006664
42.683385 0.97306528 0.004557
42.773538 0.97709891 0.004876
42.787622 0.97872515 0.005230
42.843706 0.97274228 0.003910
42.872207 0.97898758 0.005618
42.877597 0.97919548 0.006054
42.937223 0.95376320 0.007160
42.982082 0.97359464 0.006006
42.988433 0.98305986 0.005204
43.000229 0.97366393 0.006315
43.003061 0.97234917 0.007877
43.028024 0.97752958 0.005672
43.039345 0.97278694 0.007574
43.047034 0.97384989 0.005954
43.053859 0.96915730 0.007434
43.072953 0.96552350 0.007631
43.113788 0.97235603 0.004271
43.124241 0.96818370 0.003168
43.165063 0.97769854 0.003653
43.204846 0.97583719 0.006498
43.224590 0.96928698 0.006195
43.230775 0.97584783 0.006965
43.245060 0.97706342 0.004350
43.261934 0.97376886 0.005345
43.319338 0.97516842 0.004529
43.373669 0.96958362 0.005148
43.407486 0.96774932 0.007808
43.433420 0.97554013 0.004685
43.448340 0.97534082 0.007505
43.487262 0.98232168 0.003531
43.499854 0.96775291 0.006450
43.503738 0.98151889 0.005163
43.565328 0.97432699 0.004460
43.585868 0.96928197 0.005706
43.587150 0.97418100 0.007993
43.601729 0.97159250 0.004999
43.614308 0.98087060 0.003058
43.627539 0.96870321 0.006623
43.640111 0.98178805 0.005692
43.650549 0.97404269 0.006718
43.656867 0.97546323 0.003420
43.666074 0.97107695 0.003439
43.705918 0.98086234 0.004358
43.725225 0.98036185 0.007984
43.731288 0.97206951 0.006829
43.742758 0.97501506 0.005401
43.771296 0.97197531 0.004378
43.771792 0.98280359 0.007633
43.843522 0.93750355 0.007003
43.881648 0.97147343 0.007685
43.883210 0.97755862 0.007882
43.894136 0.97798538 0.003094
43.897166 0.96802566 0.003126
43.948537 0.97159915 0.004306
43.948684 0.97677545 0.003491
43.951168 0.97808281 0.007951
43.974517 0.98121373 0.006200
43.987188 0.97800220 0.005740
43.995710 0.96731929 0.006315
44.006226 0.98415326 0.004439
44.032135 0.98024742 0.007910
44.033540 0.97483948 0.006255
44.057836 0.97362675 0.006596
44.122928 0.97859773 0.004622
44.132119 0.97602943 0.003243
44.183184 0.97696975 0.005299
44.194335 0.97961222 0.006887
44.209003 0.97103134 0.004728
44.220187 0.97080778 0.004027
44.223352 0.98377328 0.004134
44.278116 0.98169080 0.004267
44.315581 0.98018422 0.005454
44.339805 0.97528013 0.004877
44.358281 0.97544214 0.005671
44.365721 0.96785804 0.004075
44.373031 0.97692288 0.007789
44.402969 0.98539627 0.005441
44.406305 0.97772850 0.003570
44.417099 0.97156563 0.006438
44.422979 0.97794742 0.004784
44.431592 0.98177810 0.007508
44.438069 0.97407508 0.005086
44.463081 0.98869456 0.003111
44.481929 0.97534316 0.004882
44.486767 0.98324499 0.003074
44.512174 0.97972046 0.007336
44.532508 0.98189163 0.007520
44.554050 0.97779937 0.007725
44.566370 0.98304700 0.004502
44.622467 0.97819639 0.007658
44.631593 0.97606351 0.007971
44.649485 0.97495015 0.003380
44.664260 0.97447363 0.004901
44.670445 0.97301291 0.003962
44.674755 0.99241441 0.006989
44.705611 0.98504337 0.004236
44.711244 0.97384813 0.006000
44.712726 0.97548404 0.006472
44.749784 0.98385108 0.003283
44.767184 0.98338439 0.005808
44.777823 0.97769866 0.006450
44.802672 0.97959981 0.006578
44.808696 0.98346443 0.003490
44.920732 0.98817920 0.006498
44.944287 0.98194901 0.004376
44.958420 0.98689255 0.004670
44.962778 0.98796209 0.003455
44.967498 0.98486776 0.006537
45.024183 0.98021984 0.003563
45.034320 0.98797625 0.007845
45.039650 0.98845378 0.003261
45.089973 0.98004332 0.003951
45.095342 0.98444710 0.005411
45.147237 0.98838809 0.006795
45.153972 0.97413980 0.006754
45.165941 0.99157491 0.004945
45.176899 0.98428281 0.004205
45.212273 0.98091699 0.005879
45.230044 0.98536995 0.005830
45.266517 0.99610805 0.007727
45.295554 0.97601742 0.007435
45.299561 0.98999837 0.007523
45.313712 0.99127719 0.005868
45.319267 0.99038421 0.006899
45.326387 0.98217848 0.007572
45.360458 0.99734903 0.003607
45.365018 0.98753712 0.007257
45.374837 0.98445620 0.003918
45.386905 0.99434538 0.007693
45.390944 0.98721148 0.004041
45.396168 0.98615830 0.007334
45.396503 0.99323196 0.005716
45.396947 0.99261227 0.006568
45.409298 0.99261206 0.004643
45.425762 1.00136085 0.004109
45.473697 0.99030955 0.004584
45.478153 0.98589824 0.004992
45.488572 0.99375824 0.005849
45.491760 0.99596312 0.004901
45.538851 0.99442393 0.005942
45.549588 0.98766336 0.004995
45.573116 0.99676531 0.004090
45.578837 0.98950296 0.006596
45.598983 0.99901317 0.007924
45.622380 0.99203489 0.007688
45.629503 1.00142038 0.006956
45.662689 1.00073974 0.004383
45.665887 0.98968479 0.007678
45.767434 1.00332886 0.004940
45.783012 1.00042616 0.004218
45.787562 0.99786203 0.004744
45.793472 1.00074702 0.004673
45.812137 1.00240346 0.006243
45.819386 1.00686706 0.007968
45.819880 0.90880156 0.006988
45.842384 0.99432785 0.005862
45.845016 0.99713004 0.007537
45.848433 1.00135836 0.007119
45.877210 0.99595464 0.003281
45.886556 0.99874309 0.005182
45.894557 1.00765408 0.007103
45.909254 0.99831088 0.007939
45.912696 1.01156923 0.006748
45.961783 1.00138731 0.004843
45.962590 0.99441534 0.003651
45.972416 0.99595417 0.006992
46.012116 1.00466904 0.003910
46.016230 1.00377065 0.003724
46.020644 1.00311269 0.004689
46.028675 1.00271242 0.003274
46.040136 1.00471656 0.006485
46.067610 0.99930679 0.007116
46.112958 1.00839700 0.003020
46.116914 1.00422643 0.006354
46.140826 1.00644401 0.006333
46.144673 1.00417778 0.003452
46.161437 1.00568523 0.003403
46.173841 0.99933720 0.007229
46.195638 1.00490332 0.007409
46.200001 1.00782966 0.004260
46.249294 1.00468368 0.006467
46.277791 1.00254624 0.005590
46.301934 1.01215089 0.005396
46.332216 1.01146567 0.005775
46.362972 1.00378858 0.004993
46.437513 1.00461063 0.006537
46.442404 1.01539524 0.006575
46.447144 1.01204138 0.005842
46.468737 1.01428679 0.007182
46.486478 1.01219731 0.007262
46.494778 1.00410134 0.006547
46.511051 1.01908436 0.003485
46.522809 1.01851811 0.003077
46.530820 1.01796876 0.003968
46.563000 1.01443277 0.006037
46.567904 1.01258472 0.003606
46.606179 1.00619869 0.006674
46.625246 1.02278560 0.003228
46.660084 1.01536757 0.005894
46.667932 1.01537137 0.003742
46.668737 1.01640555 0.003736
46.694187 1.00660582 0.003370
46.705997 1.00916151 0.007648
46.707613 1.01109886 0.006130
46.709105 1.00693902 0.007217
46.710891 1.01775344 0.004276
46.718308 1.01255341 0.003725
46.734485 1.00908082 0.007421
46.770552 1.01543540 0.005237
46.777112 1.01150969 0.004263
46.822371 1.01322899 0.005434
46.828642 1.02060485 0.007451
46.862523 1.01005720 0.005466
46.881703 1.01454714 0.003572
46.883314 1.02454861 0.003565
46.888066 1.01379988 0.007240
46.938963 1.01207576 0.006011
46.942911 1.02024796 0.006917
46.975277 1.01442007 0.007853
46.993671 1.01423335 0.006185
47.044933 1.01668974 0.007246
47.048612 1.01249639 0.003390
47.080061 1.02808901 0.004573
47.111445 1.01597636 0.006231
47.131317 1.00908078 0.004039
47.136250 1.02802162 0.003366
47.178521 1.02182315 0.007847
47.183599 1.01974139 0.007409
47.198938 1.01093516 0.004246
47.203631 1.01532127 0.006313
47.204602 1.02246240 0.003517
47.251372 0.94292663 0.004064
47.264069 1.01588291 0.003075
47.283216 1.01910937 0.007480
47.302436 1.06347465 0.006846
47.337755 1.01831193 0.007335
47.440236 1.02816934 0.004187
47.456467 1.02584514 0.005289
47.478150 1.02522304 0.005573
47.493058 1.02127489 0.007939
47.498155 1.03355864 0.004233
47.518416 1.01764268 0.006992
47.523161 1.01903370 0.005931
47.527282 1.02030123 0.003977
47.545740 1.02803600 0.007399
47.635969 1.02079811 0.006770
47.679163 1.03087765 0.005416
47.692413 1.02536222 0.006529
47.714662 1.02522403 0.003858
47.716973 1.03077359 0.006320
47.744633 1.02201512 0.005790
47.747008 1.01330740 0.004779
47.765604 1.02349493 0.003573
47.769101 1.03390198 0.005458
47.777060 1.02519555 0.006281
47.783012 1.02699714 0.005282
47.790121 1.02961990 0.003531
47.793901 1.02645451 0.006404
47.812983 1.01956017 0.005211
47.830822 1.02401053 0.003557
47.837937 1.02237538 0.006785
47.890336 1.00543057 0.004381
47.931299 1.01862248 0.003508
47.949682 1.02621563 0.006193
47.976675 1.02191564 0.006783
47.999356 1.02908547 0.003802
48.039535 1.02012802 0.005907
48.057277 1.01893999 0.007679
48.058461 1.02584671 0.005286
48.091615 1.02443147 0.007674
48.123122 1.03287625 0.005557
48.126646 1.03133951 0.006368
48.128413 1.03335290 0.007509
48.147345 1.02719428 0.006261
48.163887 1.03196575 0.006634
48.217841 1.02402920 0.004820
48.237300 1.03337255 0.003376
48.258406 1.02507993 0.007587
48.292701 1.02547432 0.003346
48.300815 1.02735343 0.004812
48.318605 1.01792727 0.005554
48.332869 1.02524391 0.007870
48.336682 1.03469267 0.006295
48.375180 1.01936136 0.004023
48.381638 1.03437415 0.006936
48.424467 1.01946817 0.007559
48.434211 1.02467078 0.004997
48.444992 1.02898200 0.003571
48.485549 1.02281089 0.007724
48.488383 1.03629017 0.005350
48.491777 1.01666187 0.004868
48.507878 1.02365649 0.005105
48.509852 1.02759261 0.007389
48.512707 1.02898064 0.004487
48.550022 1.02003862 0.004439
48.553080 1.02775160 0.006474
48.594409 1.02827204 0.006969
48.607182 1.02247452 0.007345
48.638285 1.02129217 0.003512
48.645482 1.02709922 0.004730
48.661711 1.02187253 0.004267
48.673517 1.01904200 0.006341
48.690528 1.02871365 0.006457
48.692691 1.03076545 0.005151
48.731924 1.02593843 0.004893
48.758995 1.02092794 0.006752
48.779475 1.02240161 0.004895
48.807574 1.02338668 0.007208
48.821389 1.02098263 0.006795
48.863059 1.01815540 0.007141
48.873985 1.02558772 0.005897
48.895974 1.01293009 0.005051
48.902936 1.03725037 0.006248
48.931824 1.02426408 0.004369
48.965923 1.02452966 0.004254
48.968326 1.02737106 0.007932
48.979135 1.02195264 0.007458
48.986218 1.02156387 0.003698
49.000512 1.02408805 0.006605
49.003596 1.02389983 0.004191
49.038464 1.01708419 0.006474
49.039048 1.01790935 0.005754
49.060771 1.02729280 0.005033
49.106711 1.02653532 0.006906
49.128969 1.02574555 0.006998
49.184222 1.01950457 0.005912
49.189025 1.02420080 0.003073
49.201132 1.02588547 0.003372
49.203585 1.02007209 0.004062
49.214029 1.03220876 0.004285
49.216881 1.02741662 0.006610
49.251188 1.02210233 0.004608
49.292617 1.02753735 0.004337
49.301726 1.02078978 0.003228
49.313224 1.02701113 0.004421
49.314367 1.02905304 0.007170
49.360386 1.02378852 0.003992
49.390742 1.01649795 0.003250
49.396936 1.02183199 0.006377
49.407025 1.02826990 0.005565
49.416597 1.01704758 0.007299
49.429708 1.02555174 0.006437
49.440237 1.01883360 0.006432
49.468718 1.02644014 0.004716
49.503529 1.02733263 0.005467
49.508674 1.01937938 0.004956
49.555340 1.01085438 0.003928
49.588825 1.03188627 0.005270
49.595828 1.02044745 0.004747
49.611903 1.02505215 0.005054
49.624441 1.02322447 0.005217
49.635608 1.01287517 0.007519
49.661205 1.02320044 0.004408
49.693786 1.02417320 0.005176
49.722267 1.01896207 0.006479
49.731609 1.02633926 0.006107
49.779561 1.02754909 0.006527
49.835123 1.02198641 0.007356
49.845473 1.02130908 0.007446
49.860544 1.01885663 0.006573
49.865567 1.01999971 0.003369
49.897609 1.02279999 0.005808
