# Star 2 - Telescope kepler - Campaign 1
# Time Flux Error
# days relative_flux relative_error
0.045688 0.99969423 0.007946
0.066867 1.00016918 0.006163
0.074493 0.99001930 0.005355
0.110602 0.99582956 0.004841
0.112833 1.00000597 0.005529
0.130785 1.00847478 0.006639
0.207401 0.99828509 0.006913
0.216844 0.99518809 0.003330
0.277439 1.00478577 0.006977
0.305028 1.00966651 0.007424
0.449219 0.99667299 0.003902
0.451097 1.01160028 0.005799
0.453003 1.01679632 0.005838
0.464825 1.01527439 0.005776
0.486251 1.00537519 0.004347
0.529820 0.99734047 0.005200
0.566428 1.01116490 0.005731
0.581932 1.02623936 0.003480
0.588160 1.00523777 0.003600
0.601983 1.00380727 0.005401
0.605833 1.01304355 0.007598
0.658722 1.01868175 0.004221
0.691445 1.01784592 0.006388
0.691814 1.00739114 0.006228
0.731937 1.00461899 0.007687
0.740077 1.01417583 0.006973
0.781185 1.01252698 0.004526
0.785149 1.01201834 0.003751
0.790367 1.01569657 0.006537
0.827344 1.01414929 0.007210
0.859767 1.01153590 0.007262
0.862901 1.01307433 0.003913
0.865252 1.00981561 0.003036
0.935888 1.01402669 0.004138
0.947887 1.02246099 0.004448
0.949030 1.01552620 0.007945
0.951862 1.02217668 0.004266
0.968215 1.01952773 0.005197
0.979926 1.01209512 0.005960
1.011614 1.02603983 0.007941
1.058485 1.01904307 0.006194
1.071448 1.01444555 0.003113
1.109312 1.01447237 0.003893
1.114104 1.01502367 0.005057
1.128929 1.02226727 0.005799
1.167669 1.01815227 0.006725
1.176581 1.01899982 0.007846
1.197370 1.00625842 0.007027
1.209792 1.02021458 0.005888
1.238814 1.01859246 0.003920
1.239774 1.01663738 0.006240
1.240582 1.02629240 0.006999
1.309428 1.01599540 0.007016
1.326400 1.01806263 0.007216
1.355857 1.02529023 0.003662
1.407333 1.01815274 0.003503
1.438463 1.01792899 0.006102
1.481386 1.02247607 0.006072
1.487025 1.02052159 0.004251
1.498556 1.03298456 0.006545
1.520317 1.01705622 0.005444
1.546478 1.02925087 0.004121
1.556635 1.02603041 0.004072
1.568910 1.02484314 0.007256
1.584766 1.02839950 0.005832
1.591351 1.02438018 0.006237
1.599319 1.01950878 0.003399
1.599838 1.02750323 0.007800
1.607035 1.02285546 0.006692
1.656258 1.02323011 0.005524
1.664300 1.02954678 0.007786
1.675538 1.02286738 0.005222
1.694963 1.02605065 0.006937
1.727609 1.01942930 0.005211
1.732264 1.02630699 0.004707
1.748466 1.03019284 0.003920
1.774423 1.01357471 0.007078
1.784811 1.02122661 0.006417
1.846960 1.01338520 0.005758
1.848758 1.01267693 0.005493
1.853897 1.02119101 0.007289
1.883895 1.02817000 0.007348
1.885375 1.02579317 0.007750
1.921240 1.01872786 0.005220
1.964239 1.02340696 0.003790
1.965664 1.01773012 0.003513
1.971626 1.03294490 0.005448
1.976995 1.01923179 0.005204
1.978720 1.02232043 0.006804
2.013652 1.01684119 0.007685
2.030000 1.01912834 0.006948
2.044403 1.02509806 0.006591
2.087437 1.01413215 0.003493
2.088126 1.02737947 0.004295
2.106574 1.02839528 0.007156
2.143913 1.02662410 0.007266
2.182058 1.01471477 0.007971
2.190854 1.01711516 0.003486
2.214927 1.02784162 0.004056
2.220799 1.01871748 0.006987
2.252736 1.02079437 0.004001
2.282781 1.03026797 0.004761
2.304616 1.03213841 0.003225
2.416730 1.02517034 0.007951
2.418237 1.03146629 0.006072
2.426817 1.03254850 0.007459
2.428905 1.02497354 0.004417
2.445163 1.01284241 0.004377
2.471088 1.02727317 0.004903
2.495440 1.02315646 0.003504
2.529327 1.02054997 0.005853
2.584268 1.04223614 0.005142
2.605680 1.02486952 0.004896
2.627004 1.02307908 0.003269
2.630034 1.02801529 0.006617
2.631934 1.02858225 0.006468
2.666254 1.02536714 0.006373
2.701610 1.02964276 0.007296
2.732673 1.02702772 0.007385
2.733684 1.02178458 0.005901
2.752696 1.02266665 0.003291
2.786213 1.03061481 0.005284
2.788349 1.02039432 0.006219
2.790538 1.01953505 0.006143
2.814011 1.01770012 0.007273
2.821257 1.01891671 0.004687
2.837154 1.02816599 0.005642
2.843145 1.02569507 0.004230
2.862939 1.02334913 0.003630
2.869178 1.02191183 0.006222
2.871730 1.02668235 0.003436
2.876118 1.02179006 0.007315
2.961322 1.03091615 0.004075
2.981306 1.01823961 0.007456
2.981923 1.02462017 0.003814
2.991487 1.02547754 0.006828
3.069795 1.02328303 0.005931
3.078065 1.01944027 0.003919
3.088909 1.02484830 0.005989
3.091816 1.01660992 0.003907
3.099680 1.02114140 0.006221
3.100262 1.02501190 0.006729
3.139279 1.01720152 0.004475
3.152089 1.02411675 0.007908
3.158208 1.03021975 0.004908
3.163391 1.02217291 0.007524
3.170571 1.02306209 0.005505
3.177947 1.02793375 0.006188
3.203333 1.02131479 0.003655
3.258163 1.02319689 0.004152
3.264482 1.02646624 0.005668
3.272173 1.02765067 0.006528
3.279200 1.01231356 0.004173
3.302675 1.02428252 0.003116
3.320130 1.03325180 0.004410
3.333437 1.03389205 0.006530
3.395942 1.02587270 0.005399
3.404596 1.02185984 0.003757
3.418449 1.02931515 0.006275
3.428424 1.01722598 0.004765
3.505624 1.01933201 0.005891
3.522272 1.02495545 0.004529
3.524283 1.01991301 0.003358
3.525133 1.01929061 0.007610
3.546535 1.02586739 0.004918
3.649949 1.01525533 0.003610
3.657722 1.01829374 0.007908
3.690731 1.02299335 0.006459
3.716615 1.02243753 0.005679
3.800492 1.02499702 0.003733
3.817777 1.02210346 0.003039
3.837342 1.00998874 0.006893
3.851905 1.01075952 0.006729
3.852549 1.01538663 0.004578
3.869301 1.02090365 0.007618
3.871237 1.02250562 0.004298
3.873658 1.01654077 0.004265
3.897609 1.02434527 0.004806
3.901563 1.01750531 0.004824
3.918301 1.01906127 0.006809
3.921623 1.02175736 0.007435
3.941122 1.02439183 0.004576
3.948406 1.02357133 0.003700
3.954673 1.02370181 0.007215
4.018525 1.00872199 0.005648
4.019657 1.02396271 0.007413
4.027329 1.02087079 0.004994
4.038234 1.02000576 0.004123
4.085198 1.01471184 0.006412
4.094230 1.01581727 0.006305
4.102272 1.01700388 0.006103
4.103046 1.02015956 0.007198
4.120815 1.01291189 0.005972
4.133309 1.02058091 0.005398
4.172616 1.01480401 0.007456
4.196856 1.01741985 0.005359
4.198505 1.01189934 0.004894
4.217778 1.02078030 0.005180
4.221994 1.00471421 0.003104
4.231140 1.01327089 0.006609
4.232662 1.01207913 0.007749
4.240847 1.01212089 0.006506
4.246901 1.01798966 0.003648
4.258765 1.02149925 0.007699
4.366578 1.01837570 0.005320
4.372196 1.01761623 0.003325
4.398276 1.02266866 0.007162
4.435694 1.01141800 0.003531
4.435943 1.00718021 0.007326
4.444307 1.01526000 0.005329
4.478510 1.01881715 0.005219
4.483334 1.01387688 0.007768
4.488984 1.02527258 0.007103
4.501063 1.02023301 0.003455
4.510598 1.03072630 0.007770
4.519005 1.02046734 0.005984
4.531548 1.01075472 0.007548
4.534926 1.00501539 0.006116
4.543811 1.00961771 0.007185
4.559215 1.04269810 0.005082
4.564608 1.01179791 0.004971
4.608183 1.00074633 0.003379
4.644130 1.02002345 0.006498
4.653080 1.00558543 0.004156
4.673619 1.01258867 0.003003
4.703123 1.00474780 0.007636
4.741267 1.00786336 0.006830
4.766553 1.02145747 0.003750
4.784275 1.01126326 0.003118
4.829292 1.01620593 0.003540
4.861228 1.00479376 0.005890
4.883411 1.01313458 0.007084
4.935352 1.01062002 0.007297
4.938508 1.01884791 0.005623
4.958881 1.01263042 0.006052
4.991545 1.01161705 0.006088
5.001501 1.00364861 0.005625
5.009921 1.00653289 0.004321
5.014337 1.00849245 0.004678
5.020373 1.01123046 0.003658
5.049449 1.01478086 0.006651
5.055694 1.00635673 0.006322
5.095559 1.00999130 0.003482
5.130575 1.01245353 0.005529
5.131465 1.00722270 0.006228
5.162939 1.01033687 0.003360
5.177394 1.01315193 0.005471
5.193536 1.01398267 0.007578
5.203288 1.00930487 0.003994
5.208464 1.00224398 0.006171
5.213545 1.00637971 0.006049
5.217766 1.00678101 0.006837
5.222417 1.01301189 0.006453
5.267398 1.00807283 0.006259
5.289303 1.00903556 0.003492
5.298609 1.00194156 0.006229
5.345932 1.00174388 0.007102
5.413095 1.00799477 0.003533
5.414985 1.00488281 0.005131
5.432043 1.00713956 0.006048
5.477682 0.98122844 0.003714
5.609985 1.00370568 0.004949
5.624760 1.01985705 0.006838
5.636142 1.00143028 0.004595
5.673573 1.00227776 0.005173
5.676997 1.00655042 0.003247
5.697086 0.96373023 0.005125
5.704756 1.00361485 0.005812
5.706309 1.00785093 0.005008
5.711085 1.01139372 0.005126
5.759160 1.00645349 0.006339
5.863001 0.99686767 0.003521
5.885504 1.00920864 0.006837
5.887259 0.99557907 0.004403
5.888281 1.00569379 0.005345
5.898470 1.00522213 0.006427
5.984357 1.00212083 0.004188
6.005050 1.00267804 0.003083
6.028050 1.01184727 0.005172
6.064030 1.00274729 0.007545
6.066711 1.00375418 0.006615
6.075526 1.00422145 0.007326
6.085360 0.99441490 0.004038
6.099466 1.00998841 0.004325
6.108668 0.99830533 0.007729
6.130414 0.99569352 0.006234
6.139934 0.99885676 0.005117
6.149630 1.00323331 0.004447
6.157702 1.00683972 0.004126
6.161831 1.00163394 0.005516
6.168893 0.99634198 0.006539
6.177234 1.00353633 0.007131
6.187340 1.01055000 0.006071
6.273917 1.00539527 0.006981
6.317302 1.00606536 0.007802
6.367558 0.99556195 0.005711
6.379530 1.00575757 0.003660
6.414461 0.99953294 0.005725
6.415469 1.00420803 0.004368
6.418179 1.00292174 0.003206
6.438361 1.00761128 0.004969
6.454032 1.00275339 0.006371
6.482897 1.00391513 0.004125
6.509960 0.99119896 0.007083
6.553827 1.00967399 0.005048
6.566722 1.00049384 0.006343
6.614482 1.00466238 0.003687
6.627354 1.00384240 0.007276
6.659428 1.03868571 0.007761
6.673039 1.00636354 0.007336
6.719617 0.99515185 0.005910
6.743082 1.00831124 0.003042
6.771993 1.00607567 0.006751
6.852840 0.99073139 0.004507
6.869551 0.99837687 0.006995
6.904695 0.99724058 0.003202
6.914980 1.00125916 0.004406
6.928241 1.00476577 0.003376
6.937356 0.99430529 0.005771
7.050404 1.00247199 0.003832
7.090762 1.00735264 0.007489
7.155044 0.99222381 0.007216
7.165788 0.97363067 0.006719
7.184517 1.00551635 0.007152
7.194504 1.00393832 0.004395
7.229756 0.99786119 0.005821
7.244161 0.99925476 0.004293
7.248160 0.98901532 0.003662
7.256790 1.00195836 0.006313
7.283631 1.01065416 0.003217
7.290693 0.99255492 0.006149
7.296965 1.00147042 0.005542
7.313298 1.00472014 0.003704
7.317847 1.01251742 0.003955
7.343267 1.00768113 0.005531
7.357706 1.00368293 0.005786
7.378362 0.99214187 0.003422
7.411631 0.99186137 0.006518
7.414127 1.00461221 0.006479
7.439732 0.99072614 0.004041
7.516474 0.99778511 0.004007
7.546896 0.99682498 0.006222
7.580802 1.00552853 0.004472
7.596274 1.00356297 0.007138
7.639195 0.99434542 0.003069
7.639588 1.00689347 0.003509
7.641579 1.00046570 0.005740
7.649482 0.99590622 0.006496
7.660214 1.00063902 0.004126
7.685069 0.97554822 0.007820
7.765983 1.00651332 0.007275
7.788313 0.99395700 0.006928
7.794379 1.00810521 0.005392
7.821899 1.11013944 0.004823
7.835100 0.99734308 0.005293
7.847120 0.99939387 0.005289
7.872873 0.99609365 0.006870
7.899869 0.99087060 0.003931
7.908018 1.00400673 0.004480
7.950696 1.00112641 0.006421
8.074790 0.99509245 0.005328
8.092990 0.99490231 0.007109
8.101173 0.98498807 0.003588
8.136221 1.03099696 0.007950
8.153572 0.99366526 0.003338
8.156829 1.00119188 0.004723
8.162354 0.99414559 0.004744
8.173869 0.99812125 0.007489
8.186099 0.98865997 0.004307
8.205146 1.00110690 0.006414
8.229275 1.01129206 0.006953
8.246027 0.99927651 0.004521
8.248159 1.01004069 0.003847
8.254992 1.00422457 0.007378
8.277979 0.99930583 0.003484
8.282213 1.00827670 0.006794
8.334003 1.00803637 0.006359
8.348461 0.99588998 0.003201
8.426167 0.98936320 0.005783
8.439147 1.00189374 0.003271
8.471887 0.99665266 0.005618
8.478719 1.00579948 0.003165
8.492358 1.00231960 0.007506
8.506107 1.00470952 0.004179
8.567980 1.00138139 0.006469
8.573176 1.00431196 0.005872
8.605069 1.00064687 0.006647
8.625605 1.00556666 0.007711
8.640811 0.99982738 0.006340
8.664871 1.00941434 0.004502
8.685008 0.99993611 0.003640
8.720805 1.00564928 0.006797
8.768338 1.00761128 0.004672
8.782603 0.99254278 0.005329
8.797392 0.99328697 0.004786
8.800332 1.00060162 0.004431
8.802832 0.99781339 0.003755
8.821988 1.00099761 0.003988
8.822181 0.99989877 0.004818
8.826914 1.00094004 0.006911
8.854236 1.00392525 0.003370
8.869866 1.00441078 0.006890
8.886750 1.00128296 0.005186
8.908077 1.00716443 0.004356
8.911584 1.00425782 0.005738
8.923024 1.00505361 0.004989
8.927266 0.99482634 0.003885
8.954983 0.99538309 0.003298
8.966810 1.00360602 0.004523
8.970906 0.99556182 0.006563
8.974110 1.00253916 0.004106
8.979195 0.99818282 0.004016
8.984079 0.99804176 0.006198
8.984947 0.99542849 0.006330
8.987093 0.99259280 0.003733
8.988969 0.99882104 0.004410
9.004766 1.00251605 0.004129
9.066924 0.99986538 0.006086
9.089084 0.99899731 0.006511
9.107191 0.99584775 0.005424
9.110441 1.01402231 0.007667
9.113633 0.99935268 0.007077
9.135526 0.99751187 0.005706
9.202763 0.99824973 0.007264
9.229568 0.99276700 0.004823
9.253698 0.98722541 0.005582
9.334089 0.99949338 0.007312
9.337902 0.99363440 0.007528
9.338605 0.99749177 0.006217
9.341257 0.99981263 0.007210
9.347927 0.99624010 0.003673
9.348287 0.99280798 0.003730
9.354409 0.99823554 0.006358
9.394652 0.99698343 0.005478
9.458106 0.99466712 0.004661
9.469945 0.99945964 0.007559
9.481238 0.99871854 0.004998
9.510213 0.99495296 0.007645
9.521661 0.99406244 0.005624
9.524755 0.99795677 0.006047
9.539858 1.04842511 0.003636
9.567823 0.99946110 0.003013
9.570643 0.98793193 0.004435
9.576613 1.00103284 0.004495
9.599020 0.99122358 0.004297
9.624228 0.99621865 0.003640
9.630172 0.99839821 0.006373
9.673603 0.99873557 0.005495
9.678241 0.98825687 0.005612
9.712663 0.99278877 0.004089
9.725575 0.99642572 0.004232
9.726784 0.98985161 0.006178
9.742422 0.99909906 0.006619
9.750753 0.99380476 0.007512
9.753270 0.99452497 0.004513
9.826735 0.98717990 0.003976
9.887074 0.99598219 0.004501
9.888888 0.99432924 0.003495
9.892748 0.98793246 0.003044
9.908155 0.98957542 0.007039
9.926111 0.99821738 0.006852
9.966386 0.99576366 0.007011
9.978960 0.98567741 0.006648
9.979379 0.99458637 0.004565
10.001607 0.99295120 0.005235
10.051727 0.98717142 0.007156
10.105842 0.99226408 0.005808
10.148020 0.99293078 0.006551
10.176277 0.98860336 0.004839
10.187931 0.98337757 0.005559
10.193032 0.98207616 0.004231
10.198643 0.99075477 0.007952
10.219696 0.99394933 0.006172
10.231146 1.00179464 0.006638
10.248139 0.98913332 0.007866
10.271688 1.02927389 0.006971
10.285637 0.99597360 0.006070
10.308730 0.99578647 0.004811
10.335967 0.98809255 0.006516
10.347910 0.99343871 0.003194
10.380781 0.98672315 0.006575
10.381768 0.99276352 0.003301
10.425844 0.98581342 0.003670
10.426549 0.98842656 0.007510
10.431429 0.99010643 0.004755
10.450694 0.99068457 0.005016
10.509083 0.98855203 0.004321
10.518104 0.99147672 0.003849
10.524738 0.98895611 0.006480
10.568306 0.98157025 0.007034
10.575046 0.98836311 0.005427
10.575695 1.00299358 0.005423
10.638248 0.98927707 0.005615
10.698379 0.99148655 0.004005
10.703115 0.97813089 0.003066
10.703344 0.97590083 0.003167
10.712793 0.99072959 0.004083
10.733094 0.99272714 0.004811
10.752501 0.99770123 0.006516
10.768294 0.98160440 0.005197
10.771810 0.99076849 0.004363
10.783420 0.98822003 0.005071
10.871143 0.98415541 0.003942
10.881569 0.99106757 0.006153
10.881684 0.98663190 0.003274
10.892594 0.98153899 0.003176
10.904776 0.98282138 0.004000
10.950684 0.98447015 0.005557
10.956267 0.97407256 0.003036
10.976558 0.98717223 0.006040
11.027505 0.97548306 0.005944
11.033348 0.98424948 0.007811
11.051954 0.97000429 0.006152
11.053843 0.97981190 0.003842
11.056047 0.98147796 0.005787
11.056201 0.98542279 0.005562
11.141829 0.97213394 0.005092
11.163598 0.98106210 0.006530
11.178829 0.98641590 0.007348
11.187687 0.98167200 0.006912
11.189412 0.97943734 0.005996
11.218667 0.98620515 0.004732
11.248066 0.98798922 0.003186
11.269110 0.97985194 0.004179
11.285021 0.97786463 0.003928
11.292816 0.97956716 0.003773
11.346354 0.97636766 0.003598
11.360211 0.97897145 0.003298
11.395662 0.98783063 0.003838
11.413745 0.97885867 0.003028
11.453844 0.97696760 0.003928
11.491717 0.98238534 0.004025
11.570297 0.97849096 0.003630
11.582740 0.97340404 0.003274
11.591004 0.98295570 0.003629
11.619582 0.96958370 0.007054
11.623942 0.97601838 0.003669
11.627113 0.97576733 0.003441
11.628633 0.97754096 0.004515
11.650774 0.97829633 0.006446
11.667882 0.97218429 0.003512
11.676595 0.97977408 0.006665
11.710029 0.98174790 0.005228
11.715782 0.97780570 0.005894
11.780813 0.97573018 0.004927
11.816312 0.97089373 0.004822
11.826382 0.98172461 0.004087
11.852701 0.97886479 0.003600
11.895753 0.96862385 0.006856
11.901689 0.96546640 0.004440
11.942006 0.98006986 0.005054
11.952670 0.98233784 0.005388
12.006200 0.97257826 0.006687
12.015259 0.97001480 0.004148
12.036183 0.97329895 0.006146
12.060545 0.97524724 0.007712
12.086317 0.97632104 0.007138
12.112497 0.97307335 0.004237
12.113797 0.97875625 0.006717
12.116042 0.97328403 0.005421
12.132916 0.97573399 0.003984
12.139146 0.97812255 0.003941
12.140900 0.97221888 0.004897
12.170504 0.97308776 0.004040
12.218523 0.96786726 0.004501
12.248768 0.96745395 0.006106
12.274162 0.97158143 0.006186
12.359684 0.97848940 0.005272
12.361066 0.97781229 0.006885
12.384161 0.98360486 0.003663
12.414384 0.98060150 0.006235
12.417515 0.96757710 0.003541
12.450814 0.97969889 0.005625
12.474873 0.98035966 0.007422
12.477968 0.98035476 0.006356
12.500585 0.97223934 0.005966
12.517697 0.97821426 0.005443
12.577367 0.96783796 0.003385
12.579078 0.97022295 0.005113
12.605966 0.97111906 0.006369
12.628819 0.96888256 0.007073
12.632342 0.96856677 0.003064
12.640027 0.96901054 0.004098
12.660970 0.98182715 0.004741
12.697294 1.03525768 0.007962
12.699325 0.97748955 0.004626
12.729400 0.97950454 0.003729
12.739633 0.97719211 0.007160
12.758852 0.96464881 0.006844
12.775783 0.97023302 0.003488
12.800790 0.97117508 0.003746
12.836730 0.97168799 0.004944
12.929708 0.97531138 0.006464
12.951660 0.98020316 0.004737
12.973701 0.97252999 0.003825
12.990093 0.97421829 0.003179
12.990983 0.97501441 0.006505
13.019875 0.96603525 0.006240
13.039786 0.97665628 0.005575
13.057859 0.98160088 0.007714
13.059603 0.96849096 0.005629
13.088786 0.97455693 0.006967
13.156367 0.97283531 0.007740
13.174762 0.97813650 0.004246
13.243024 0.96753718 0.005415
13.244594 0.97722326 0.007688
13.245396 0.97063942 0.003437
13.251126 0.97731796 0.004872
13.257683 0.97560537 0.004230
13.262157 0.97050238 0.006538
13.278000 0.96230381 0.003652
13.336018 0.97173676 0.004321
13.362694 0.97877015 0.003739
13.416089 0.97671259 0.003997
13.421011 0.97575035 0.006729
13.468246 0.97274029 0.003777
13.487655 0.98285413 0.005227
13.509998 0.98778383 0.003969
13.533730 0.98307248 0.007378
13.551497 0.96918183 0.004348
13.555058 0.97956550 0.006814
13.596520 0.97042486 0.005073
13.632125 0.97411714 0.005675
13.651980 0.96942506 0.003882
13.698180 0.98501493 0.007825
13.713862 0.97610813 0.005109
13.717090 0.97516267 0.006642
13.733240 0.99089927 0.003656
13.740785 0.97486736 0.007007
13.740812 0.97431489 0.005753
13.747798 0.98743339 0.003187
13.758545 0.97506989 0.003369
13.790422 0.98150120 0.006500
13.807456 0.98373781 0.004671
13.841676 0.98064571 0.007909
13.848833 0.97746960 0.006356
13.865254 0.98006071 0.004533
13.894878 0.98249403 0.003891
13.895759 0.98371669 0.006322
13.945842 0.99219459 0.007986
13.985893 0.97925608 0.005341
13.999465 0.97175138 0.007808
13.999687 0.98166783 0.007224
13.999890 0.97772998 0.007121
14.018877 0.98768995 0.007020
14.040088 0.97922719 0.005460
14.045641 0.98390426 0.005963
14.059235 0.98899467 0.006504
14.061910 0.97216440 0.005909
14.082833 0.97813532 0.005250
14.083794 0.98183398 0.004064
14.095798 0.97280792 0.005161
14.099909 0.97944530 0.004355
14.111314 0.97703922 0.004158
14.148254 0.98239641 0.007943
14.152297 0.97978770 0.007526
14.182968 0.98067635 0.005624
14.199576 0.98257875 0.006738
14.236132 0.98555865 0.005419
14.243561 0.98307472 0.004552
14.243667 0.98373227 0.003893
14.247546 0.98223112 0.004080
14.248360 0.98467659 0.004430
14.271136 0.98756409 0.003237
14.275429 0.98638417 0.006758
14.287323 0.98882415 0.004951
14.293320 0.97630959 0.006833
14.325574 0.98265724 0.006031
14.333746 0.98921006 0.004386
14.334867 0.99134547 0.007929
14.337235 0.97438388 0.004170
14.374657 0.98949588 0.007247
14.391185 0.98117159 0.003055
14.395910 0.98437310 0.005716
14.406960 0.97401039 0.006369
14.430356 0.98380805 0.003322
14.434241 0.98794870 0.003280
14.440886 0.98278601 0.003950
14.440925 0.98524506 0.007593
14.447508 0.98526714 0.005093
14.457984 0.99208806 0.003070
14.477826 0.98923528 0.005903
14.513822 0.98746235 0.003872
14.517403 0.99020208 0.003058
14.519414 0.99562195 0.006276
14.544566 0.98001370 0.005007
14.571648 1.04986882 0.003405
14.578081 0.99283746 0.003417
14.578128 0.99164132 0.003589
14.579710 0.98350316 0.007994
14.610338 0.99221234 0.006472
14.619677 0.98786921 0.004254
14.656652 0.99043815 0.005475
14.670881 0.98429842 0.006002
14.673969 0.98925335 0.003282
14.711053 0.98709013 0.003046
14.725678 0.97448341 0.005068
14.727889 0.98794068 0.007869
14.742036 0.99648477 0.003984
14.750485 0.99389019 0.007508
14.755395 0.99185454 0.004998
14.776954 0.99242784 0.006282
14.802936 0.98541893 0.004473
14.825001 0.98656157 0.005347
14.862160 0.98511020 0.005532
14.876868 0.99371312 0.007639
14.901113 0.99062672 0.006795
14.905561 0.99385167 0.003604
14.920223 0.98691709 0.007231
14.931446 0.98758882 0.007437
14.963968 0.99697076 0.003385
15.064971 0.99040933 0.004152
15.072138 1.00707328 0.005838
15.079953 0.99136725 0.007414
15.107066 0.99549430 0.003925
15.123596 0.99781034 0.003453
15.141927 1.00416436 0.007984
15.146230 0.99800250 0.007843
15.175755 1.00044956 0.005233
15.187576 0.99496885 0.004594
15.189922 0.99449461 0.004928
15.192863 0.99641316 0.007890
15.252494 0.99670443 0.004297
15.260520 0.99956212 0.003302
15.292031 0.99933920 0.004176
15.304869 1.00212789 0.007679
15.324085 0.99618897 0.005870
15.331549 0.99657494 0.003222
15.397018 0.99853779 0.004705
15.532308 1.01035847 0.005563
15.535047 1.00560160 0.006026
15.577500 0.99595884 0.005785
15.609996 1.00487679 0.006995
15.668611 1.00529293 0.003007
15.682683 1.01234642 0.004261
15.703989 1.04937705 0.007220
15.758877 1.00987834 0.004182
15.772852 1.00220073 0.004260
15.785659 1.01080505 0.003520
15.797588 1.01346337 0.004306
15.800492 1.00814428 0.007089
15.825962 1.00645862 0.003978
15.847716 0.99899256 0.007672
15.876676 1.00427983 0.006822
15.881178 1.01906904 0.003286
15.910418 1.00267355 0.006839
15.935385 1.01043860 0.005798
15.936151 1.00578519 0.007881
15.990700 1.00918009 0.003924
16.021033 1.00769429 0.003926
16.026103 1.01279647 0.006205
16.066351 1.01467030 0.006654
16.080784 1.01525787 0.004306
16.089378 1.01229674 0.007055
16.112993 1.00842245 0.003543
16.128628 1.01959265 0.006344
16.243618 1.01448373 0.005053
16.265587 1.01052600 0.004159
16.267039 1.01369130 0.003959
16.271547 1.01772553 0.003014
16.278041 1.02380879 0.003590
16.290806 1.00944480 0.006844
16.292146 1.01407875 0.007497
16.296603 1.01685094 0.004413
16.344907 1.01354685 0.003568
16.374815 1.01618138 0.003689
16.394408 1.02078059 0.006878
16.395962 1.00997106 0.004241
16.396587 1.01506506 0.007771
16.428034 1.01422095 0.005121
16.435578 1.01134051 0.007898
16.470010 1.01587259 0.003395
16.506086 1.01861733 0.007570
16.562408 1.01668681 0.005911
16.578062 1.01648252 0.003422
16.616218 1.01179519 0.007140
16.643188 1.01617301 0.004063
16.660580 1.00879318 0.003634
16.709843 1.01480902 0.003159
16.730900 1.02055848 0.007198
16.748435 1.02797345 0.004217
16.793167 1.02830854 0.003590
16.808412 1.09875005 0.005241
16.845499 1.01395890 0.004440
16.848395 1.01731455 0.006180
16.876829 1.02301189 0.007219
16.886466 1.01488335 0.006331
16.892253 1.02438431 0.006209
16.895671 1.03557833 0.005436
16.910819 1.01962968 0.005114
16.942633 1.02417719 0.007978
16.954822 1.02424437 0.007958
16.960518 1.02060879 0.005152
16.991821 1.02093856 0.004580
16.992206 1.01975075 0.005174
16.994964 1.01851673 0.006353
17.001210 1.02048744 0.006855
17.036419 1.03002249 0.007263
17.042687 1.03404015 0.003367
17.138354 1.02087482 0.003810
17.159829 1.02234356 0.007780
17.202161 1.02482927 0.007122
17.205206 1.01937656 0.003487
17.225101 1.02037928 0.007692
17.237010 1.01968095 0.004753
17.260382 1.02390338 0.007594
17.269402 1.01791197 0.005719
17.273034 1.02840004 0.007294
17.297432 1.02782099 0.003928
17.301451 1.02515640 0.006901
17.316869 1.02533338 0.004474
17.341101 1.02508625 0.006528
17.348403 1.01946997 0.004470
17.382634 1.02218728 0.006497
17.419456 1.02867211 0.007007
17.422213 1.01859590 0.006300
17.431069 1.01778292 0.006044
17.447060 1.02122855 0.007174
17.452220 1.02757549 0.006365
17.470426 1.01800722 0.005511
17.537467 1.03099231 0.006621
17.539463 1.02790218 0.007839
17.550555 1.02702741 0.004514
17.570926 1.02674924 0.006444
17.586740 1.02565926 0.006116
17.603179 1.02482953 0.007985
17.646848 1.02272614 0.005949
17.651527 1.02223127 0.005930
17.656520 1.02434121 0.005537
17.662748 1.02656602 0.006126
17.664840 1.01819883 0.005128
17.665397 1.02915032 0.007979
17.693198 1.03128328 0.004854
17.702807 1.03026665 0.004742
17.722073 1.09118321 0.004514
17.763537 1.02790654 0.003752
17.783587 1.03331241 0.007761
17.836849 1.02922489 0.003419
17.840757 1.01604341 0.003695
17.858619 1.02542953 0.005445
17.869445 1.03803286 0.006048
17.874324 1.02611393 0.007157
17.878445 1.03135580 0.005014
17.898029 1.02290310 0.004576
17.901119 1.02631584 0.004179
17.931084 1.02567682 0.004335
17.980826 1.02687535 0.003707
17.984893 1.02813027 0.007653
17.991950 1.02851891 0.006288
18.022458 1.05315763 0.005884
18.044160 1.02904212 0.005908
18.070915 1.02003802 0.005440
18.107277 1.01836303 0.007127
18.111019 1.02711023 0.005330
18.142386 1.03043274 0.003016
18.170307 1.02643385 0.006171
18.170598 1.02232529 0.003636
18.211430 1.02782824 0.007857
18.224469 1.03018625 0.007207
18.254909 1.02799676 0.006492
18.259865 1.02880667 0.005711
18.283784 1.01848199 0.004939
18.291463 1.03257320 0.005240
18.307781 1.02517693 0.007229
18.347723 1.02874762 0.003936
18.356378 1.01176440 0.004902
18.375987 1.02567891 0.004921
18.399819 1.02115382 0.004240
18.404418 1.02914359 0.005610
18.406305 1.01762502 0.003192
18.421365 1.02562519 0.007060
18.423438 1.02730834 0.003899
18.434717 1.03375713 0.006670
18.444707 1.03414525 0.007694
18.458332 1.02551119 0.007713
18.464550 1.02230580 0.007771
18.470705 1.00984361 0.004336
18.479122 1.03279684 0.003211
18.495627 1.03273077 0.007781
18.535932 1.02175478 0.005393
18.538618 1.02541165 0.004165
18.544776 1.01546818 0.007519
18.584812 1.02086932 0.004099
18.599854 1.02248427 0.004484
18.611325 1.01833421 0.004766
18.628828 1.02530727 0.007808
18.629508 1.02804584 0.003323
18.643069 1.01806115 0.004654
18.670842 1.02001015 0.004720
18.679870 1.02894508 0.004539
18.690956 1.02067673 0.003201
18.703837 1.02610441 0.003594
18.711251 1.02912477 0.003981
18.721633 1.03009290 0.005331
18.728164 1.02758741 0.005295
18.729708 1.02870619 0.007641
18.741831 1.03116711 0.007002
18.754575 1.03586353 0.006359
18.816750 1.02239021 0.006690
18.830360 1.02046209 0.007139
18.851623 1.02551068 0.003272
18.879501 1.02524692 0.004655
18.891647 1.01995507 0.005465
18.900579 1.02049748 0.004935
18.912739 1.01386860 0.006466
18.914929 1.02283588 0.006002
18.935310 1.01598906 0.005607
18.956136 1.02276625 0.003471
18.963836 1.01734566 0.003432
18.968515 1.02510937 0.003921
18.996571 1.02426336 0.004776
18.999728 1.02038554 0.003292
19.002571 1.01587817 0.006302
19.023915 1.02837959 0.004862
19.031893 1.01726554 0.003846
19.050365 1.01209302 0.003722
19.062957 1.02707010 0.006601
19.068151 1.01691603 0.004449
19.136595 1.03015033 0.006815
19.169955 0.96790235 0.007573
19.243902 1.01875559 0.004140
19.254696 1.01201383 0.003756
19.256435 1.02372785 0.003562
19.281404 1.01938433 0.005964
19.362706 1.01156475 0.006180
19.374465 1.02075268 0.003489
19.411831 1.00594264 0.005549
19.415799 1.01823874 0.005219
19.417605 1.01409667 0.003399
19.419506 1.01802799 0.003946
19.421544 1.02243293 0.004465
19.428253 1.01568635 0.004818
19.516128 1.00753087 0.006251
19.547746 1.01619262 0.007665
19.562144 1.01465157 0.003434
19.570756 1.01572020 0.007862
19.580496 1.01832993 0.006883
19.581631 1.01942678 0.005322
19.589455 1.00625646 0.007014
19.598259 1.02094900 0.003057
19.643040 1.01248563 0.005988
19.694921 1.01610188 0.006442
19.728258 1.01442831 0.007623
19.762631 1.01427000 0.007835
19.765614 1.01524424 0.005632
19.772738 1.02300704 0.004208
19.778542 1.00737882 0.003189
19.788336 1.01477784 0.003424
19.802509 1.02009996 0.005732
19.883045 1.01283522 0.006616
19.922065 1.01419117 0.006980
19.923262 1.01777203 0.004977
19.944921 1.01171955 0.003740
19.949508 1.00486521 0.003332
19.991220 1.01123769 0.005640
20.014685 1.00710814 0.007686
20.024064 1.01462594 0.004087
20.039662 1.00849476 0.007301
20.072989 1.00854080 0.004467
20.102676 1.01848459 0.006232
20.103711 1.01765927 0.005936
20.111950 1.00344970 0.006197
20.130174 1.00680068 0.006457
20.207496 1.01501598 0.007800
20.213999 0.99943018 0.007777
20.269633 1.00478101 0.006669
20.286936 1.00689696 0.004558
20.339832 1.01106875 0.004011
20.400109 1.01317952 0.007708
20.447357 0.91912759 0.005820
20.464907 1.01054285 0.004265
20.473767 1.00458879 0.006090
20.490258 1.01037862 0.004693
20.506287 1.00620572 0.007923
20.533530 1.00937941 0.005449
20.536497 1.00719916 0.004583
20.542853 1.01141300 0.007835
20.548857 0.99811920 0.006760
20.622116 1.00411350 0.004739
20.631775 1.00547784 0.007869
20.647793 1.00452868 0.007778
20.650970 1.00494906 0.007083
20.668136 1.01428993 0.006372
20.697761 1.01424751 0.006649
20.697762 1.00181587 0.007803
20.798326 1.01294946 0.003528
20.821602 1.00673654 0.005950
20.870100 1.00642047 0.003888
20.871310 0.99667985 0.004375
20.910808 1.00537634 0.005526
20.917476 1.01415339 0.007736
20.961273 0.99730649 0.004919
20.968774 0.99966128 0.004417
20.988308 0.99839211 0.003875
20.992693 1.00956463 0.005881
21.027117 1.00325469 0.005539
21.037926 1.00026965 0.003427
21.049003 1.00289597 0.007459
21.068725 1.00453231 0.003494
21.113645 1.00886438 0.005824
21.150184 1.00958673 0.003473
21.202515 1.00238489 0.006781
21.204607 1.00182018 0.003071
21.206416 1.01418492 0.005625
21.207900 0.99741155 0.004858
21.215661 1.01027473 0.003948
21.266007 1.00623180 0.006154
21.291731 1.00460835 0.006072
21.299974 1.00615664 0.006319
21.370902 1.00724043 0.005431
21.380863 0.99354781 0.005452
21.390890 0.99496858 0.005095
21.391874 1.00139084 0.007590
21.392213 1.00366824 0.007662
21.434039 1.00653736 0.005020
21.450569 1.00089249 0.006681
21.498808 1.00251110 0.004241
21.517217 0.99934983 0.003136
21.519646 0.99618679 0.004178
21.521534 0.99745678 0.004616
21.535438 0.99550878 0.007480
21.552287 1.00460754 0.005308
21.564831 0.99790497 0.003683
21.565101 0.99958527 0.006995
21.640490 1.00807841 0.006057
21.670416 0.99868240 0.005851
21.676963 1.00372138 0.005465
21.699176 0.99474555 0.004292
21.746597 0.99839261 0.007004
21.756185 0.98984862 0.007290
21.759639 0.99641680 0.006518
21.784809 0.99286952 0.007531
21.808110 1.00958462 0.004044
21.829136 1.00182738 0.004594
21.835303 1.00692697 0.007389
21.856427 0.99809956 0.005434
21.868570 1.00294454 0.006601
21.954688 0.99795569 0.006968
21.968462 1.00268162 0.003046
21.968804 0.99254049 0.007483
21.977139 1.00140713 0.003591
21.979645 1.01290810 0.004065
22.007977 1.00681987 0.003611
22.008859 0.99715247 0.003063
22.059267 0.99745107 0.004308
22.065268 1.00663201 0.003172
22.077785 0.99102736 0.003047
22.090759 1.00920386 0.005193
22.107141 1.00642064 0.004941
22.107433 1.06811783 0.006182
22.109233 0.99886992 0.003268
22.143498 0.99524710 0.005134
22.165014 0.99697878 0.007894
22.184496 1.00231740 0.003688
22.186217 0.99118415 0.005279
22.225901 1.00001111 0.006680
22.264426 0.99648447 0.003933
22.287117 0.99463378 0.006361
22.293117 0.99527995 0.005328
22.310439 1.00463546 0.007294
22.360844 0.99976382 0.006041
22.383854 1.00005417 0.005979
22.405979 1.00501168 0.004688
22.430232 0.99725960 0.007307
22.485307 1.00410183 0.007630
22.493738 1.00276489 0.005032
22.497477 0.99401438 0.004533
22.501750 0.99694953 0.005280
22.536026 0.99825446 0.004100
22.540211 0.99365709 0.007209
22.579887 0.99964122 0.005298
22.585706 0.99331064 0.007181
22.606729 0.99872267 0.005677
22.639213 1.00515196 0.003147
22.660531 0.99773280 0.006614
22.720713 0.99122966 0.005333
22.730886 1.00127691 0.004216
22.741564 0.99752854 0.005833
22.774649 1.00382489 0.005354
22.805631 1.00596628 0.003485
22.806344 0.99505574 0.005476
22.812086 0.98978219 0.006618
22.827641 1.00453314 0.007595
22.860921 0.99727733 0.005127
22.884068 0.99553712 0.006516
22.910593 0.99360907 0.005098
22.918039 1.00470958 0.007047
22.919821 1.00363188 0.005412
22.935616 0.98905205 0.006742
22.947585 1.00875453 0.006911
22.959347 1.00128069 0.005366
22.975521 1.00434810 0.006052
23.014414 0.99749112 0.005322
23.083311 0.99500900 0.007161
23.088351 1.00581165 0.004994
23.115087 1.00688559 0.004254
23.131360 1.00162676 0.007797
23.132461 0.99192058 0.003936
23.145495 1.00684401 0.005681
23.170127 1.00258150 0.003404
23.171693 1.00800702 0.004027
23.172231 1.00151069 0.007369
23.178196 0.99365104 0.006664
23.184859 0.99025044 0.006685
23.185786 1.00234371 0.004631
23.230607 1.00071842 0.003632
23.232741 0.99190547 0.006548
23.233367 1.00026675 0.005880
23.253146 0.99886428 0.005163
23.272986 1.00422281 0.003778
23.293628 0.99781302 0.005691
23.342795 1.00748568 0.006335
23.345116 1.00327233 0.007306
23.373398 1.00433499 0.004071
23.392855 1.00181767 0.005135
23.410439 0.99430947 0.007318
23.419869 1.00842583 0.004801
23.439954 0.99881558 0.003048
23.482612 0.99732844 0.006591
23.535287 0.99297857 0.003750
23.537791 0.99760601 0.007593
23.567494 0.99655780 0.004124
23.574220 0.99925407 0.007272
23.576240 0.99884947 0.007647
23.577916 1.00043700 0.007460
23.606940 1.08365311 0.006625
23.618510 0.99600086 0.004027
23.633877 0.99068047 0.007704
23.636902 0.99685480 0.004414
23.715879 1.00744219 0.007076
23.723903 1.00442284 0.007630
23.739002 0.99761766 0.004383
23.750819 0.99753088 0.003277
23.765780 0.99631820 0.006622
23.776104 1.00076744 0.007344
23.780548 1.00066674 0.003675
23.786312 1.00012855 0.005303
23.792123 1.00030116 0.004970
23.812442 0.99523480 0.007517
23.828579 1.00461641 0.005765
23.840080 1.00222255 0.005361
23.844367 1.00446422 0.006581
23.868694 0.99773740 0.006847
23.881656 0.99768425 0.005777
23.885303 1.00218150 0.004964
23.941304 0.98749882 0.007770
23.950757 0.99907935 0.006628
23.968217 0.99677610 0.007553
23.970598 0.99903512 0.004878
23.970979 0.98873369 0.004623
23.973715 0.99807566 0.007940
23.974830 1.00033677 0.007106
23.979195 0.99566487 0.006176
23.990830 1.00109737 0.007164
24.024261 1.00052996 0.005175
24.042937 1.00152021 0.006594
24.045727 0.99256034 0.006435
24.093701 0.99029250 0.003188
24.101297 0.99993819 0.006302
24.145208 1.00415879 0.004809
24.202527 0.99821534 0.005649
24.217644 0.99601800 0.007675
24.218525 0.99751424 0.006494
24.240507 0.99543006 0.007529
24.271436 0.99581031 0.005303
24.286325 1.00100309 0.007782
24.339808 0.99925630 0.003829
24.344949 0.99149636 0.007784
24.368901 1.01142289 0.007004
24.373102 1.00345490 0.007627
24.374787 0.99709020 0.005128
24.379555 0.99726524 0.004897
24.385592 0.98997205 0.007378
24.435143 1.00186922 0.005610
24.438949 0.99328470 0.005993
24.452066 0.99647340 0.007240
24.482897 0.99442062 0.004212
24.489441 0.99341257 0.004346
24.492274 0.99662861 0.004676
24.498266 0.99637619 0.004265
24.515842 0.99576863 0.005174
24.525111 0.99711099 0.006852
24.533570 0.99856819 0.006007
24.562132 1.00262566 0.007580
24.594815 0.99400638 0.007622
24.627233 0.99263323 0.006127
24.695032 0.99732571 0.003234
24.710222 0.99233256 0.005940
24.721459 0.98999723 0.003890
24.745324 0.99862494 0.003375
24.763800 0.98733220 0.003846
24.799263 0.99050825 0.007435
24.812559 0.99207260 0.003970
24.843803 0.99892434 0.006708
24.899577 0.99519292 0.003329
24.910140 1.00210711 0.005105
24.942490 1.00659366 0.006116
24.953637 0.99445003 0.007050
24.967160 1.00000743 0.006020
24.988552 0.98992202 0.005905
25.004574 0.99748568 0.003365
25.013571 0.99341436 0.004631
25.077799 1.00163751 0.006411
25.127135 0.99857433 0.006744
25.160696 0.99589490 0.005404
25.204425 0.99106025 0.003108
25.233512 0.99623313 0.004814
25.266479 0.99814625 0.003805
25.267715 0.99078858 0.004080
25.268684 0.98593413 0.003544
25.272261 0.98176094 0.003706
25.272955 0.99029057 0.004258
25.275970 0.99323226 0.003787
25.276206 0.98219462 0.005579
25.307600 0.99802096 0.003062
25.347143 0.98929078 0.005028
25.348721 0.99159665 0.005115
25.355206 1.00066139 0.004255
25.374093 0.99057324 0.007469
25.390176 0.99704719 0.005780
25.399702 0.98779056 0.006494
25.412526 1.00037763 0.005364
25.425841 0.99480364 0.007209
25.454519 0.99757507 0.003695
25.493384 0.98625428 0.003213
25.498380 0.99966947 0.003711
25.516848 0.98196281 0.005503
25.517004 0.98999935 0.004510
25.519123 0.98753299 0.007517
25.558155 0.99302048 0.005309
25.595101 0.99215017 0.003180
25.611923 0.98399197 0.005793
25.613143 0.99243894 0.007782
25.674374 0.99301925 0.003072
25.701159 0.99279192 0.005122
25.703492 0.99221875 0.005006
25.706295 0.99555443 0.003860
25.749562 0.99507827 0.005426
25.781446 0.98435874 0.005886
25.784818 1.00255087 0.007323
25.843633 0.98467997 0.006120
25.866489 0.99262646 0.005708
25.892972 0.99083426 0.003991
25.905518 0.99090702 0.007132
25.908940 0.98280207 0.003728
25.922646 0.98535652 0.004813
25.932126 0.98116158 0.005930
25.938231 0.99348584 0.006610
25.962964 0.98788813 0.005224
25.966713 0.98768663 0.003624
25.983504 0.99529032 0.005041
25.985505 0.98827339 0.004643
26.037250 0.98011568 0.004033
26.049466 0.98568515 0.005790
26.069804 0.98765138 0.003657
26.081291 0.97884840 0.004971
26.099395 0.98783575 0.003298
26.114335 0.98664687 0.003706
26.131230 0.98224522 0.007212
26.151348 0.98804373 0.007407
26.151510 0.99248733 0.005628
26.158637 0.97655464 0.006775
26.235847 0.98891872 0.007416
26.331083 0.98730289 0.004834
26.334125 0.98318856 0.007965
26.344264 0.97596447 0.006601
26.363927 0.97606124 0.005540
26.382900 0.99303076 0.004049
26.391744 0.98788895 0.007149
26.448756 0.98345793 0.003122
26.451090 0.98140746 0.003573
26.451776 0.97791804 0.007792
26.466704 0.85929702 0.004285
26.475958 0.98811933 0.007654
26.496001 0.97908648 0.004785
26.511528 0.98075461 0.007688
26.548391 0.98451544 0.007010
26.555905 0.97540577 0.003979
26.570642 0.97404048 0.003668
26.594311 0.98428488 0.004087
26.599206 0.98658042 0.005493
26.604993 0.98446749 0.003462
26.627815 0.97592889 0.005994
26.647607 0.98289075 0.003475
26.675526 0.98323479 0.007174
26.691249 0.98371399 0.004520
26.714125 1.04549886 0.006091
26.719965 0.97087488 0.005818
26.729621 0.98355875 0.007648
26.770694 0.97737805 0.006302
26.778006 0.98231263 0.004800
26.781243 0.98216338 0.006429
26.793610 0.98195092 0.006575
26.825363 0.98182415 0.005568
26.827560 0.97698591 0.007019
26.867131 0.97271078 0.003970
26.903040 0.97975202 0.007606
26.959341 0.96767049 0.006118
26.964971 0.97492703 0.004358
26.976677 0.98103295 0.005109
27.018175 0.97469289 0.006988
27.050008 0.98144295 0.003220
27.088665 0.97583933 0.003130
27.161477 0.98575306 0.006270
27.180703 0.97395144 0.005187
27.239967 0.97797147 0.006034
27.242879 0.96883328 0.003709
27.266176 0.98285481 0.004377
27.267811 0.97768086 0.005111
27.286514 0.97651060 0.006014
27.294968 0.98234830 0.004688
27.296854 0.97781008 0.007259
27.314546 0.96417874 0.004714
27.343383 0.97975900 0.003390
27.354436 0.97263613 0.003315
27.374410 0.97396815 0.004923
27.411463 0.96752410 0.007387
27.433112 0.96798759 0.007739
27.492373 0.98215266 0.007542
27.496424 0.97073589 0.004567
27.523610 0.97831495 0.004322
27.536390 0.97361750 0.004629
27.593586 0.97667773 0.005458
27.596750 0.97650890 0.004139
27.644466 0.98018450 0.007095
27.679211 0.96694162 0.006444
27.691249 0.97482503 0.006269
27.694533 0.97212628 0.005819
27.709110 0.98141656 0.006710
27.724159 0.97583829 0.004562
27.744497 0.97840756 0.003594
27.790515 0.97285380 0.003761
27.848889 0.97538848 0.007546
27.867463 0.97910008 0.004878
27.874057 0.96806527 0.004100
27.902154 0.97752307 0.007882
27.918805 0.96393201 0.004459
28.037351 0.97543635 0.004521
28.040143 0.97758148 0.005601
28.078528 0.97669553 0.004844
28.151020 0.97962991 0.007491
28.151452 0.97924402 0.003252
28.230260 0.97328347 0.003175
28.242643 0.97327594 0.005681
28.268466 0.96579818 0.003083
28.269105 0.97685223 0.005357
28.318732 0.97623967 0.005994
28.340702 0.97681512 0.004366
28.376328 0.98417323 0.007380
28.383656 0.97139139 0.005313
28.394524 0.97665236 0.006519
28.411117 0.97678399 0.005389
28.441489 0.97142816 0.003837
28.441795 0.97198665 0.007476
28.458370 0.97459378 0.007310
28.500952 0.98113151 0.003375
28.553731 0.97461786 0.006826
28.558487 0.97103389 0.006970
28.574188 0.98019756 0.006593
28.579023 0.97259377 0.004933
28.622358 0.97203972 0.006519
28.624030 0.96750275 0.005605
28.650221 0.97643825 0.006654
28.669185 0.98199986 0.007323
28.713587 0.97795179 0.007997
28.719766 0.97591302 0.005061
28.753855 0.96991129 0.006575
28.759700 0.98022139 0.006571
28.763460 0.97778126 0.004308
28.799790 0.96877394 0.003789
28.850924 0.98733372 0.005409
28.879437 0.97922066 0.005794
28.913161 0.97431877 0.004745
28.915282 0.97311629 0.005938
28.920177 0.98067088 0.004698
28.949342 0.98115315 0.005763
28.950747 0.97967595 0.004101
28.976191 0.97708322 0.004975
28.977364 0.96973832 0.004250
28.977440 0.98224619 0.004469
29.028620 0.98121557 0.005170
29.033945 0.98465106 0.006835
29.055623 0.98128815 0.005137
29.093399 0.98862996 0.003268
29.094012 0.98326123 0.006526
29.109009 0.97499625 0.004433
29.110623 0.98136673 0.003608
29.111708 0.97364664 0.007180
29.134830 0.99750389 0.003332
29.166169 0.98138729 0.007795
29.179714 0.97575696 0.004769
29.234108 0.98759053 0.007467
29.246974 0.98397645 0.005182
29.258194 0.97997164 0.005594
29.272430 0.97467040 0.003216
29.286177 0.97681637 0.006344
29.298714 0.97928830 0.005814
29.310513 0.98092965 0.006831
29.317937 0.97728848 0.003204
29.318094 0.97561459 0.005369
29.330947 0.97986557 0.005672
29.348401 0.99150126 0.004937
29.350946 0.97898202 0.004946
29.407754 0.97890438 0.003403
29.443016 0.97372033 0.004137
29.474338 0.98183955 0.004128
29.481415 0.98339411 0.005741
29.482645 0.97820110 0.005352
29.498851 0.98733639 0.003133
29.522759 0.98054194 0.005384
29.558820 0.98844094 0.004509
29.570747 0.97668862 0.005673
29.572513 0.98610336 0.003825
29.596944 0.97472084 0.005718
29.603578 0.98508633 0.004977
29.659201 0.98762359 0.006752
29.669258 0.98707951 0.004247
29.690667 0.98585856 0.007713
29.694464 0.98843190 0.007788
29.699691 0.98025999 0.006055
29.708073 0.98720990 0.005925
29.718526 0.99015617 0.004877
29.739910 0.98928852 0.007779
29.745260 0.98237975 0.006276
29.779010 0.98791630 0.004378
29.797646 0.97990193 0.006208
29.811001 0.98397894 0.003420
29.847316 0.98489448 0.004458
29.868090 0.99366994 0.004131
29.894629 0.99187838 0.006262
29.910221 0.99013952 0.004409
29.932662 0.98566566 0.004002
29.998309 0.98401633 0.004647
30.006463 0.99822564 0.003843
30.014569 0.98710205 0.004399
30.017686 0.98706175 0.007250
30.026368 0.99170233 0.006244
30.052769 1.00097439 0.006083
30.092114 0.99542871 0.004795
30.103152 0.99346752 0.004136
30.120147 0.99855877 0.006978
30.125427 0.99925641 0.004986
30.132095 0.99010034 0.005157
30.187360 0.99467733 0.004909
30.200203 0.99207860 0.007280
30.229762 1.00603472 0.007326
30.239686 1.00244452 0.005434
30.242362 0.98888229 0.004139
30.284309 0.99838512 0.005268
30.290604 0.98694962 0.004083
30.333568 0.99525670 0.006151
30.344945 0.99693550 0.005250
30.374478 0.99306612 0.006079
30.431327 0.99999201 0.004495
30.478883 1.00581509 0.007354
30.494555 0.99749530 0.006318
30.499683 0.99547828 0.007668
30.540028 0.99777017 0.005670
30.542073 1.00113160 0.004236
30.553392 0.99866630 0.003359
30.565332 1.00084747 0.005363
30.574656 1.00307678 0.003953
30.604543 0.99393581 0.006529
30.644505 1.01185666 0.004133
30.651744 0.99157586 0.004440
30.661337 0.99443469 0.004284
30.680846 0.99744809 0.003785
30.693799 0.99350411 0.005325
30.704324 0.99852909 0.003978
30.727636 1.00859818 0.006385
30.734086 1.00232959 0.006315
30.742702 0.99812615 0.003201
30.791463 0.99984228 0.003282
30.832855 1.01838821 0.006047
30.850109 1.00819366 0.006510
30.868913 1.00890890 0.004823
30.873704 1.00428479 0.006839
30.886829 0.99935200 0.004031
30.899469 0.99717790 0.003297
30.925810 1.01450175 0.003384
30.952198 1.00425081 0.003487
30.970335 1.01251112 0.005168
30.982378 1.01241750 0.005667
30.988251 1.01094053 0.003848
30.990787 0.99484601 0.006478
31.013780 1.00610567 0.007697
31.017884 1.01174911 0.005953
31.020441 1.00408856 0.006119
31.068894 1.00897029 0.007106
31.073948 1.00777134 0.006495
31.077908 1.08121318 0.006668
31.083233 1.00825439 0.004852
31.084654 1.00073459 0.004357
31.115879 1.01895978 0.003037
31.175418 1.00229616 0.005397
31.179325 1.00878603 0.005901
31.184271 1.01131664 0.005387
31.207445 0.99920560 0.004676
31.268476 1.01687993 0.007665
31.294957 1.01362721 0.004510
31.298936 1.01997149 0.005181
31.299403 1.01139874 0.004629
31.336900 1.00507406 0.003296
31.344307 1.01331264 0.007219
31.347004 1.01077425 0.004990
31.364230 1.01169068 0.004809
31.367603 1.01071359 0.003987
31.398971 1.01520835 0.003817
31.409287 1.01270771 0.004984
31.523712 1.01658387 0.004272
31.556160 1.01153218 0.007630
31.563018 1.01610590 0.007915
31.564544 1.01612037 0.006133
31.568491 1.01701450 0.006051
31.651627 1.01489576 0.006533
31.692367 1.01711270 0.004543
31.744632 1.01775236 0.007425
31.761978 1.01948475 0.005296
31.783663 1.00909702 0.003711
31.789657 1.01064830 0.005363
31.803472 1.01617716 0.005007
31.804704 1.01777479 0.004329
31.838664 1.01931846 0.003645
31.845505 1.02101595 0.003327
31.894731 1.02017344 0.007529
32.126930 1.02347810 0.006069
32.147623 1.02477445 0.003080
32.155630 1.01707944 0.007407
32.163129 1.01690086 0.004351
32.178402 1.01252589 0.005421
32.191925 1.02000834 0.003591
32.232612 1.02095452 0.006866
32.253620 1.02680682 0.006586
32.253720 1.02514495 0.004008
32.272771 1.02056076 0.004311
32.280109 1.01454369 0.003053
32.311043 1.01969368 0.006144
32.332381 1.02097392 0.007204
32.345688 1.02542960 0.006843
32.351091 1.01893355 0.003393
32.396158 1.02505558 0.007048
32.492147 1.02982427 0.006417
32.498824 1.02221048 0.004774
32.513265 1.01911237 0.007120
32.523222 1.02451031 0.007546
32.537083 1.02433710 0.006414
32.548284 1.03106425 0.006566
32.559501 1.02500287 0.004227
32.589407 1.03105757 0.006899
32.596872 1.01944506 0.005183
32.626347 1.01849510 0.003011
32.636253 1.02729072 0.004052
32.636393 1.02154963 0.007221
32.647668 1.02618815 0.003401
32.649680 1.02413906 0.003707
32.668881 1.01586647 0.006348
32.674454 1.02977127 0.006421
32.677489 1.02025453 0.006160
32.680762 1.03288695 0.003863
32.686668 1.01862777 0.006516
32.686721 1.02412074 0.003629
32.716294 1.03052281 0.007444
32.719400 1.02185576 0.003350
32.722385 1.01944202 0.005153
32.724134 1.02687507 0.006442
32.772565 1.02557770 0.007150
32.807954 1.02775179 0.005306
32.887395 1.02740090 0.005375
32.911217 1.02821197 0.003896
32.921007 1.02099472 0.004351
32.959187 1.02847610 0.007487
32.989784 1.02620417 0.004754
33.009166 1.02773049 0.006529
33.011008 1.02034404 0.007828
33.023705 1.02602510 0.003702
33.030307 1.01863950 0.005168
33.108246 1.02588969 0.003100
33.166960 1.02431350 0.005054
33.183584 1.02904596 0.006678
33.223845 1.02141744 0.004407
33.229979 1.02394964 0.006559
33.242114 1.02268365 0.003082
33.278205 1.02490690 0.004375
33.280920 1.04040393 0.005117
33.307596 1.02802587 0.005945
33.323881 1.02830991 0.007697
33.404721 1.02324263 0.007109
33.444736 1.01930700 0.007078
33.504969 1.02449416 0.004009
33.546160 1.03000371 0.007967
33.552444 1.03064929 0.003341
33.559394 1.01870011 0.005834
33.585404 1.03730573 0.005824
33.590064 1.02913411 0.005589
33.646734 1.03435225 0.006203
33.666977 1.02695044 0.005233
33.686440 1.01940373 0.007094
33.698746 1.03360623 0.006667
33.709837 1.02401140 0.004883
33.738065 1.02984405 0.006665
33.773171 1.03002836 0.005028
33.777279 1.02758632 0.007321
33.794911 1.01529977 0.007735
33.797617 1.02476897 0.006010
33.804702 1.01700341 0.006747
33.806589 1.02284163 0.005231
33.830433 1.02736746 0.007226
33.831951 1.02945278 0.006920
33.846332 1.02240137 0.004422
33.849268 1.02436441 0.003611
33.854803 1.01254171 0.003420
33.863553 1.03060450 0.007823
33.867736 1.02152201 0.003992
33.877330 1.02482734 0.005887
33.882909 1.02394082 0.005184
33.929876 1.02815695 0.005198
34.010846 1.02580802 0.003402
34.018318 1.02995807 0.006431
34.019308 1.02832051 0.004846
34.039327 1.01799703 0.007081
34.049939 1.02180850 0.004690
34.071634 1.02312443 0.003648
34.078764 1.01961725 0.005698
34.131255 1.02619419 0.007600
34.139464 1.01404599 0.004237
34.161342 1.01660342 0.006881
34.199070 1.02149658 0.003949
34.212952 1.01698888 0.005934
34.227453 1.01763072 0.007266
34.230987 1.02205844 0.006830
34.256784 1.01164269 0.007054
34.262974 1.02225592 0.003404
34.264752 1.01970212 0.004622
34.271272 1.02509740 0.005872
34.277838 1.01082835 0.007966
34.295154 1.03089236 0.006352
34.313128 1.02318797 0.003485
34.367997 1.01821525 0.007836
34.382636 1.02796792 0.006673
34.405595 1.01264067 0.004817
34.405973 1.02495490 0.007124
34.412502 1.01947787 0.003837
34.423734 1.01802350 0.005117
34.424149 1.02432441 0.005805
34.452538 1.01813721 0.003596
34.481730 1.02054917 0.005919
34.498140 1.02358915 0.003928
34.503140 1.02158029 0.004627
34.510068 1.01200147 0.003390
34.537041 1.00966110 0.003146
34.548227 1.01551075 0.003194
34.592632 1.01542803 0.003872
34.637060 1.01794008 0.005000
34.648831 1.01427877 0.004719
34.671353 1.01689469 0.005809
34.683307 1.01811891 0.006527
34.706717 1.01984152 0.006191
34.729115 1.00991745 0.006211
34.743618 1.01699635 0.006701
34.837317 1.01060963 0.007584
34.887710 1.01553702 0.003425
34.895143 1.01206376 0.005565
34.924978 1.01023255 0.003479
34.955609 1.01195172 0.005326
35.014100 1.01715332 0.006266
35.033181 1.01350442 0.004589
35.044577 1.01902829 0.006186
35.069234 1.01200379 0.004797
35.087604 1.01397774 0.003032
35.129684 1.01587094 0.006028
35.137089 1.01803014 0.007831
35.155489 1.00925196 0.005758
35.169351 1.01738465 0.007104
35.169577 1.01053143 0.003698
35.196812 1.01447760 0.005149
35.198366 1.01801192 0.005742
35.212422 1.00957927 0.006774
35.219459 1.00475301 0.003216
35.236312 1.00885302 0.003507
35.250035 1.00900916 0.006824
35.251452 1.00616125 0.006666
35.262069 1.01255128 0.007886
35.288927 1.01371119 0.007134
35.301170 1.02051160 0.004417
35.313025 1.01714534 0.003057
35.316353 1.01733160 0.006319
35.344216 1.01874920 0.006850
35.360301 1.00634860 0.006343
35.363684 1.00352527 0.006581
35.367849 1.01828694 0.003920
35.386260 1.00798787 0.007321
35.403246 1.01250326 0.003964
35.408464 1.01082040 0.004289
35.412933 1.00362072 0.004880
35.496197 1.00036866 0.007941
35.503400 1.00650915 0.007322
35.504069 1.00488981 0.003673
35.513525 1.00215735 0.005742
35.521884 1.00330412 0.004130
35.564306 1.01157707 0.003463
35.565032 1.00443637 0.004267
35.577348 1.01454252 0.004287
35.595022 1.01588569 0.007320
35.597190 1.01216088 0.004400
35.605882 1.01088079 0.005682
35.673374 1.00848494 0.005604
35.677861 1.01927581 0.003395
35.687418 1.00977550 0.006528
35.708653 1.01327373 0.003437
35.713056 1.01637756 0.005648
35.714366 1.01386149 0.005758
35.749545 0.99843224 0.004769
35.751199 1.00906532 0.004507
35.780010 1.00864428 0.005097
35.784632 1.01378470 0.007826
35.792465 1.00406674 0.006511
35.793614 1.02174897 0.007410
35.798061 1.00805141 0.004616
35.819717 1.00673834 0.007298
35.820145 1.01210010 0.003152
35.826470 1.01092134 0.004724
35.881461 1.01289300 0.007616
35.889423 1.00577086 0.007485
35.890127 1.00315128 0.006914
35.902957 1.01213626 0.005031
35.904074 1.00185864 0.003507
35.991702 1.01342415 0.007293
35.995027 1.00320576 0.003085
36.040855 1.00989566 0.005646
36.059339 1.00929840 0.006548
36.088995 1.01275068 0.003310
36.119117 1.00752035 0.006380
36.122734 1.00483287 0.005124
36.141099 1.01321286 0.003467
36.148548 1.00286565 0.005420
36.149587 1.00227478 0.006198
36.156960 1.00687827 0.005705
36.282985 1.00322759 0.004790
36.297715 0.99626581 0.006070
36.331108 1.00015662 0.007230
36.358594 0.99936162 0.003418
36.360635 0.99998250 0.003533
36.378636 0.99400506 0.006894
36.474882 1.01268065 0.004488
36.516321 0.99526717 0.003155
36.536116 1.00143057 0.004368
36.557200 0.99993832 0.003705
36.588088 0.99838238 0.004751
36.617986 1.00455656 0.003666
36.633195 1.00252584 0.003080
36.678448 0.99888172 0.005136
36.694893 1.00334611 0.003686
36.727748 0.99725774 0.006776
36.743468 0.99956365 0.006890
36.770178 1.01147064 0.004193
36.782907 0.99811946 0.004040
36.856847 1.00928104 0.006416
36.862954 0.99500085 0.003075
36.865727 1.00786762 0.003048
36.874048 0.99920374 0.003713
36.881222 1.00107337 0.004424
36.882901 1.00059366 0.004263
36.884701 0.99333080 0.003149
36.897862 1.00089252 0.005578
36.915358 1.00531579 0.003934
36.927939 0.99794171 0.007942
36.929297 1.00189847 0.006089
36.950984 1.00550032 0.004053
36.969613 1.00324405 0.005651
36.978667 1.00426589 0.003066
37.002440 1.00291381 0.003049
37.014000 1.00131391 0.007190
37.015636 1.00576352 0.007524
37.027387 0.99497440 0.006098
37.057866 0.99826587 0.007980
37.085398 1.00450408 0.007282
37.130878 1.00219837 0.004809
37.150659 1.00091746 0.003411
37.156266 1.00307078 0.005944
37.195285 1.00388214 0.005041
37.195710 0.99968107 0.005517
37.196782 0.99094752 0.007345
37.228310 0.98984762 0.003456
37.233643 0.99655449 0.007828
37.237321 1.00419934 0.004189
37.265147 0.99399499 0.007940
37.293026 0.99908202 0.004201
37.315958 1.00158544 0.007009
37.337755 1.00217373 0.005767
37.338671 1.00327226 0.007484
37.344748 1.00715195 0.006731
37.369279 0.99417069 0.003422
37.374795 0.99611078 0.003595
37.376528 0.99020485 0.005066
37.397134 1.00071355 0.005309
37.417283 0.99664036 0.004696
37.433499 0.99674395 0.004528
37.453764 1.00070648 0.005439
37.496228 1.00206430 0.003824
37.539408 1.00365854 0.004061
37.546271 0.99219797 0.005741
37.559443 1.00228003 0.005565
37.579225 1.00008673 0.005171
37.582551 1.00160395 0.003660
37.584704 1.00349457 0.005181
37.623311 0.99540834 0.005645
37.627358 0.99470754 0.007882
37.679560 0.99715157 0.007272
37.683850 0.99844161 0.004004
37.714289 1.00340307 0.005145
37.796828 0.98931875 0.005338
37.811126 0.99367112 0.007780
37.819248 0.99684977 0.005649
37.820556 0.99137299 0.006026
37.837374 1.00379905 0.005349
37.874364 1.00263430 0.004369
37.877333 1.00299316 0.007302
37.881530 0.99015861 0.005354
37.893222 1.00435537 0.003200
37.898306 1.00535195 0.006701
38.009337 0.99699694 0.004455
38.030598 0.99806559 0.006442
38.040055 0.99164849 0.007898
38.077121 1.01106221 0.006073
38.107652 0.99972137 0.005922
38.118497 1.01436804 0.003843
38.146410 0.99713802 0.006272
38.167962 1.00452449 0.005551
38.178277 1.00041538 0.004262
38.185599 1.00307576 0.003514
38.194909 0.99951141 0.007487
38.209824 1.00046035 0.007681
38.253878 0.99435415 0.006382
38.290596 0.99930728 0.005843
38.302463 1.00304654 0.003548
38.321663 1.00208973 0.004809
38.326896 0.99760998 0.005798
38.335455 1.00373627 0.003789
38.342240 0.99654730 0.003695
38.356443 1.00060295 0.005701
38.367430 0.99262144 0.006425
38.378914 1.00279993 0.004769
38.422089 1.00277895 0.004337
38.428085 0.99646738 0.007941
38.429033 1.00356964 0.004021
38.431835 1.00413700 0.006653
38.436604 0.99942636 0.005344
38.473305 0.99496994 0.003703
38.497807 1.00244143 0.005466
38.516090 0.99134071 0.007393
38.532142 1.00383856 0.007002
38.555999 0.99760412 0.006692
38.624426 0.99479523 0.006710
38.660634 0.99122776 0.005553
38.695527 1.00564892 0.003845
38.702291 0.99528428 0.006521
38.729715 0.99556292 0.004450
38.742175 0.99989574 0.006860
38.757261 1.00572393 0.007003
38.758429 0.99762458 0.007369
38.799307 1.00276971 0.005670
38.858190 0.99562820 0.007759
38.863242 1.00070974 0.006477
38.873124 1.00483753 0.003783
38.901258 1.00644901 0.007588
38.901513 0.99942683 0.007538
38.907759 1.00245985 0.006289
38.910204 0.99917405 0.004604
38.911770 0.99110837 0.006615
38.936379 1.00539549 0.006769
38.970039 0.99725660 0.004876
38.974786 0.99371952 0.004656
38.985991 0.99483735 0.007386
38.989175 0.99904694 0.006509
39.013643 1.00093334 0.006512
39.031103 1.00920641 0.006490
39.091620 0.99119276 0.005644
39.099599 0.99764710 0.004510
39.172972 1.00316994 0.007952
39.174835 1.00293258 0.003972
39.179531 0.99948826 0.005988
39.202551 1.00212200 0.003574
39.236800 1.00180330 0.005362
39.256714 0.98956554 0.004652
39.260606 1.00945869 0.006972
39.261545 0.99749634 0.004403
39.285574 0.99741561 0.006350
39.312763 0.99728460 0.007842
39.414184 1.00149935 0.003084
39.419714 1.00097076 0.004002
39.445032 1.00378530 0.005668
39.452646 0.99525546 0.003954
39.458408 1.00881176 0.007952
39.484307 1.00158843 0.005014
39.530056 0.99693159 0.004437
39.554165 0.99420918 0.005647
39.556015 0.99097674 0.003982
39.593655 1.01071429 0.003584
39.597253 0.98678447 0.004224
39.598259 1.00834094 0.006416
39.599210 0.99598659 0.005427
39.619751 0.99194887 0.004111
39.620220 0.99950337 0.005508
39.663854 0.99794538 0.004040
39.681530 1.00322011 0.003960
39.709246 1.00134659 0.003478
39.721847 1.00407232 0.007223
39.730353 0.99890238 0.003027
39.759958 0.99288009 0.006038
39.824757 0.99195946 0.003396
39.847333 0.99210175 0.006866
39.864191 1.00309219 0.003116
39.884199 1.00625288 0.005582
39.910474 1.00129294 0.006438
39.918172 0.99866278 0.004372
39.939093 0.99275513 0.005379
39.941854 0.99243112 0.003314
39.951078 1.00027449 0.006534
39.952696 0.99908413 0.004171
39.960954 1.00051790 0.005960
39.970987 0.99695133 0.005425
39.972981 1.00372274 0.006558
39.994011 0.99802022 0.006270
40.042181 0.99496002 0.004463
40.056255 0.99342633 0.006268
40.078721 0.98941633 0.005190
40.106242 0.98736557 0.003244
40.164947 0.99764761 0.005682
40.222413 0.98703300 0.003199
40.235791 0.99611283 0.007917
40.239156 0.99348156 0.005652
40.265027 0.98659701 0.006938
40.283818 0.98532276 0.005533
40.317650 0.99191790 0.004866
40.369683 0.99008337 0.007643
40.379850 1.00081364 0.005898
40.382379 0.99516810 0.007571
40.387544 0.99712710 0.003955
40.395610 0.99135346 0.007242
40.406821 0.99978582 0.005244
40.432295 0.98945447 0.007612
40.443064 0.99207318 0.005148
40.457613 1.00337383 0.005727
40.498944 0.99684697 0.005170
40.565326 0.99109811 0.004849
40.570868 0.99842385 0.005824
40.582099 0.99264068 0.003186
40.594565 0.99844167 0.003234
40.599100 0.99046800 0.004894
40.621967 0.99572944 0.003811
40.671815 0.99906181 0.006709
40.678818 0.99249657 0.007018
40.682306 0.98845882 0.005489
40.699808 0.98792621 0.003913
40.700081 0.98740709 0.005205
40.705399 0.99378263 0.006693
40.740872 0.99199764 0.006471
40.761390 0.98889204 0.007659
40.785051 0.99417806 0.003408
40.804805 0.99084718 0.003875
40.821961 0.97656790 0.004056
40.822674 0.98007309 0.003349
40.845720 0.99142256 0.003264
40.895003 0.98622648 0.003820
40.930207 0.98781664 0.004746
40.954378 0.98647760 0.005490
40.967238 0.98905607 0.006412
41.020658 0.99139860 0.006049
41.123293 0.99355270 0.005613
41.166033 0.98738465 0.007735
41.179655 0.98390982 0.003101
41.211661 0.98438865 0.003495
41.221999 0.99530918 0.006113
41.235823 0.98278339 0.006332
41.253184 0.98967124 0.006499
41.269116 0.98396705 0.005699
41.278360 0.98297454 0.005625
41.278673 0.98379842 0.003172
41.317753 0.98133630 0.004118
41.341867 0.98563735 0.006397
41.370221 0.97345914 0.007343
41.389361 0.98208955 0.006527
41.391966 0.99241301 0.003930
41.400439 0.97938151 0.007360
41.433684 0.98756502 0.005292
41.497607 0.98627208 0.005126
41.498214 0.98819062 0.005724
41.514494 1.01199705 0.003061
41.520934 0.98565304 0.003126
41.533909 0.98281738 0.005804
41.541598 0.98317180 0.004960
41.576558 0.99314553 0.005644
41.602201 0.99518585 0.003348
41.606325 0.99205202 0.007591
41.616292 0.98955798 0.006744
41.646657 0.98474305 0.007969
41.703349 0.98810061 0.007480
41.757806 0.97193124 0.006985
41.809729 0.98099499 0.003815
41.871963 0.98313414 0.007496
41.941655 0.97088821 0.005657
41.951426 0.98027359 0.003488
41.964642 0.96782313 0.005999
41.970563 0.98297433 0.005902
41.996458 0.98826222 0.007233
42.004469 0.97806259 0.005033
42.018298 0.97782252 0.007721
42.050868 0.98597904 0.007876
42.056045 0.91021046 0.005327
42.064062 0.97903070 0.006658
42.080079 0.98903238 0.005555
42.091276 0.97650025 0.005861
42.101911 0.98785459 0.003640
42.123648 0.98815303 0.007910
42.132766 0.97862248 0.005706
42.138646 0.98644783 0.004482
42.141050 0.97644740 0.006754
42.159786 0.98027346 0.003874
42.172607 0.98222310 0.003020
42.219767 0.97491130 0.004714
42.250899 0.98178316 0.005097
42.262234 0.97846097 0.006215
42.277946 0.98487901 0.003478
42.311401 0.97252178 0.004700
42.337276 0.98163360 0.004041
42.352333 0.98110224 0.004128
42.361474 0.97608603 0.006038
42.376663 0.97668060 0.004807
42.391478 0.97628142 0.005285
42.434264 0.97859460 0.003642
42.448972 0.98155420 0.006286
42.480581 0.98317491 0.004618
42.506264 0.98008237 0.004216
42.520055 0.97653577 0.005334
42.526059 0.97972251 0.003062
42.578189 0.98281422 0.003120
42.581945 0.98042685 0.007378
42.583434 0.97996937 0.005438
42.588529 0.97812012 0.004964
42.678401 0.96829171 0.007562
42.698959 0.98319023 0.003273
42.721754 0.96724143 0.005055
42.723537 0.97930028 0.007389
42.727828 0.98315513 0.004616
42.835798 0.97920896 0.006684
42.859290 0.96979497 0.003424
42.927252 0.97233633 0.003642
42.929121 0.97953537 0.007757
42.941387 0.97469732 0.003418
42.997321 0.97330905 0.006495
43.013987 0.96188434 0.005206
43.021769 0.97719517 0.005340
43.034000 0.97242352 0.006124
43.064992 0.98100763 0.004450
43.135349 0.97627523 0.006683
43.148361 0.97751381 0.005611
43.169248 0.97981363 0.004702
43.171490 0.97568281 0.005483
43.175825 0.97757050 0.003351
43.178624 0.96733711 0.005712
43.182275 0.98506913 0.004831
43.205995 0.97128693 0.006658
43.221216 0.98035227 0.004605
43.232247 0.97130477 0.003109
43.247269 0.96777597 0.005887
43.280476 0.96479622 0.004218
43.285448 0.96905619 0.007665
43.305998 0.97361754 0.007473
43.316590 0.97305657 0.005084
43.329215 0.98352443 0.007180
43.337016 0.96597623 0.007044
43.345200 0.97873173 0.007873
43.385450 0.97737722 0.005772
43.392394 0.98280551 0.005945
43.455494 0.98001816 0.007656
43.460450 0.98045960 0.005785
43.470918 0.96915786 0.007543
43.504300 0.98037061 0.007489
43.508027 0.97231308 0.005043
43.514281 0.97197183 0.005881
43.518979 0.96870769 0.005347
43.549363 0.97405982 0.004787
43.550967 0.96248893 0.005584
43.556301 0.97317844 0.003227
43.587949 0.97557804 0.007887
43.633644 0.96798034 0.004151
43.653858 0.96799650 0.006005
43.667161 0.97781264 0.003747
43.692494 0.97620549 0.005833
43.723642 0.97874678 0.007043
43.745481 0.97565598 0.003365
43.760803 0.97048769 0.007958
43.792361 0.97264638 0.005689
43.821332 0.97721645 0.003514
43.841316 0.97257407 0.005357
43.868629 0.97458786 0.007095
43.991172 0.98235213 0.003289
43.997138 0.98205905 0.006152
44.002056 0.97539811 0.006364
44.031999 0.97952672 0.004511
44.083818 0.97820186 0.005437
44.102722 0.96907174 0.004673
44.153289 0.97818237 0.006058
44.158444 0.97314099 0.003230
44.181676 0.98492889 0.003187
44.206528 0.96885014 0.006133
44.240181 0.97075368 0.004967
44.243712 0.98386894 0.003085
44.244397 0.97698974 0.006445
44.244781 0.97561537 0.007716
44.275296 0.97914036 0.007000
44.295638 0.97949629 0.003120
44.301993 0.97592596 0.007359
44.302018 0.98506887 0.007943
44.305424 0.98519896 0.003328
44.361565 0.97901964 0.007707
44.385904 0.97739181 0.003757
44.434156 0.97525139 0.006466
44.484475 0.97689727 0.003351
44.507670 0.98559812 0.005092
44.515463 0.97566105 0.004219
44.550242 0.97704211 0.004180
44.559867 0.97413011 0.003853
44.678863 0.97158326 0.006239
44.697329 0.98555446 0.003865
44.698573 0.98438700 0.007531
44.722392 0.97752713 0.006777
44.749800 0.97833786 0.006247
44.756167 0.98432856 0.005830
44.762767 0.97781890 0.007534
44.764648 0.97735896 0.004733
44.825086 0.97435343 0.005442
44.837676 0.97243195 0.003023
44.851919 0.98033689 0.005299
44.900009 0.98012356 0.005447
44.990259 0.98672843 0.007923
44.995561 0.98654367 0.007722
45.015187 0.98316684 0.007672
45.016221 0.99107094 0.006932
45.029114 0.99026754 0.003666
45.031115 0.99051318 0.004933
45.042843 0.98149380 0.003247
45.120947 0.98784549 0.007836
45.155541 0.98664538 0.004107
45.156657 0.99413343 0.005453
45.166635 0.97762529 0.007446
45.259001 0.98843441 0.007422
45.263636 1.00325226 0.005530
45.308730 0.98405233 0.005707
45.335280 0.98039235 0.007180
45.353937 0.95817449 0.003544
45.391958 0.99328399 0.007198
45.408252 0.99293481 0.005851
45.414837 0.99504587 0.005637
45.422359 0.99554414 0.005171
45.424979 0.99028451 0.007988
45.499879 0.98733644 0.007975
45.504620 0.98953744 0.007687
45.506903 0.99967319 0.006659
45.516630 0.99047833 0.007495
45.519775 0.98777098 0.006939
45.548334 1.00668779 0.004258
45.561585 1.00041903 0.007950
45.575472 0.99935053 0.005679
45.599418 0.98581654 0.006982
45.617593 0.99118781 0.005481
45.651862 1.00073394 0.007488
45.651993 0.99621882 0.006841
45.682786 0.99616236 0.006857
45.686688 0.99862527 0.007363
45.703919 1.00109950 0.007133
45.718802 1.00021352 0.007607
45.723633 0.99630108 0.003576
45.746739 0.99981592 0.004145
45.750023 0.99775164 0.005212
45.772898 1.00188018 0.006862
45.786303 0.99768667 0.007361
45.830874 0.96150424 0.003042
45.833584 1.00349123 0.007017
45.837467 0.99079772 0.006088
45.838426 0.99880395 0.004939
45.859237 0.99654920 0.003577
45.936977 1.00417643 0.005691
45.949514 1.00027633 0.005521
45.962391 1.00558512 0.004076
45.978370 0.99631739 0.007115
45.982080 1.00331706 0.007090
45.984545 1.00033070 0.003547
45.987682 0.99168844 0.005132
45.997985 0.95045661 0.005943
46.033502 0.99901162 0.004597
46.035765 1.00235446 0.003660
46.036145 1.03366375 0.004032
46.068116 1.00789576 0.005589
46.071051 1.00587799 0.005022
46.080489 1.00690355 0.007984
46.094040 1.00762869 0.007933
46.110256 0.99893174 0.007730
46.122144 1.00564457 0.005754
46.122500 1.00182454 0.007384
46.134965 1.00847038 0.005194
46.148993 1.00425661 0.003769
46.168565 1.00137081 0.005315
46.187392 1.00202659 0.004148
46.201464 1.00786888 0.003264
46.209233 1.00464025 0.006188
46.260564 1.00994722 0.003224
46.269283 0.99787715 0.006491
46.276221 1.00914297 0.004073
46.283166 1.00938267 0.006701
46.331947 1.00771306 0.007267
46.345184 1.01270656 0.003573
46.362302 1.01365275 0.005951
46.389106 1.00433154 0.005842
46.411087 1.01036012 0.007594
46.481855 1.01189140 0.004635
46.507865 1.01145227 0.004690
46.508477 1.01347846 0.005891
46.537599 1.01892429 0.005600
46.565294 1.00954149 0.006841
46.633312 1.01093215 0.007647
46.673542 1.00368661 0.006442
46.682225 1.01660270 0.003650
46.695733 1.00173508 0.006880
46.719423 1.00831149 0.005597
46.728445 1.01419057 0.006542
46.740876 1.01768704 0.007548
46.767036 1.01108501 0.003692
46.774114 1.02459852 0.006448
46.786868 1.01428795 0.005245
46.808852 1.01212062 0.003205
46.827457 1.00800210 0.007264
46.852611 1.01322372 0.005193
46.862481 1.00452833 0.005666
46.939231 1.01258206 0.006148
46.940563 1.01865360 0.006665
46.979540 1.00391053 0.003272
46.982876 1.01810708 0.006739
47.002707 1.01738872 0.003971
47.008419 1.01109862 0.006829
47.020024 1.02688130 0.007255
47.073875 1.01543750 0.007595
47.085504 1.02473185 0.003485
47.104964 1.01201822 0.007635
47.161456 1.02731845 0.004253
47.171248 1.01532799 0.004820
47.176572 1.01443462 0.007337
47.187622 1.02433334 0.003795
47.210442 1.00984220 0.003514
47.255390 1.02039831 0.006152
47.274325 1.01183231 0.007421
47.314855 1.01371769 0.004510
47.319496 1.03055081 0.007525
47.352653 1.02101554 0.005483
47.363068 1.02251129 0.004086
47.372194 1.01840587 0.004423
47.373603 1.00766486 0.003186
47.373679 1.01757112 0.006808
47.374105 1.03147889 0.006245
47.399793 1.02290655 0.006474
47.402637 1.02472087 0.007007
47.453583 1.02290015 0.006294
47.461337 1.01571039 0.007224
47.478309 1.01633620 0.006622
47.490036 1.02621627 0.006118
47.502699 1.01982051 0.003819
47.546161 1.01972665 0.007843
47.552334 1.01398026 0.003371
47.562891 1.02523095 0.003488
47.565166 1.02265661 0.003471
47.610511 1.01698211 0.004332
47.623262 1.01942443 0.006918
47.628047 1.02648866 0.004288
47.677213 1.02452468 0.007655
47.679995 1.01738148 0.007455
47.688294 1.02082096 0.005710
47.723869 1.02071758 0.006815
47.726727 1.01337680 0.004014
47.727118 1.01692879 0.006148
47.769620 1.02588361 0.005013
47.795412 1.01549325 0.004726
47.796891 1.03428233 0.006492
47.799184 1.02389903 0.007839
47.806260 1.02000903 0.007210
47.826058 1.02228429 0.006748
47.834660 1.03103241 0.006237
47.835003 1.01885012 0.004705
47.861022 1.02733182 0.003887
47.866581 1.02252872 0.006449
47.886448 1.02704725 0.007922
47.890912 1.02127336 0.004871
47.897985 1.03090981 0.005274
47.902674 1.02496450 0.007228
47.957716 1.02463570 0.005949
47.989090 1.02546797 0.005454
48.000564 1.02901229 0.007717
48.001812 1.02310593 0.007718
48.004200 1.02455444 0.007500
48.055966 1.02258997 0.006743
48.081586 1.02924050 0.003516
48.088838 1.02645809 0.006553
48.091274 1.02265065 0.004876
48.149276 1.01969183 0.007083
48.212830 1.02450116 0.007197
48.240181 1.02885993 0.004229
48.254584 1.02456100 0.004365
48.267018 1.03034940 0.006313
48.337862 1.03493431 0.004140
48.384910 1.01577074 0.007000
48.386145 1.02150878 0.005232
48.403625 1.02496321 0.004419
48.405095 1.02185064 0.007149
48.409466 1.02697281 0.005805
48.418294 1.02303912 0.004811
48.433437 1.03095198 0.003799
48.441772 1.02589845 0.003738
48.469919 1.02545907 0.006938
48.472619 1.03171387 0.006414
48.480799 1.02617753 0.004823
48.480915 1.03096997 0.004287
48.499262 1.03013107 0.007660
48.520304 1.02735542 0.004204
48.521329 1.02238225 0.007928
48.545004 1.01968043 0.004485
48.610696 1.02606167 0.003552
48.620084 1.02195088 0.006076
48.635699 1.02777948 0.004787
48.657151 1.01442893 0.004804
48.658588 1.02644383 0.004127
48.664915 1.03224512 0.004865
48.686541 1.02115658 0.004242
48.700494 1.01496954 0.006317
48.730541 1.03236741 0.007003
48.748559 1.02543839 0.007629
48.752418 1.02692492 0.004349
48.757004 1.03403689 0.006038
48.873350 1.02387617 0.004881
48.891491 1.02284528 0.003842
48.913248 1.01982579 0.004952
48.920559 1.03019394 0.005597
48.921594 1.03272654 0.004100
48.928938 1.02036228 0.007781
48.929565 1.02858831 0.006367
48.949503 1.02401718 0.005199
48.965708 1.02724436 0.005058
48.997360 1.01671190 0.007565
48.998763 1.05427875 0.005690
49.018593 1.02330027 0.004380
49.076591 1.03194848 0.003954
49.093369 1.01740197 0.006211
49.145527 1.02526224 0.003256
49.154845 1.02198717 0.006069
49.233071 1.02282177 0.007195
49.242228 1.02541379 0.007469
49.276004 1.01774904 0.003554
49.282636 1.02055644 0.005607
49.291614 1.02475557 0.006891
49.304172 1.01986860 0.004646
49.316050 1.01780951 0.004909
49.327979 1.02804993 0.005711
49.387695 1.01963838 0.003400
49.404778 1.01975585 0.003036
49.416532 1.02879951 0.005997
49.433699 1.02295075 0.003452
49.433990 1.02588571 0.005009
49.453810 1.01353234 0.003778
49.472803 1.01918517 0.007881
49.526852 1.02596634 0.006488
49.535702 1.02374668 0.005137
49.537995 1.02233909 0.003150
49.565822 1.02579824 0.006940
49.618257 1.02313599 0.003806
49.647291 1.02090147 0.003540
49.653168 1.01751221 0.007704
49.680058 1.02093469 0.003451
49.691597 1.02369273 0.004806
49.707914 1.02509239 0.005812
49.719178 1.01767673 0.004742
49.735522 1.02447840 0.005229
49.736047 1.01691706 0.007837
49.736857 1.01788317 0.007832
49.773320 1.01619058 0.003361
49.783621 0.99776255 0.005712
49.807276 1.01112110 0.003392
49.812509 1.01771851 0.006983
49.819552 1.02148600 0.007080
49.827666 1.01587872 0.007340
49.878390 1.01847497 0.003409
49.892300 1.02439629 0.006878
49.897510 1.01184484 0.003752
49.909934 1.01597310 0.004415
49.911516 1.01209964 0.003053
49.916994 1.03282464 0.004681
49.918198 1.02136151 0.007520
49.926436 1.02059692 0.006295
49.950578 1.01583599 0.007727
49.956997 1.01439672 0.004095
49.971670 1.02313252 0.003081
49.979351 1.01945305 0.007012
49.985213 1.01103986 0.006398
