# Time (days) | Flux (normalized)
# Generated sample data for astronomical analysis
# Multiple campaigns with gaps
0.000000	0.736844
0.503145	0.773581
1.006289	0.929565
1.509434	0.743359
2.012579	0.752254
2.515723	0.761374
3.018868	0.722616
3.522013	0.749905
4.025157	0.772070
4.528302	0.745796
5.031447	0.721150
5.534591	0.687871
6.037736	0.744538
6.540881	0.705774
7.044025	0.719887
7.547170	0.732069
8.050314	0.736860
8.553459	0.737014
9.056604	0.735568
9.559748	0.743232
10.062893	0.759709
10.566038	0.759214
11.069182	0.763347
11.572327	0.736861
12.075472	0.747589
12.578616	0.724080
13.081761	0.718172
13.584906	0.721630
14.088050	0.713874
14.591195	0.740361
15.094340	0.600179
15.597484	0.728217
16.100629	0.758103
16.603774	0.744447
17.106918	0.761382
17.610063	0.759339
18.113208	0.710210
18.616352	0.758180
19.119497	0.739351
19.622642	0.752957
20.125786	0.732093
20.628931	0.816252
21.132075	0.700210
21.635220	0.769650
22.138365	0.749438
22.641509	0.715257
23.144654	0.757900
23.647799	0.734414
24.150943	0.784473
24.654088	0.742082
25.157233	0.753809
25.660377	0.759928
26.163522	0.741573
26.666667	0.765072
27.169811	0.757105
27.672956	0.730541
28.176101	0.746152
28.679245	0.771364
29.182390	0.745726
29.685535	0.746480
30.188679	0.726064
30.691824	0.765944
31.194969	0.755575
31.698113	0.767099
32.201258	0.815667
32.704403	0.726182
33.207547	0.739227
33.710692	0.714001
34.213836	0.721406
34.716981	0.747359
35.220126	0.734750
35.723270	0.712977
36.226415	0.739793
36.729560	0.757524
37.232704	0.728419
37.735849	0.746811
38.238994	0.760431
38.742138	0.758261
39.245283	0.771946
39.748428	0.719625
40.251572	0.771343
40.754717	0.757959
41.257862	0.718814
41.761006	0.743208
42.264151	0.749822
42.767296	0.733113
43.270440	0.739657
43.773585	0.688230
44.276730	0.728339
44.779874	0.747925
45.283019	0.748566
45.786164	0.752051
46.289308	0.751009
46.792453	0.737994
47.295597	0.757413
47.798742	0.754633
48.301887	0.751889
48.805031	0.757305
49.308176	0.737540
49.811321	0.746010
50.314465	0.734556
50.817610	0.625582
51.320755	0.741909
51.823899	0.731932
52.327044	0.764099
52.830189	0.730280
53.333333	0.759353
53.836478	0.765957
54.339623	0.775422
54.842767	0.717552
55.345912	0.728161
55.849057	0.729992
56.352201	0.728392
56.855346	0.751212
57.358491	0.702928
57.861635	0.744508
58.364780	0.716419
58.867925	0.653015
59.371069	0.729166
59.874214	0.768251
60.377358	0.724061
60.880503	0.727480
61.383648	0.738982
61.886792	0.751619
62.389937	0.768526
62.893082	0.751825
63.396226	0.707707
63.899371	0.750916
64.402516	0.784655
64.905660	0.715900
65.408805	0.741310
65.911950	0.728496
66.415094	0.721029
66.918239	0.720253
67.421384	0.729540
67.924528	0.740542
68.427673	0.741904
68.930818	0.748479
69.433962	0.746236
69.937107	0.748274
70.440252	0.769102
70.943396	0.747673
71.446541	0.716118
71.949686	0.777286
72.452830	0.751274
72.955975	0.749231
73.459119	0.718851
73.962264	0.735335
74.465409	0.731466
74.968553	0.764894
75.471698	0.854178
75.974843	0.742958
76.477987	0.767747
76.981132	0.755618
77.484277	0.757885
77.987421	0.764718
78.490566	0.690763
78.993711	0.734614
79.496855	0.724490
80.000000	0.743593
200.000000	0.728322
200.502092	0.708524
201.004184	0.745150
201.506276	0.745257
202.008368	0.719014
202.510460	0.699368
203.012552	0.776862
203.514644	0.750974
204.016736	0.718286
204.518828	0.747786
205.020921	0.733082
205.523013	0.735618
206.025105	0.742864
206.527197	0.764523
207.029289	0.758990
207.531381	0.762317
208.033473	0.745290
208.535565	0.762528
209.037657	0.739322
209.539749	0.736689
210.041841	0.734276
210.543933	0.738061
211.046025	0.743716
211.548117	0.720727
212.050209	0.660516
212.552301	0.723772
213.054393	0.736970
213.556485	0.739496
214.058577	0.813215
214.560669	0.734992
215.062762	0.754537
215.564854	0.786185
216.066946	0.754592
216.569038	0.744472
217.071130	0.747811
217.573222	0.713391
218.075314	0.748151
218.577406	0.745695
219.079498	0.716259
219.581590	0.738774
220.083682	0.726920
220.585774	0.746234
221.087866	0.743024
221.589958	0.775708
222.092050	0.764398
222.594142	0.744358
223.096234	0.755902
223.598326	0.746704
224.100418	0.747353
224.602510	0.724204
225.104603	0.748334
225.606695	0.733317
226.108787	0.709370
226.610879	0.754036
227.112971	0.749666
227.615063	0.738503
228.117155	0.719188
228.619247	0.766373
229.121339	0.741303
229.623431	0.745208
230.125523	0.747307
230.627615	0.790818
231.129707	0.737053
231.631799	0.782356
232.133891	0.747247
232.635983	0.735193
233.138075	0.720247
233.640167	0.745955
234.142259	0.723317
234.644351	0.758267
235.146444	0.729931
235.648536	0.721115
236.150628	0.734301
236.652720	0.735545
237.154812	0.741979
237.656904	0.764969
238.158996	0.704755
238.661088	0.767222
239.163180	0.787348
239.665272	0.716243
240.167364	0.758029
240.669456	0.758614
241.171548	0.733146
241.673640	0.741569
242.175732	0.718526
242.677824	0.695363
243.179916	0.701986
243.682008	0.722995
244.184100	0.727561
244.686192	0.750257
245.188285	0.782793
245.690377	0.764181
246.192469	0.738532
246.694561	0.770416
247.196653	0.735924
247.698745	0.761495
248.200837	0.737578
248.702929	0.741083
249.205021	0.761529
249.707113	0.773778
250.209205	0.754729
250.711297	0.741509
251.213389	0.731154
251.715481	0.690206
252.217573	0.718712
252.719665	0.733966
253.221757	0.749688
253.723849	0.764053
254.225941	0.752434
254.728033	0.766468
255.230126	0.745055
255.732218	0.773441
256.234310	0.757919
256.736402	0.743444
257.238494	0.747717
257.740586	0.711861
258.242678	0.734007
258.744770	0.763691
259.246862	0.759886
259.748954	0.740832
260.251046	0.740677
260.753138	0.724787
261.255230	0.752298
261.757322	0.763603
262.259414	0.757853
262.761506	0.758631
263.263598	0.759814
263.765690	0.738483
264.267782	0.747798
264.769874	0.742014
265.271967	0.739291
265.774059	0.767367
266.276151	0.744529
266.778243	0.757347
267.280335	0.713694
267.782427	0.721074
268.284519	0.718464
268.786611	0.771864
269.288703	0.971856
269.790795	0.716273
270.292887	0.775629
270.794979	0.710929
271.297071	0.748098
271.799163	0.732107
272.301255	0.758597
272.803347	0.749245
273.305439	0.733248
273.807531	0.730362
274.309623	0.724774
274.811715	0.750593
275.313808	0.732884
275.815900	0.728211
276.317992	0.724116
276.820084	1.010487
277.322176	0.779050
277.824268	0.793857
278.326360	0.886217
278.828452	0.756297
279.330544	0.752980
279.832636	0.752583
280.334728	0.702541
280.836820	0.744313
281.338912	0.767103
281.841004	0.740428
282.343096	0.737239
282.845188	0.730866
283.347280	0.698344
283.849372	0.721108
284.351464	0.710960
284.853556	0.744290
285.355649	0.756771
285.857741	0.778495
286.359833	0.775083
286.861925	0.763566
287.364017	0.746085
287.866109	0.707167
288.368201	0.742107
288.870293	0.772881
289.372385	0.752665
289.874477	0.709565
290.376569	0.719802
290.878661	0.749665
291.380753	0.746801
291.882845	0.744008
292.384937	0.766649
292.887029	0.729194
293.389121	0.782132
293.891213	0.722514
294.393305	0.746072
294.895397	0.734684
295.397490	0.725835
295.899582	0.730653
296.401674	0.753364
296.903766	0.742497
297.405858	0.694979
297.907950	0.728963
298.410042	0.753060
298.912134	0.732857
299.414226	0.742151
299.916318	0.731765
300.418410	0.746247
300.920502	0.760741
301.422594	0.760078
301.924686	0.780318
302.426778	0.732796
302.928870	0.740509
303.430962	0.774280
303.933054	0.761752
304.435146	0.697753
304.937238	0.747148
305.439331	0.716351
305.941423	0.755285
306.443515	0.728673
306.945607	0.721710
307.447699	0.742992
307.949791	0.706777
308.451883	0.722885
308.953975	0.741892
309.456067	0.762185
309.958159	0.675477
310.460251	0.730783
310.962343	0.740122
311.464435	0.713917
311.966527	0.748958
312.468619	0.762998
312.970711	0.736502
313.472803	0.743988
313.974895	0.738031
314.476987	0.733536
314.979079	0.778561
315.481172	0.689390
315.983264	0.737917
316.485356	0.741279
316.987448	0.751582
317.489540	0.783909
317.991632	0.756562
318.493724	0.743475
318.995816	0.745273
319.497908	0.722606
320.000000	0.760590
400.000000	0.781067
400.504202	0.751706
401.008403	0.715274
401.512605	0.742640
402.016807	0.755023
402.521008	0.745316
403.025210	0.747391
403.529412	0.756117
404.033613	0.705685
404.537815	0.714629
405.042017	0.724404
405.546218	0.717932
406.050420	0.720509
406.554622	0.729789
407.058824	0.736361
407.563025	0.749219
408.067227	0.769658
408.571429	0.772670
409.075630	0.759446
409.579832	0.756612
410.084034	0.739514
410.588235	0.760263
411.092437	0.746630
411.596639	0.740295
412.100840	0.766152
412.605042	0.721396
413.109244	0.735178
413.613445	0.729145
414.117647	0.758901
414.621849	0.759633
415.126050	0.772341
415.630252	0.787665
416.134454	0.825740
416.638655	0.736418
417.142857	0.727965
417.647059	0.730545
418.151261	0.754409
418.655462	0.740864
419.159664	0.741393
419.663866	0.747528
420.168067	0.720566
420.672269	0.734360
421.176471	0.590999
421.680672	0.751358
422.184874	0.730441
422.689076	0.732266
423.193277	0.751265
423.697479	0.770411
424.201681	0.634324
424.705882	0.767791
425.210084	0.748408
425.714286	0.749400
426.218487	0.761950
426.722689	0.738906
427.226891	0.715513
427.731092	0.728868
428.235294	0.727721
428.739496	0.722903
429.243697	0.719659
429.747899	0.719032
430.252101	0.722036
430.756303	0.750350
431.260504	0.756590
431.764706	0.750320
432.268908	0.755740
432.773109	0.820199
433.277311	0.747905
433.781513	0.752153
434.285714	0.743174
434.789916	0.763171
435.294118	0.516784
435.798319	0.730965
436.302521	0.753248
436.806723	0.718368
437.310924	0.729777
437.815126	0.692187
438.319328	0.747432
438.823529	0.721344
439.327731	0.713460
439.831933	0.842248
440.336134	0.749858
440.840336	0.747624
441.344538	0.770555
441.848739	0.775149
442.352941	0.749805
442.857143	0.710043
443.361345	0.723144
443.865546	0.758391
444.369748	0.745456
444.873950	0.721441
445.378151	0.729732
445.882353	0.715929
446.386555	0.669923
446.890756	0.722624
447.394958	0.759625
447.899160	0.750648
448.403361	0.753144
448.907563	0.800889
449.411765	0.727233
449.915966	0.742534
450.420168	0.778637
450.924370	0.758311
451.428571	0.758239
451.932773	0.737921
452.436975	0.715615
452.941176	0.745639
453.445378	0.725337
453.949580	0.733162
454.453782	0.716416
454.957983	0.739496
455.462185	0.737029
455.966387	0.745814
456.470588	0.740919
456.974790	0.768020
457.478992	0.786855
457.983193	0.769607
458.487395	0.893058
458.991597	0.728794
459.495798	0.753524
460.000000	0.834820
