# Star 2 - Telescope tess - Campaign 1
# Time Flux Error
# days relative_flux relative_error
0.001961 0.99541016 0.004329
0.025283 1.00892833 0.007331
0.035909 1.02357390 0.003236
0.068116 1.01122623 0.004085
0.072516 1.01192653 0.004693
0.119914 1.00248700 0.005642
0.142844 1.00162416 0.006405
0.182125 1.00480971 0.006482
0.208653 1.00877682 0.003311
0.218760 1.00123567 0.003571
0.269166 1.00406499 0.004316
0.273377 0.99697807 0.006797
0.289974 1.00001236 0.005034
0.290347 1.00296641 0.004642
0.298363 1.00857348 0.005915
0.309569 1.00829526 0.006611
0.334853 1.00643679 0.004056
0.342817 1.00323035 0.003364
0.343832 1.00932233 0.005558
0.383770 1.01823643 0.006645
0.401227 1.00288501 0.004362
0.404359 1.01046840 0.006281
0.463050 1.00805574 0.007342
0.501909 1.00855014 0.005995
0.504426 0.99740628 0.006216
0.558118 1.00286195 0.007402
0.575534 1.01171039 0.004250
0.608974 1.01469348 0.005810
0.619561 1.00744025 0.007715
0.624132 1.01958596 0.005802
0.645944 1.00378652 0.006550
0.658389 1.00710523 0.007704
0.692070 1.01812066 0.006109
0.707941 1.01304742 0.004026
0.721538 1.00906596 0.007681
0.725606 1.01571988 0.004660
0.727087 1.00387384 0.005217
0.749589 1.01683356 0.007928
0.765820 1.01578801 0.004155
0.769140 1.01051682 0.003267
0.808500 1.08043292 0.007680
0.813652 1.02393348 0.007133
0.832065 1.00113764 0.006432
0.870814 1.01934700 0.005931
0.889474 1.01767372 0.003001
0.908575 1.01480020 0.006129
0.918615 1.00539231 0.004031
0.940760 1.01298787 0.003074
0.973120 1.01229214 0.007171
1.035200 1.01815574 0.006291
1.037322 1.01419794 0.004813
1.045059 1.02090833 0.003626
1.088344 1.02166663 0.005701
1.089464 1.01431509 0.006566
1.171618 1.02015989 0.007630
1.220831 1.02107096 0.003341
1.223110 1.02154406 0.006625
1.233985 1.02397969 0.006139
1.249955 1.02090596 0.007918
1.250370 1.02072464 0.006235
1.250573 1.01305689 0.003315
1.267782 1.02438243 0.006709
1.312854 1.01567748 0.007355
1.367217 1.01836629 0.007728
1.368457 1.01475237 0.005911
1.386160 1.02175012 0.007922
1.396950 1.02427784 0.007763
1.445737 1.02036427 0.003591
1.473691 1.01970972 0.007127
1.493606 1.02626015 0.005753
1.499073 1.02093199 0.005140
1.511676 1.01906180 0.004943
1.513322 1.01336918 0.007869
1.526991 1.02724713 0.006963
1.528161 1.02086856 0.005830
1.560640 1.02728794 0.006705
1.577635 1.01928632 0.005349
1.592784 1.01770409 0.004086
1.596010 1.02223127 0.005958
1.609469 1.02124395 0.007934
1.650439 1.01269923 0.007734
1.651385 1.03035063 0.006078
1.691127 1.02046851 0.006511
1.703005 1.02330525 0.005149
1.759147 1.01952281 0.005211
1.768829 1.01577117 0.003238
1.775190 1.02692171 0.007157
1.812721 1.02135893 0.005173
1.829331 1.02171196 0.003514
1.838932 1.01851144 0.006599
1.841600 1.03139365 0.004840
1.863873 1.02641674 0.005973
1.868872 1.03163712 0.004865
1.904927 1.02427382 0.004744
1.906983 1.01792635 0.004237
1.953696 1.02072883 0.003223
1.959631 1.01758554 0.003015
1.977886 1.02400689 0.006423
2.020803 1.02898091 0.005927
2.034697 1.01787386 0.005127
2.062447 1.02614738 0.006794
2.074103 1.01698693 0.004110
2.110055 1.02277135 0.005121
2.157076 1.01827224 0.007788
2.160309 1.03015777 0.004526
2.164419 1.02056103 0.006205
2.187147 1.03208309 0.006470
2.197048 1.03653695 0.006373
2.203397 1.02676284 0.003709
2.235434 1.02092099 0.005268
2.306816 1.02044066 0.007354
2.316659 1.02063760 0.007406
2.318645 1.02826299 0.003507
2.324927 1.02958346 0.006174
2.362039 1.02164534 0.005257
2.391983 1.01205527 0.006685
2.403055 1.02516117 0.006462
2.438745 1.02607199 0.003834
2.489434 1.03705677 0.005729
2.507063 1.02499609 0.006733
2.535594 1.03327281 0.003451
2.536928 1.01988476 0.007529
2.563984 1.02901282 0.007053
2.589243 1.02540113 0.004919
2.598006 1.02950973 0.005065
2.619607 1.01864246 0.003334
2.622456 1.02330961 0.005973
2.699379 1.02839519 0.006383
2.705025 1.02504088 0.004767
2.741063 1.03510545 0.004116
2.795199 1.03745266 0.003785
2.824460 1.02517255 0.004213
2.834506 1.02144412 0.005258
2.866414 1.02240454 0.003637
2.881271 1.02688327 0.005403
2.885217 1.02874332 0.007171
2.998375 1.03053611 0.006118
3.034777 1.02126583 0.003363
3.082191 1.02287046 0.004275
3.095183 1.09654630 0.004039
3.123268 1.02338479 0.004814
3.131173 1.01995334 0.007067
3.178947 1.01723172 0.007712
3.194641 1.03048437 0.005444
3.210426 1.02767171 0.004210
3.219770 1.01831773 0.003517
3.269126 1.02429305 0.004831
3.313536 1.02196548 0.006343
3.321624 1.02538350 0.005722
3.361217 1.01590713 0.007892
3.361245 1.02565887 0.004330
3.386139 1.02845898 0.007954
3.392689 1.02595806 0.007695
3.393252 1.02413566 0.004409
3.399944 1.02159829 0.006136
3.413586 1.01982123 0.006144
3.466386 1.02314015 0.005952
3.516133 1.01804530 0.003709
3.552534 1.02286029 0.003828
3.554519 1.02331723 0.006112
3.573985 1.02758957 0.007585
3.698698 1.02523642 0.007704
3.709560 1.02098141 0.003012
3.709628 1.01473299 0.006191
3.774448 1.02116516 0.006329
3.781884 1.01719573 0.007190
3.800960 1.01402612 0.005178
3.801634 1.02098127 0.005750
3.805809 1.02145353 0.003563
3.827043 1.02052193 0.003523
3.844930 1.02156808 0.007834
3.846588 1.02324350 0.007140
3.862009 1.00836542 0.006901
3.886114 1.02261819 0.003013
3.925838 1.01416107 0.004849
3.965551 1.01995161 0.005436
4.026229 1.02346573 0.005126
4.066953 1.01072953 0.004810
4.095676 1.02470622 0.004257
4.105710 1.01020879 0.003398
4.106150 1.01390010 0.005061
4.121828 1.02249617 0.005445
4.160991 1.01986868 0.007945
4.166392 1.01793923 0.004862
4.172087 1.01869944 0.005651
4.201726 1.01710872 0.006579
4.206836 1.00752625 0.007299
4.365810 1.02037356 0.006083
4.382189 1.02097274 0.006732
4.433492 1.00955973 0.006402
4.470445 1.01936074 0.007396
4.483527 1.01933284 0.006657
4.518394 1.00915187 0.007022
4.562972 1.01765278 0.003372
4.564305 1.00873953 0.003766
4.582158 1.01503859 0.004954
4.612555 1.01998933 0.006377
4.624942 1.01166987 0.006142
4.658356 1.01382663 0.003416
4.673500 1.00566876 0.006473
4.675790 1.01660516 0.007087
4.715957 1.01788518 0.007545
4.718643 1.01742634 0.004956
4.726432 1.00946203 0.004902
4.783229 1.01443351 0.003011
4.790956 1.00935782 0.003164
4.801544 1.01458105 0.007149
4.801795 1.00533140 0.004598
4.814083 1.01029881 0.003788
4.824081 1.01407267 0.004208
4.860341 1.01473564 0.007622
4.869204 1.00976319 0.007598
4.920264 1.00624358 0.004777
4.936273 1.01825227 0.006464
4.953880 1.01569801 0.003935
4.970353 0.99963846 0.007842
4.987881 1.00797616 0.003820
5.029668 1.00463105 0.006551
5.034955 1.00284183 0.003035
5.054419 1.00336394 0.005288
5.088988 1.00588501 0.007402
5.092696 1.01394153 0.005205
5.105404 1.00674553 0.005512
5.129560 1.00747742 0.006168
5.140086 1.00546291 0.006565
5.152124 1.00624740 0.003526
5.165805 1.01532046 0.003132
5.166055 1.00133893 0.005975
5.168775 1.01049854 0.003402
5.171193 1.01023963 0.004491
5.178207 1.00725653 0.004332
5.179494 1.01214468 0.006055
5.201809 1.01501639 0.007928
5.210894 1.00509034 0.004430
5.216514 1.00611897 0.004172
5.227975 1.00473484 0.005641
5.228106 1.00474576 0.006375
5.236343 1.00994943 0.006792
5.236703 1.00646087 0.006805
5.253996 1.01123260 0.004851
5.274583 1.00794160 0.007015
5.283454 1.00228492 0.006111
5.302348 1.00488576 0.004538
5.304961 1.00915995 0.005103
5.366078 1.00816659 0.003726
5.369417 1.00442327 0.007327
5.379571 0.99946104 0.004711
5.386125 1.00115019 0.006913
5.388621 1.01525670 0.007867
5.407097 1.00924986 0.005702
5.420508 1.00759060 0.006470
5.422938 1.01323298 0.005167
5.467373 1.00250114 0.004486
5.547118 1.00297037 0.007203
5.560836 1.00079836 0.004931
5.592302 1.00283051 0.003070
5.593237 1.00573630 0.006408
5.595120 1.00443645 0.003778
5.610575 1.00466900 0.006543
5.621383 1.00612475 0.006793
5.682260 1.00207959 0.005930
5.691996 1.01497367 0.005027
5.695090 0.99944660 0.003519
5.700827 1.00650340 0.007293
5.752926 1.00879746 0.005928
5.754760 1.01302848 0.007081
5.766272 1.00722958 0.003840
5.810361 1.00396617 0.003458
5.814851 1.00401068 0.006809
5.816088 1.00501394 0.003811
5.825081 1.00719291 0.006594
5.828707 1.00401390 0.004010
5.847048 0.99944230 0.004480
5.853652 0.99747948 0.005801
5.863103 1.00796697 0.003679
5.868359 1.00410165 0.005637
5.874889 0.99512470 0.007437
5.885874 1.00172863 0.005632
5.922217 1.00038627 0.006807
5.992750 0.99761902 0.006154
5.998194 1.00513885 0.004421
6.001398 1.00158433 0.007328
6.005472 1.00383057 0.003193
6.053274 1.00274525 0.003813
6.080328 1.00654244 0.006608
6.086582 1.00618112 0.003302
6.092283 1.00099778 0.003357
6.138434 1.01114783 0.003037
6.144234 1.00280121 0.003697
6.160323 1.00572955 0.006272
6.184121 0.99583419 0.006275
6.219487 1.00340682 0.004652
6.259326 1.00617603 0.006640
6.304581 1.00591932 0.004127
6.316811 1.00207881 0.003201
6.336617 0.99738244 0.004818
6.403172 1.01181080 0.005838
6.456411 1.00293774 0.004026
6.460890 1.00357495 0.005360
6.471020 0.99893430 0.005224
6.498092 0.99916361 0.003538
6.522316 1.00565205 0.005525
6.548232 1.00211218 0.007715
6.548761 1.00282262 0.003817
6.578162 1.00165420 0.004299
6.594334 0.99517514 0.004856
6.595704 0.99856597 0.006070
6.664512 1.00251688 0.006726
6.670500 0.99242405 0.007521
6.680040 0.99825601 0.006017
6.695106 0.99795749 0.006392
6.696600 1.00912455 0.003834
6.724034 1.00560246 0.003305
6.742347 0.99754613 0.007623
6.746257 0.99000800 0.006489
6.762269 1.00559490 0.004123
6.769880 0.98757673 0.007283
6.784455 1.00470307 0.005259
6.789121 1.00712819 0.006380
6.809616 0.99753164 0.004015
6.835541 0.99090449 0.006215
6.837214 0.99338389 0.007835
6.850850 0.99603583 0.005292
6.909058 1.00161966 0.007486
6.961667 1.00694414 0.006172
6.994387 0.99719432 0.005713
7.005853 0.99337471 0.005472
7.018990 0.99925217 0.007202
7.049948 1.00002516 0.006715
7.084827 0.99259824 0.007887
7.094315 0.99865970 0.006679
7.154713 0.99820706 0.005529
7.159302 0.99866180 0.005080
7.163075 0.99088643 0.005947
7.167760 0.99215993 0.003476
7.181433 1.00774062 0.004792
7.184511 1.00244806 0.005120
7.186087 1.00152864 0.004002
7.187960 1.00225155 0.007891
7.205713 0.99881485 0.007089
7.210020 1.00396189 0.006947
7.221968 0.99544530 0.003368
7.227082 0.99418963 0.007890
7.230330 1.00304039 0.006078
7.242321 1.00990166 0.004368
7.285946 0.99921330 0.005432
7.314970 1.00246306 0.003053
7.341908 1.00410906 0.003219
7.344046 1.00433049 0.007604
7.357664 0.99584774 0.003467
7.379550 1.00594968 0.005687
7.387139 0.99986309 0.005218
7.390941 0.99455541 0.006710
7.392505 1.00045388 0.003070
7.396195 1.00298204 0.005261
7.401222 0.98905887 0.007110
7.404493 0.99735776 0.003280
7.467126 0.99390426 0.006276
7.478314 0.99944545 0.003690
7.496172 1.00053356 0.005531
7.502327 1.00110215 0.003150
7.556077 1.00354434 0.007505
7.616309 0.96365786 0.005801
7.631166 1.00701398 0.005336
7.686852 1.00063379 0.006443
7.702557 0.99963556 0.003940
7.708868 0.99876031 0.005876
7.721270 0.99482925 0.006509
7.741456 0.99900873 0.003955
7.769736 1.00182839 0.006821
7.772004 0.98842594 0.003014
7.776820 1.00465707 0.007380
7.825167 1.00851892 0.003201
7.865178 1.00225167 0.003826
7.867555 1.00190777 0.005463
7.874047 0.99766464 0.007608
7.892080 0.99648257 0.004116
7.904992 1.00060167 0.006582
7.924203 1.00202310 0.007978
7.965093 1.00776969 0.003098
8.006250 0.99705163 0.006883
8.026178 1.00630073 0.005623
8.048024 1.00108599 0.005574
8.062640 0.99657482 0.004806
8.086271 1.00611354 0.007126
8.106038 1.00300004 0.004851
8.110826 0.99588063 0.004362
8.134676 1.00501514 0.005115
8.143377 1.00519827 0.007692
8.146582 1.00007780 0.003252
8.178691 1.07526977 0.006738
8.180695 1.00795685 0.005434
8.218087 1.00364513 0.006181
8.234078 0.99450472 0.004653
8.242377 0.99942841 0.003438
8.258149 0.99531109 0.006930
8.269256 0.99001647 0.003813
8.273634 0.99399025 0.007415
8.289134 0.99861261 0.003139
8.291982 1.00420283 0.007150
8.325670 1.00648626 0.003989
8.355972 0.99196097 0.003992
8.365240 1.00249917 0.006610
8.380699 0.99847310 0.006115
8.386036 1.00427027 0.006036
8.406663 0.99431803 0.005552
8.435072 1.00646082 0.004048
8.449750 0.99658280 0.007498
8.450043 1.00129264 0.003677
8.497407 1.00164720 0.007309
8.500876 0.99426889 0.004738
8.520600 0.99846080 0.004409
8.536510 0.99546987 0.004645
8.542485 1.00491714 0.007304
8.564490 0.99874014 0.003902
8.571015 1.00186503 0.004281
8.599275 0.99749867 0.006443
8.602414 0.99591450 0.007033
8.604843 1.00538141 0.004880
8.640026 1.00310585 0.006398
8.642675 1.00038569 0.007313
8.649807 0.99544849 0.006965
8.661925 1.00572065 0.007012
8.675414 0.98793606 0.004766
8.695352 0.99956378 0.007031
8.698249 0.99930286 0.003425
8.712516 1.00282193 0.005187
8.751153 1.00349758 0.007029
8.785571 0.99782603 0.006649
8.792319 0.99277071 0.005287
8.796194 1.00263159 0.003364
8.806712 0.99682805 0.004455
8.825670 0.99990254 0.003827
8.850132 1.00399621 0.007487
8.852585 0.99420196 0.004803
8.863592 0.99566080 0.004973
8.879103 0.99998079 0.004117
8.901705 0.99117361 0.003883
8.903535 0.99556431 0.006677
8.939973 0.99217709 0.005480
8.997267 0.99965990 0.004693
9.007750 0.99993136 0.003108
9.036566 1.00721716 0.007918
9.048140 1.00484471 0.005567
9.051317 0.99768988 0.007178
9.080911 0.99682027 0.004328
9.094590 0.99805181 0.005284
9.097882 0.99855093 0.004801
9.117371 1.00114000 0.003129
9.125849 0.98949385 0.006438
9.144733 1.00141017 0.004117
9.159720 0.99096422 0.007517
9.185261 0.99507372 0.005197
9.195158 1.00290391 0.007509
9.215823 1.00259590 0.003742
9.238958 1.00295533 0.006906
9.248897 0.99538288 0.006493
9.249117 0.99656489 0.007084
9.292360 0.99825794 0.004716
9.319046 0.98903575 0.006581
9.324073 0.99418420 0.004863
9.328310 1.00623743 0.006219
9.338126 0.99754434 0.006562
9.361476 1.00042171 0.006029
9.374912 0.99850342 0.004608
9.380048 0.98933036 0.007743
9.392135 1.00046821 0.006908
9.421870 0.99926599 0.007480
9.458565 0.99668154 0.007870
9.491125 0.98503771 0.005526
9.525328 0.99837780 0.004756
9.528036 0.99343673 0.005972
9.553874 0.99386861 0.004281
9.566820 0.98589606 0.004793
9.577478 0.98124220 0.007113
9.582442 0.99515002 0.004730
9.613663 1.00051135 0.006826
9.622447 0.99250834 0.006708
9.626682 0.99471861 0.005921
9.631935 0.99492679 0.004242
9.670522 0.99303774 0.003006
9.673446 0.99863920 0.003434
9.675677 0.99270932 0.006480
9.730418 0.99065952 0.007374
9.734326 0.98687992 0.004485
9.754655 0.99545454 0.004640
9.755848 0.99401519 0.006261
9.768153 0.99383855 0.004933
9.782531 0.99356484 0.005075
9.803993 0.98857749 0.005274
9.808313 0.99427418 0.004186
9.822821 0.98938753 0.006634
9.867984 0.98924125 0.004461
9.882238 0.99559360 0.007298
9.897472 0.99335562 0.005044
9.909111 1.00714058 0.006655
9.932804 0.98842892 0.004992
9.937180 0.99025103 0.006274
9.950112 0.99360165 0.007954
10.020814 0.99654657 0.006352
10.058915 0.98495071 0.006939
10.117469 0.99986369 0.005273
10.143818 0.99461289 0.004972
10.186431 0.99745015 0.004886
10.202706 0.99251534 0.006237
10.209354 0.99061018 0.003792
10.216853 0.98763995 0.005145
10.222432 0.99262667 0.006182
10.223443 0.95829409 0.004313
10.246402 0.99259414 0.005284
10.264382 1.00303307 0.007355
10.330991 0.99087707 0.007814
10.337066 0.98704334 0.004462
10.367550 0.99125410 0.007402
10.371922 0.96129662 0.003910
10.371976 0.99220360 0.006239
10.413075 0.99403446 0.004398
10.435146 0.99560567 0.006458
10.446872 0.99156680 0.004108
10.464117 0.98494581 0.007198
10.487344 0.99085913 0.005229
10.492917 1.00377558 0.006262
10.519373 0.98991455 0.005776
10.526112 0.98884570 0.004693
10.545487 0.98478619 0.006740
10.549353 0.99005215 0.004814
10.551519 0.98724010 0.004043
10.563852 0.98211793 0.003293
10.571402 0.98307402 0.005501
10.581064 1.00095316 0.004319
10.634219 0.99259501 0.003647
10.647625 0.98992259 0.003816
10.667854 0.99366014 0.007448
10.689553 0.97698838 0.006312
10.727881 0.98255380 0.007435
10.789028 0.98587565 0.003151
10.857156 0.99138370 0.005057
10.864749 0.98503266 0.006527
10.890189 0.98801590 0.006037
10.898635 0.98779680 0.003026
10.906530 0.97745646 0.005746
10.944024 0.98989538 0.006318
10.961350 0.98379227 0.006971
10.964633 0.99355166 0.003775
10.973423 0.98864394 0.005871
10.988463 0.97493740 0.006111
11.000746 0.98388991 0.003614
11.007328 0.98063501 0.006782
11.027898 0.98607866 0.004345
11.035028 0.98465810 0.003274
11.046797 0.98401537 0.005554
11.052890 0.98310658 0.004448
11.058310 0.97678999 0.006251
11.139452 0.98188833 0.005657
11.161742 0.99027086 0.003722
11.169763 0.98611027 0.003874
11.176262 0.98370874 0.007958
11.206004 0.98529316 0.004386
11.221334 0.98479950 0.003204
11.259052 0.98801152 0.006059
11.268894 0.97456608 0.004479
11.303367 0.97873877 0.004666
11.303907 0.98197767 0.007655
11.316327 0.98169692 0.006773
11.344715 0.98709045 0.003248
11.345573 0.99086618 0.006124
11.362333 0.97421271 0.007383
11.371705 0.98637618 0.007468
11.436118 0.97700243 0.005474
11.507367 0.97823178 0.007822
11.527752 0.98213687 0.007661
11.564083 0.97879434 0.004956
11.588346 0.99070893 0.006211
11.592193 0.98160761 0.006510
11.612506 0.98208127 0.005001
11.643375 0.97366946 0.007650
11.665829 0.97565822 0.003202
11.676203 0.98067952 0.005008
11.683774 0.98299791 0.004796
11.692644 0.98096129 0.005807
11.699160 0.97768960 0.003502
11.706422 0.97739499 0.006894
11.729339 0.97972642 0.007871
11.733931 0.98397093 0.005758
11.747625 0.97737202 0.006685
11.776926 0.97802984 0.007152
11.861028 0.97221418 0.004604
11.862085 0.98169602 0.005940
11.890252 0.97881704 0.006825
11.905308 0.97763617 0.004289
11.913406 0.97512426 0.004033
11.952727 0.97422999 0.007808
11.964694 0.97704101 0.006532
12.060550 0.98227814 0.005718
12.061874 0.97792907 0.004289
12.110238 0.97112093 0.004885
12.131883 0.97146296 0.005644
12.136914 0.98128362 0.005316
12.163354 0.97711100 0.006792
12.208411 0.97777955 0.004426
12.219112 0.97666698 0.004756
12.241721 0.97992516 0.003911
12.263673 0.97895113 0.005135
12.286008 0.98075141 0.004587
12.296242 0.98004099 0.004564
12.302942 0.97746678 0.005827
12.313770 0.97504532 0.007966
12.363619 0.97255074 0.006834
12.413980 0.98250833 0.004081
12.456340 0.96298184 0.003654
12.457171 0.97825344 0.006348
12.479547 0.97613332 0.007217
12.482576 0.98338451 0.005821
12.494165 0.97560756 0.005904
12.501539 0.98116002 0.003522
12.533763 0.96850989 0.003305
12.544936 0.97869005 0.007876
12.590537 0.97396005 0.004623
12.624816 0.97227399 0.004441
12.631980 0.96965602 0.004364
12.652648 0.97824562 0.004169
12.667731 0.97120562 0.003251
12.693884 0.97924900 0.006330
12.695826 0.97028843 0.007242
12.696025 1.02684814 0.007103
12.715138 0.96990065 0.003501
12.729889 0.98466724 0.004472
12.731166 0.97655212 0.005490
12.749960 0.97307722 0.004447
12.755743 0.96857132 0.004920
12.831662 0.98148918 0.007490
12.845398 0.97171340 0.006466
12.869305 0.96386645 0.007729
12.921049 0.97673012 0.003935
12.934496 0.97370974 0.003930
12.953711 0.98031441 0.006668
12.967279 0.97481716 0.007479
12.981023 0.98133328 0.006787
12.983962 0.97284876 0.005079
12.996472 0.97493741 0.005203
13.020338 0.97868070 0.007380
13.073326 0.97874983 0.003957
13.094772 0.97497202 0.003626
13.115151 0.97490897 0.006742
13.143432 0.97674213 0.003090
13.180521 0.96240265 0.007388
13.189547 0.98147874 0.005682
13.193197 0.96593014 0.005233
13.197096 0.97304435 0.004324
13.198949 0.98739710 0.006589
13.243920 0.96552216 0.004463
13.260556 0.97733933 0.007987
13.266566 0.97266438 0.003710
13.301907 0.97485941 0.006662
13.384611 0.97026278 0.004870
13.390064 0.97631765 0.003993
13.404046 0.97120373 0.005985
13.406917 0.98096579 0.005618
13.415475 0.97422105 0.004587
13.420227 0.96829224 0.006461
13.463352 0.98105641 0.003593
13.469167 0.99366493 0.007526
13.476487 0.97236043 0.006539
13.519932 0.97192487 0.007957
13.543981 0.97280609 0.003685
13.555189 0.91159610 0.007863
13.582583 0.96537045 0.007186
13.644658 0.97650576 0.005737
13.651133 0.97953199 0.003635
13.667289 0.98262570 0.007668
13.687474 0.98563441 0.003775
13.689884 0.97321178 0.005087
13.697430 0.97619952 0.007542
13.739528 0.97010514 0.007122
13.784027 0.98074598 0.004524
13.789980 0.97299879 0.007985
13.802768 0.97509919 0.006774
13.861933 0.98057147 0.003984
13.882039 0.97055756 0.005007
13.941055 0.97852436 0.005384
13.947940 0.98172910 0.006257
14.067905 0.97456470 0.005589
14.068149 0.97428941 0.005428
14.124429 0.98566025 0.005752
14.126073 0.98689110 0.006872
14.129416 0.96764637 0.003279
14.150787 0.97476370 0.004537
14.177513 0.98018405 0.005491
14.240812 0.97914948 0.003056
14.279464 0.98479731 0.005058
14.291266 0.98219419 0.006879
14.298320 0.98443462 0.005001
14.306038 0.97720998 0.005405
14.364238 0.98446531 0.007344
14.374605 0.99132096 0.006641
14.376839 0.98622038 0.007792
14.393186 0.99560867 0.003167
14.401138 0.97811354 0.004356
14.410712 0.99172662 0.005861
14.428731 0.98716997 0.004828
14.466493 0.98354108 0.004020
14.480533 0.97411515 0.005822
14.499046 0.97890009 0.007423
14.503531 0.96675425 0.006268
14.508431 0.98480940 0.003522
14.533537 0.97832225 0.003291
14.586546 0.98022974 0.004458
14.628870 0.97777036 0.004836
14.639411 0.99087495 0.006634
14.682360 0.98964071 0.007122
14.687204 0.98171690 0.005704
14.708162 0.98905480 0.005189
14.715623 0.97764447 0.007258
14.751535 0.99586798 0.003601
14.766993 1.02175062 0.005172
14.771519 0.99268966 0.006575
14.788888 0.99150367 0.003346
14.812349 0.99214177 0.004824
14.815429 0.99026411 0.006500
14.818418 0.99010904 0.004755
14.845447 0.98790546 0.004098
14.846902 0.99617482 0.004099
14.873237 0.99141488 0.005513
14.905901 0.98971745 0.003026
14.911842 0.99728531 0.003742
14.918769 0.99648036 0.005143
14.939855 0.98514996 0.004088
14.948704 0.98573983 0.005632
14.949533 0.97826839 0.005037
14.954007 0.99789242 0.006391
14.964132 0.99313243 0.005463
14.989408 0.98843282 0.003858
14.995563 0.98915719 0.003379
14.995660 0.99383841 0.006824
15.021227 1.00122182 0.007140
15.024488 0.99649469 0.006018
15.029057 0.99421513 0.003460
15.041364 0.99088562 0.003746
15.042576 0.98859787 0.003753
15.043427 0.99310375 0.006478
15.073178 1.00094440 0.003915
15.077226 0.98034851 0.005935
15.079108 0.98245068 0.006552
15.121401 0.99610079 0.005011
15.134585 0.99087780 0.007521
15.141024 0.99514669 0.007497
15.158807 0.99901871 0.005951
15.165832 0.99370542 0.005070
15.201769 0.99920212 0.005857
15.209293 0.99415954 0.007341
15.216362 0.99270065 0.007468
15.225604 0.99529254 0.005149
15.244861 1.00688066 0.004746
15.300583 1.00879171 0.007255
15.370198 0.99772187 0.004295
15.396024 0.99478618 0.004460
15.398594 0.99551177 0.003045
15.409725 0.99600668 0.005862
15.427657 1.00036134 0.007474
15.440678 0.99724368 0.006535
15.448654 0.98762236 0.007945
15.480958 1.00598026 0.003954
15.488281 0.99575286 0.007293
15.490241 1.00327931 0.003128
15.517365 1.00150372 0.007849
15.533346 1.00944473 0.003917
15.563898 1.00192187 0.006974
15.592227 0.99342968 0.005798
15.638299 1.00876035 0.005770
15.649235 0.99575241 0.003868
15.669136 1.00666550 0.006786
15.674232 1.00224157 0.003412
15.714760 1.01164689 0.007537
15.715235 1.00553654 0.005411
15.722496 1.00002701 0.006693
15.743545 1.00290977 0.007323
15.759954 1.01492737 0.003100
15.766784 1.00580642 0.003838
15.784351 1.00798964 0.005765
15.823375 1.00125592 0.003039
15.827265 0.99792242 0.006782
15.861545 1.00351971 0.004970
15.870742 0.99651750 0.006226
15.873983 1.01541965 0.006641
15.897191 0.99936097 0.003150
15.902676 1.01440837 0.006485
15.940103 1.00256605 0.003612
15.940739 1.01317055 0.004204
15.945660 1.01332540 0.003099
15.964098 1.00912577 0.006759
16.001630 0.99807572 0.007793
16.031857 1.00833208 0.003807
16.046219 1.01447916 0.004079
16.047813 1.00797370 0.007298
16.048764 1.01634795 0.005492
16.049485 1.00916618 0.006276
16.054977 1.01646527 0.007505
16.073841 1.01633415 0.007603
16.080866 1.01171585 0.005553
16.092613 0.99971250 0.007547
16.093912 1.01186500 0.003737
16.122128 1.01806237 0.004121
16.127821 1.01439489 0.007262
16.139758 1.01280881 0.004093
16.146300 1.00633559 0.006983
16.201269 1.01227096 0.007559
16.201834 1.01140352 0.007795
16.213411 1.00898205 0.003951
16.248231 1.00442907 0.006362
16.313354 1.01025579 0.007431
16.317267 1.01302386 0.007894
16.339266 1.01921522 0.003076
16.350584 1.00586452 0.003854
16.354062 1.01020962 0.005539
16.366425 1.01093339 0.004730
16.381835 1.01934654 0.005052
16.414269 1.02219381 0.003468
16.423929 1.01293311 0.003565
16.459583 1.00731060 0.007327
16.464679 1.02085005 0.007289
16.516023 1.01771046 0.006893
16.525720 1.02011313 0.005528
16.528071 1.02040553 0.007507
16.580721 1.01752863 0.003601
16.590425 1.01809144 0.005465
16.600833 1.02008315 0.005389
16.615709 1.00773102 0.003652
16.616727 1.00904484 0.005951
16.645050 1.01664883 0.004207
16.704760 1.01803616 0.007678
16.717976 1.01836659 0.003649
16.723707 1.02024638 0.006103
16.767039 1.01285193 0.006876
16.963716 1.01777764 0.003399
16.964935 1.02347666 0.007915
16.985309 1.01520632 0.007506
16.996139 1.01790967 0.005490
17.045181 1.02960821 0.007742
17.053369 1.01074347 0.006183
17.068578 1.02502867 0.003844
17.077161 1.02378269 0.003126
17.077582 1.02055148 0.007252
17.081893 1.01441302 0.004749
17.083509 1.01910276 0.005274
17.114350 1.01846781 0.004188
17.130859 1.02476104 0.003119
17.196228 1.02760981 0.005986
17.203407 1.02264453 0.005968
17.206117 1.02035323 0.007614
17.223717 1.02227750 0.003864
17.295178 1.02315295 0.006666
17.304266 1.02205079 0.004377
17.317537 1.01854582 0.003747
17.320747 1.02588142 0.006839
17.333611 1.01953939 0.005604
17.347449 1.02432809 0.006317
17.351480 1.02444492 0.006372
17.353303 1.02869636 0.004672
17.358786 1.02930901 0.006832
17.385832 1.01601824 0.005510
17.398838 1.02246771 0.007614
17.421727 1.03146741 0.006370
17.428651 1.02663968 0.004679
17.435188 1.01804221 0.005025
17.445014 1.01995872 0.006327
17.460184 1.01958908 0.005193
17.476303 1.03314913 0.005717
17.491334 1.02467822 0.007600
17.501844 1.03026371 0.005703
17.506178 1.02349693 0.004647
17.519579 1.02603820 0.004290
17.524764 1.03366224 0.004993
17.532581 1.03099957 0.004408
17.541913 1.01020012 0.007046
17.543633 1.03436988 0.004092
17.559326 1.02995420 0.004430
17.608385 1.02234948 0.004621
17.626657 1.02831500 0.005073
17.629111 1.02056552 0.003762
17.688005 1.02146214 0.005125
17.701012 1.02216478 0.006083
17.705481 1.02019371 0.003623
17.715428 1.02881534 0.005514
17.735021 1.02956745 0.004344
17.743957 1.02679887 0.003649
17.748870 1.02557164 0.003903
17.756774 1.03412433 0.007736
17.818591 1.08190973 0.003564
17.832924 1.02811603 0.007610
17.859721 1.02862207 0.005822
17.861963 1.03278337 0.007017
17.880366 1.03060483 0.007734
17.884933 1.02186060 0.006808
17.897597 1.02712879 0.003865
17.912868 1.02841231 0.006391
17.932036 1.02126962 0.006461
17.958830 1.01875099 0.006659
17.997386 1.02540331 0.007515
17.998060 1.02733311 0.006224
17.999721 1.02177814 0.006403
18.019333 1.01365080 0.005435
18.044427 1.03292340 0.005145
18.067645 1.02557641 0.007773
18.090072 1.01987183 0.006416
18.099754 1.03192422 0.004035
18.102154 1.03047684 0.007320
18.196651 1.03126752 0.006752
18.206610 1.03040200 0.004399
18.215362 1.02441712 0.007648
18.227688 1.02199434 0.005109
18.236229 1.02984562 0.003371
18.264194 1.03136072 0.006961
18.273622 1.02375832 0.004494
18.293250 1.03388415 0.007685
18.308240 1.02119784 0.003964
18.312527 1.02803901 0.003945
18.313210 1.02333895 0.007272
18.324456 1.02913651 0.003661
18.383219 1.02990998 0.003526
18.402337 1.03116552 0.004776
18.420950 1.02343738 0.007665
18.443520 1.03143429 0.003859
18.484892 1.02602948 0.004106
18.493855 1.02284149 0.004062
18.505651 1.02729914 0.007201
18.517200 1.02745884 0.004143
18.517910 1.00966949 0.006314
18.537665 1.03393270 0.007319
18.541255 1.02609832 0.007944
18.547379 1.02989701 0.004916
18.584973 1.02796312 0.006452
18.585354 1.02822195 0.003868
18.625433 1.02543354 0.006316
18.631811 1.02634089 0.007402
18.683072 1.02575579 0.007860
18.707817 1.02409457 0.006518
18.713935 1.02864928 0.004923
18.732199 1.02512444 0.003268
18.732683 1.03207398 0.006920
18.740583 1.02205914 0.007032
18.741739 1.02318019 0.004639
18.798083 1.03223801 0.005663
18.803303 1.01995145 0.005920
18.848136 1.02048153 0.004164
18.931866 1.01947707 0.007568
18.949040 1.02478723 0.004518
18.957636 1.01477646 0.005254
18.978450 1.01282007 0.006488
19.084659 1.01767962 0.005137
19.097230 1.02122038 0.004483
19.110640 1.02446030 0.004301
19.171625 1.01754175 0.005503
19.213833 1.02098306 0.005937
19.287084 1.02463322 0.003376
19.317825 1.01826134 0.007198
19.382384 1.01262709 0.003755
19.437718 1.01791549 0.005138
19.457171 1.01060044 0.006674
19.472317 1.01614366 0.004355
19.482370 1.02600675 0.003976
19.483160 1.02335285 0.003252
19.509654 1.00277124 0.003352
19.541039 1.02105414 0.004148
19.542503 1.03031257 0.006815
19.564816 1.02141378 0.007363
19.572982 1.01541065 0.004093
19.596388 1.01080443 0.003756
19.610917 1.02775927 0.004115
19.672228 1.01748370 0.004458
19.702933 1.02024811 0.006406
19.739415 1.00670038 0.006566
19.739671 1.01319263 0.006003
19.758410 1.01716453 0.004514
19.771753 1.00772795 0.003012
19.828779 1.01517031 0.006539
19.845242 1.01439410 0.004236
19.869316 1.01433877 0.003810
19.885898 1.01130952 0.004652
19.908916 1.02034753 0.003475
19.913573 1.01454392 0.003545
19.917794 1.01471913 0.003979
19.921116 1.01474528 0.004457
19.928796 1.02152483 0.007093
19.937497 1.01118753 0.004739
19.946367 1.01878097 0.006118
19.956010 1.01046557 0.006389
19.970647 1.01473390 0.007386
20.008485 1.00899191 0.004069
20.047741 1.02229607 0.007771
20.070921 1.01894656 0.004135
20.087928 1.01382482 0.005316
20.135758 1.00309915 0.007720
20.143377 1.00625477 0.004859
20.163603 1.00722711 0.004370
20.168028 1.01034570 0.003746
20.187923 1.01245436 0.005107
20.192754 1.01639749 0.004279
20.195291 1.01501197 0.007916
20.207183 1.02139832 0.006562
20.216971 1.01765627 0.007622
20.260671 1.01146150 0.005628
20.300357 1.00840546 0.007842
20.329916 1.00323665 0.003758
20.356564 1.01170981 0.003215
20.361844 1.01219903 0.004782
20.362349 1.00782506 0.004981
20.364702 1.01052655 0.007307
20.408844 1.00846930 0.007037
20.455167 1.00894323 0.005173
20.499081 1.01017144 0.003564
20.504632 1.01237496 0.004323
20.508520 1.01135109 0.003698
20.512604 1.01010690 0.005511
20.515610 1.01419991 0.007227
20.527156 1.01004045 0.007168
20.527572 1.01376702 0.007942
20.581700 1.01119619 0.006907
20.582309 1.00948745 0.005013
20.649686 1.02421907 0.003638
20.649888 1.00864662 0.005599
20.680272 1.00559312 0.007601
20.685996 1.01350958 0.006030
20.699597 1.01000759 0.003720
20.729997 1.01120932 0.003741
20.737459 1.01009176 0.007707
20.774107 1.01068951 0.005516
20.775677 0.99736118 0.003040
20.802348 1.00753512 0.006500
20.812447 1.01358170 0.006471
20.852288 1.00366117 0.006271
20.868304 1.00607640 0.003655
20.874456 1.01786991 0.006032
20.887649 1.00071874 0.007817
20.898177 1.00792167 0.003731
20.902417 1.00232010 0.004038
20.907140 1.01084455 0.007742
20.923229 1.00734695 0.003451
20.943646 1.00377801 0.003390
20.968968 1.00230767 0.003742
20.973408 1.00430841 0.006929
20.974109 1.01191219 0.004165
20.987359 1.00159269 0.007299
20.992671 1.00687792 0.006379
21.014307 1.00730813 0.007895
21.032412 1.00549959 0.006168
21.055214 0.99738361 0.006966
21.075995 0.99989394 0.006828
21.106557 1.00519720 0.004265
21.119106 1.01045924 0.004557
21.188589 0.99636388 0.003705
21.211546 0.99473181 0.003324
21.268347 0.99658811 0.005664
21.289338 1.00371783 0.005976
21.341692 1.00445994 0.006659
21.409047 1.00542830 0.005355
21.426143 1.01042167 0.005002
21.435875 1.00578909 0.007613
21.459114 1.00362203 0.007043
21.492200 1.00847758 0.006171
21.515952 1.00221079 0.005646
21.528386 1.00356441 0.004310
21.531811 1.00379149 0.003893
21.533717 1.00687682 0.004632
21.542190 1.00415075 0.006000
21.566229 0.99593156 0.005058
21.567643 1.00159679 0.004823
21.597428 1.01240762 0.006802
21.600805 1.00500903 0.007798
21.650716 1.00313899 0.003549
21.661344 1.00296997 0.007456
21.709206 1.00493032 0.005244
21.721259 0.99217086 0.003236
21.731729 1.00815571 0.003305
21.738678 1.00426387 0.006244
21.739711 1.00837083 0.006671
21.740955 0.99692717 0.004369
21.828108 1.00190669 0.007661
21.903691 1.00548199 0.007777
21.910365 1.00306379 0.006823
21.927586 1.00041621 0.003370
21.928619 0.99933306 0.005311
21.929021 1.00174687 0.005937
21.952214 1.00228615 0.004223
21.965487 1.00040171 0.004333
21.971692 0.99746660 0.005160
22.027555 1.00710073 0.005296
22.077673 0.99982812 0.007674
22.159657 1.00333592 0.007889
22.161186 1.00647646 0.006356
22.180757 0.99877871 0.006186
22.202288 1.00669901 0.007460
22.233607 0.98838896 0.005509
22.240640 1.00283710 0.005315
22.255949 0.99911498 0.004023
22.258141 1.00611491 0.006561
22.267214 0.99107968 0.006248
22.312208 0.99588985 0.006279
22.351518 1.00106108 0.005059
22.366546 0.99096344 0.003736
22.391872 1.00326220 0.003118
22.432738 0.99580078 0.006802
22.453222 0.98575716 0.006388
22.568276 1.00083408 0.007569
22.581169 1.01160335 0.004362
22.581272 1.00222039 0.006052
22.581500 1.09156099 0.005427
22.586110 0.99826601 0.004207
22.593795 0.99984859 0.006775
22.598223 1.01208176 0.004236
22.599745 1.00749141 0.007474
22.623035 0.99816012 0.005051
22.624505 1.00469235 0.006666
22.657335 0.99376576 0.007885
22.659148 1.00645694 0.006462
22.674401 1.00166878 0.004342
22.754822 0.99975013 0.004515
22.762388 0.99802473 0.007557
22.843844 1.00422608 0.003426
22.853879 0.99861608 0.004931
22.897670 1.00569521 0.004630
22.905033 1.00438670 0.007851
22.935713 1.00184784 0.007462
22.967614 0.99748021 0.007052
23.012176 0.99550366 0.005919
23.063672 0.99760139 0.004501
23.085150 1.00181535 0.006153
23.096948 0.99635979 0.006421
23.138812 0.99952910 0.007930
23.147048 0.99313908 0.003332
23.166226 0.99568344 0.004638
23.291375 0.98908827 0.004983
23.340724 1.00314407 0.005853
23.413426 0.98882561 0.007686
23.443218 1.00619150 0.005573
23.457017 1.00985055 0.006686
23.468063 1.00212129 0.006904
23.469341 0.99778327 0.006016
23.474178 0.99867778 0.005847
23.479775 0.99250776 0.007982
23.484457 1.00657429 0.004646
23.490449 0.99858903 0.003113
23.506176 0.99654283 0.006015
23.510534 0.99545987 0.006086
23.517619 1.00149971 0.007082
23.584806 0.99916009 0.004392
23.588640 0.99924382 0.005145
23.627626 1.00038130 0.006350
23.632130 0.99767305 0.006011
23.632623 0.99468331 0.007170
23.636566 0.99202207 0.003801
23.637767 1.00217890 0.007558
23.764794 1.00600292 0.004030
23.779698 1.00569484 0.004756
23.781231 1.00016296 0.006504
23.787643 0.98524365 0.006964
23.791468 1.00217972 0.005412
23.794352 1.00034418 0.006863
23.837898 0.99917773 0.003264
23.859628 1.00158357 0.007044
23.918150 0.99629716 0.005356
23.970242 1.00312472 0.005516
23.972044 1.00679848 0.004348
24.012057 1.00166962 0.005893
24.033472 0.99940580 0.003895
24.039203 0.99810824 0.007718
24.039712 1.00299152 0.007173
24.042132 0.99211608 0.004741
24.055952 1.00236441 0.006531
24.088654 0.99963280 0.007815
24.110382 1.00028862 0.007363
24.117438 1.00089237 0.005743
24.123281 0.99796150 0.004327
24.154971 1.00555470 0.004717
24.168856 1.00644567 0.006570
24.179703 0.99859329 0.006074
24.187657 0.99142448 0.005207
24.216955 0.99806689 0.005408
24.259863 0.98843988 0.004378
24.272007 1.00291788 0.007570
24.280833 0.99050456 0.007687
24.285495 0.99893648 0.007830
24.302650 1.00638682 0.006011
24.302945 1.00139309 0.004422
24.316322 1.01095560 0.004353
24.320814 0.99312264 0.003035
24.440803 0.99652028 0.004169
24.448968 0.99973162 0.005078
24.449973 0.99986261 0.005476
24.532432 0.99554164 0.004578
24.545610 0.99914782 0.003449
24.565189 0.99418130 0.005065
24.566335 1.00050640 0.005985
24.586331 0.99993512 0.004052
24.624672 0.99479624 0.007449
24.635768 0.99538145 0.005460
24.644136 0.99329392 0.005783
24.691719 1.00270557 0.005657
24.707099 0.99230591 0.006188
24.752734 0.99166508 0.004541
24.784957 0.99833234 0.005288
24.794477 1.00225348 0.005707
24.809601 0.99575848 0.004632
24.812188 1.00318302 0.004155
24.827946 0.99896235 0.005684
24.896153 0.99811185 0.007900
24.902039 1.00551656 0.005583
24.904826 0.99711985 0.005571
24.911983 1.00044553 0.007010
24.930398 1.00529198 0.007894
24.938448 1.00696724 0.004069
25.000273 0.99773534 0.004812
25.012419 0.98758591 0.004029
25.014554 1.00149358 0.004338
25.061500 0.99156373 0.004711
25.061544 0.99701383 0.006198
25.085446 0.99486239 0.005695
25.102083 0.99882040 0.007141
25.124768 0.99681638 0.003481
25.154830 1.00242460 0.003245
25.188789 0.99989295 0.003049
25.191482 1.00413543 0.006074
25.191632 0.99428780 0.003529
25.206964 0.99733265 0.006480
25.216455 0.99646878 0.003694
25.221771 1.00151663 0.006803
25.238075 0.98505625 0.006060
25.246271 0.99863108 0.004706
25.255454 0.99867369 0.006659
25.272141 0.98554693 0.006007
25.326319 0.99808398 0.007046
25.377761 0.99679445 0.007171
25.381761 0.99580777 0.004016
25.406967 0.99094233 0.006458
25.432530 1.00261195 0.005805
25.439295 0.99435914 0.007831
25.444660 0.99478124 0.005408
25.488011 1.00255367 0.004706
25.519088 1.00314695 0.007353
25.531815 0.98821017 0.004104
25.541685 0.99942753 0.003332
25.545270 0.99347467 0.003994
25.606562 0.99012222 0.005310
25.614579 1.00254163 0.007401
25.617476 0.98992483 0.005699
25.636174 0.99287568 0.003039
25.658155 0.99411899 0.004025
25.659620 0.99357245 0.007057
25.662758 0.99305509 0.005404
25.682231 0.99933316 0.003546
25.686087 0.99172742 0.007508
25.708962 0.99368924 0.005775
25.711465 0.99506117 0.006267
25.771851 0.99241271 0.007959
25.813366 0.99527103 0.005099
25.869447 0.98646816 0.007543
25.870108 0.99630640 0.007865
25.876958 0.99403404 0.006969
25.878470 0.98535281 0.003766
25.884730 1.00048782 0.004768
25.906650 0.99958835 0.003940
25.990938 0.98445840 0.005227
26.037206 1.07663916 0.006732
26.077742 0.98626852 0.003053
26.084772 0.98599332 0.005269
26.118501 0.99454440 0.004361
26.132672 0.98451226 0.006367
26.145429 0.98494589 0.004636
26.296718 0.99058166 0.003535
26.312082 0.98500402 0.007792
26.376306 0.98807765 0.007258
26.393281 0.98582985 0.004728
26.415314 0.98933129 0.005194
26.426407 0.98147176 0.007924
26.460230 0.98047029 0.003197
26.492106 0.99090449 0.004696
26.505738 0.98775822 0.004594
26.514892 0.98111253 0.003878
26.532375 0.98127763 0.006568
26.543938 0.98525854 0.007682
26.547031 0.99034111 0.007154
26.548586 0.98756555 0.005468
26.566151 0.98806121 0.006166
26.579649 0.98128884 0.005546
26.583126 0.98380767 0.007085
26.589304 0.97850067 0.004137
26.589635 0.99104938 0.003183
26.612768 0.98255061 0.006363
26.624247 0.98874288 0.007573
26.629675 0.98259960 0.005073
26.662680 1.02712073 0.007613
26.671687 0.99142295 0.007811
26.676444 0.98112902 0.003026
26.680253 0.98528816 0.005883
26.706705 0.98500594 0.005544
26.778211 0.99015896 0.003589
26.779199 0.98747475 0.003114
26.801157 0.97860499 0.004690
26.831646 0.98181281 0.006505
26.928944 0.98346888 0.003282
26.931685 0.97453188 0.007282
26.954480 0.98504639 0.004777
26.958198 0.97820466 0.004724
26.968630 0.98113404 0.005141
26.990998 0.97924001 0.004537
26.992337 0.98575584 0.004625
27.000787 0.97827557 0.004114
27.028648 0.97787231 0.005539
27.032355 0.98412201 0.007161
27.078297 0.97792948 0.003142
27.089885 0.97565146 0.005739
27.106056 0.97874623 0.007335
27.120406 0.97363569 0.005737
27.130199 0.98577051 0.003621
27.131866 0.97581055 0.005354
27.135082 0.98306697 0.003128
27.147430 0.97931293 0.006359
27.183169 0.97933056 0.005653
27.221315 0.97767505 0.003600
27.240722 0.97543059 0.004573
27.295492 0.97360149 0.003531
27.310880 0.98218790 0.006507
27.320446 0.97177606 0.004431
27.324894 0.98765773 0.005139
27.331047 0.97880855 0.003819
27.352938 0.98089283 0.004520
27.372848 0.97858528 0.003157
27.376515 0.98092489 0.005263
27.386960 1.03190060 0.006794
27.399598 0.96837079 0.007021
27.410741 0.97605469 0.004948
27.411530 0.96841679 0.005508
27.419812 0.98645668 0.004989
27.454489 0.97255646 0.004254
27.458211 0.98198357 0.004645
27.462789 0.96808053 0.006113
27.463642 0.97044054 0.006281
27.468386 0.97970725 0.004690
27.471458 0.98567970 0.006008
27.472792 0.96844544 0.003768
27.481906 0.97028870 0.003990
27.517854 0.98237318 0.005046
27.598479 0.97776468 0.003020
27.645820 0.97473932 0.004870
27.648641 0.96919791 0.004211
27.657972 0.97163362 0.003865
27.692037 0.97763449 0.005465
27.702609 0.97041043 0.005438
27.708337 0.97177615 0.003441
27.742722 0.97858242 0.004767
27.747324 0.97894319 0.006013
27.754624 0.96276475 0.007515
27.770826 0.96603548 0.007640
27.776789 0.97763361 0.004472
27.778944 0.98423364 0.005574
27.811668 0.96422670 0.003765
27.833095 0.97396190 0.005850
27.887170 0.97727254 0.007716
27.893401 0.97870168 0.003972
27.938055 0.97296315 0.006665
27.942370 0.97262423 0.005772
27.942670 0.96935580 0.004385
27.981842 0.97969146 0.005805
27.999067 0.97468335 0.005048
28.028640 0.97952793 0.003631
28.054079 0.98519347 0.006629
28.085668 0.96514946 0.003117
28.129170 0.97168373 0.007779
28.176345 0.97314365 0.004396
28.210217 0.96858158 0.005587
28.220597 0.96852009 0.003330
28.277774 0.96972804 0.005996
28.286463 0.98120146 0.005363
28.302779 0.97310055 0.006816
28.319366 0.97927733 0.004888
28.326527 0.97816605 0.003375
28.335513 0.97664442 0.005109
28.349530 0.97590395 0.005718
28.363890 0.98186908 0.004128
28.390900 0.98002911 0.004736
28.406350 0.97077006 0.003661
28.412118 0.98055151 0.004903
28.428840 0.96093463 0.006829
28.453914 0.97242359 0.003686
28.455903 0.96821593 0.006950
28.456888 0.97343213 0.006036
28.464247 0.96664138 0.003925
28.500936 0.97800772 0.006389
28.516458 0.97344654 0.006100
28.528885 0.97375777 0.005632
28.557078 0.98034073 0.007792
28.616347 0.97443879 0.005388
28.617766 0.96504283 0.007637
28.621893 0.97193647 0.006059
28.629161 0.96742679 0.006771
28.641427 0.98111550 0.003397
28.655748 0.96957603 0.005900
28.656462 0.97794531 0.007997
28.665920 0.98167642 0.005289
28.681269 0.97247552 0.006184
28.696253 0.97374581 0.005603
28.739393 0.97825827 0.004598
28.740263 0.97305140 0.003378
28.802657 0.97054596 0.007466
28.809614 0.97372847 0.005322
28.866792 0.98341692 0.003991
28.901110 0.97374481 0.003475
28.906166 0.98060649 0.003085
28.928285 0.97938023 0.004137
28.932236 0.97504553 0.004416
28.939400 0.97213781 0.005003
28.957453 0.96829182 0.005784
28.957900 0.97648989 0.007968
28.977312 0.97238143 0.003159
28.986450 0.98136650 0.005085
29.039500 0.97915003 0.007645
29.065343 0.97104486 0.005349
29.083330 0.97034738 0.004004
29.093403 0.97520400 0.003959
29.104540 0.97993023 0.004451
29.168153 0.97422576 0.007595
29.168704 0.97542394 0.007396
29.187250 0.97457030 0.004456
29.222708 0.97850392 0.003981
29.253634 0.97467865 0.006419
29.276514 0.97443262 0.007394
29.277074 0.97598197 0.005682
29.286571 0.96948716 0.004512
29.286749 0.97319462 0.007085
29.297630 0.97090288 0.004012
29.343097 0.97426281 0.004957
29.366727 0.98135829 0.005585
29.392824 0.98164330 0.007555
29.444950 0.94862504 0.006192
29.447570 0.98013581 0.006265
29.450081 0.97791790 0.007836
29.464755 0.91177765 0.007029
29.465293 0.97161036 0.006153
29.475296 0.97924835 0.005612
29.485136 0.97211098 0.006940
29.499360 0.98031116 0.004064
29.522919 0.97936566 0.003407
29.526180 0.98300947 0.006042
29.528970 0.97691255 0.007036
29.567848 0.98478161 0.005210
29.573324 0.98590935 0.004941
29.595160 0.97917924 0.003553
29.596994 0.98677893 0.007955
29.605581 0.98597523 0.003640
29.625529 0.98630913 0.004153
29.669357 0.98919480 0.007861
29.671160 0.98474105 0.004823
29.686326 0.98511016 0.004019
29.693289 0.98310889 0.006568
29.731689 0.98585588 0.006364
29.736882 0.98432227 0.004290
29.747326 0.98117874 0.004540
29.786309 0.98080592 0.007318
29.797030 0.98146747 0.005906
29.806419 0.98060856 0.006328
29.852929 0.98848303 0.006771
29.864408 0.98443645 0.005056
29.872781 0.97825762 0.007820
29.891106 0.98010913 0.004407
29.907211 0.97898022 0.005278
29.937486 0.98697825 0.004195
30.004923 0.97933572 0.007477
30.044728 0.98390732 0.006371
30.052155 0.97921689 0.006383
30.056510 0.98337752 0.003277
30.086429 0.98610474 0.007115
30.120618 0.98758474 0.007434
30.135530 0.98881696 0.006954
30.136566 0.98692838 0.004159
30.143002 0.98154114 0.007256
30.150099 0.99130539 0.007340
30.169492 0.98373655 0.003451
30.181786 0.98857883 0.004124
30.182615 0.99064439 0.007679
30.213979 0.99164078 0.007208
30.214140 0.98692438 0.007289
30.218594 0.98429464 0.003336
30.242552 0.99182528 0.007797
30.254785 0.99657534 0.006672
30.269207 0.99069580 0.005524
30.271110 0.97881773 0.006017
30.273636 0.99400552 0.004188
30.277769 0.99405468 0.006397
30.281720 0.99788869 0.003540
30.289035 0.99326297 0.006491
30.301006 0.98558401 0.007598
30.303593 0.99309094 0.003794
30.310717 0.98491824 0.007771
30.324623 0.99619201 0.005650
30.330042 0.98460692 0.003487
30.338690 0.98834522 0.003167
30.360485 0.98244275 0.006992
30.366371 0.99046045 0.003282
30.367838 0.98793726 0.006478
30.403297 0.99170038 0.003727
30.426419 0.99044004 0.004288
30.471013 0.98978519 0.006783
30.522962 0.99445823 0.003180
30.536802 0.98736389 0.004193
30.564353 0.98836696 0.004355
30.581707 0.99289625 0.003525
30.591044 0.98753978 0.005792
30.610300 0.99533742 0.006534
30.621096 0.99782962 0.005836
30.676055 0.98805428 0.005203
30.714614 1.00033873 0.007221
30.718173 1.00584419 0.003455
30.738265 0.99890008 0.004248
30.743355 0.99332903 0.006784
30.747902 0.98882773 0.007660
30.750030 0.99533274 0.004194
30.762845 1.00055450 0.005878
30.779615 0.99789032 0.003717
30.786299 0.99709560 0.006374
30.848610 1.00078501 0.005416
30.859050 1.00093787 0.003728
30.870902 1.00108272 0.005370
30.871669 1.00227533 0.003307
30.928563 0.99163740 0.006927
30.946871 1.00256586 0.007186
30.968255 1.00041360 0.003140
31.030759 0.99898415 0.003965
31.048478 1.00949963 0.006208
31.058510 1.00677052 0.004236
31.085605 1.00234649 0.007227
31.135626 0.99478582 0.006860
31.142867 1.00404993 0.007928
31.172044 0.99951964 0.005606
31.179054 1.00765032 0.004842
31.202379 1.00223461 0.005195
31.205595 1.00956605 0.003624
31.239721 1.00041823 0.005350
31.262170 1.00343957 0.005971
31.330971 1.00367207 0.003339
31.337709 1.00731259 0.006968
31.349357 1.00222696 0.003004
31.403587 1.01091669 0.004508
31.404132 1.09652489 0.004214
31.471471 1.00375435 0.007306
31.484691 0.99634949 0.005109
31.492466 1.00904454 0.003403
31.520344 1.01377376 0.003451
31.527550 1.00216226 0.007976
31.536777 1.01236533 0.004217
31.540939 1.01314647 0.004356
31.545301 1.01329536 0.004666
31.552186 1.00781055 0.006246
31.574892 1.00974972 0.007498
31.602328 1.01021951 0.007305
31.606819 1.01584744 0.006201
31.628051 1.01444223 0.003164
31.628110 1.00621654 0.004803
31.677056 1.00710856 0.006334
31.690684 1.01214958 0.004141
31.721992 1.01596089 0.004017
31.730188 1.00875773 0.003256
31.743366 1.00828293 0.003354
31.744325 1.01513941 0.004578
31.755010 1.01311540 0.005970
31.787091 1.01255490 0.006983
31.858889 1.02026043 0.005050
31.861273 1.00773681 0.006456
31.893823 1.00627277 0.004711
31.901189 1.01004884 0.004574
31.918639 1.01371342 0.003164
31.924794 1.01761992 0.003336
31.963743 1.01566857 0.007460
31.987893 1.02007407 0.006592
31.996452 1.02385410 0.007218
32.000041 1.01109344 0.006041
32.073904 1.01743672 0.006336
32.119750 1.01359788 0.005889
32.175815 1.01857858 0.003812
32.215870 1.01280945 0.003726
32.252677 1.01225026 0.004748
32.254635 1.01411916 0.006759
32.267381 1.01958876 0.006453
32.267437 1.01524429 0.004939
32.275425 1.01138870 0.007645
32.305954 1.01496605 0.007437
32.309623 1.01338781 0.006640
32.397612 1.02515418 0.004316
32.426537 1.02959348 0.005333
32.473372 1.02390731 0.006814
32.517809 1.01923511 0.003873
32.518017 1.02212268 0.005438
32.521336 1.01576479 0.004243
32.524883 1.01734597 0.003197
32.540371 0.97979940 0.007085
32.587211 1.01652169 0.005976
32.594252 1.01466521 0.006493
32.684819 1.02796265 0.005163
32.689557 1.01738879 0.007085
32.715581 1.01610161 0.003902
32.735321 1.02398186 0.006963
32.750859 1.02149927 0.006880
32.783932 1.02436558 0.006674
32.802118 1.01735415 0.004127
32.858394 1.02284035 0.005547
32.895854 1.02141217 0.003485
32.924272 1.01963908 0.007074
32.931891 1.02167567 0.005524
32.933082 1.02386275 0.006374
32.983207 1.02872347 0.006922
32.986055 1.02130657 0.005247
32.996831 1.01295323 0.007739
33.005906 1.02160468 0.004292
33.022339 1.01959917 0.006321
33.051792 1.02035060 0.003842
33.056062 1.02119116 0.006628
33.076200 1.01787505 0.003397
33.093275 1.02844320 0.007981
33.099199 1.02445458 0.005403
33.114846 1.02597441 0.007725
33.117896 1.03276743 0.006789
33.155888 1.02002883 0.005624
33.162357 1.03140564 0.003583
33.164912 1.02416056 0.005379
33.185786 1.02615712 0.003665
33.234319 1.02474874 0.004232
33.242396 1.03282672 0.004143
33.252756 1.01932620 0.007007
33.259303 1.02222275 0.007536
33.270067 1.01841335 0.007878
33.274663 1.03571935 0.005460
33.297518 1.02885370 0.003795
33.305222 1.02881818 0.003311
33.313182 1.02314845 0.004122
33.337629 1.02008348 0.006228
33.337853 1.01916967 0.004761
33.355611 1.02635037 0.006527
33.409413 1.02531396 0.005104
33.432767 1.02055096 0.007298
33.456044 1.01748911 0.003771
33.479355 1.02993420 0.007459
33.501732 1.02441591 0.006133
33.516045 1.03192237 0.006511
33.534954 1.02807405 0.006842
33.621380 1.02504544 0.003678
33.622083 1.02378969 0.007709
33.643537 1.02962732 0.005624
33.660167 1.02812293 0.004341
33.669617 1.03168540 0.005537
33.692360 1.04237709 0.004107
33.705554 1.02962953 0.006336
33.720924 1.01812595 0.004761
33.739132 1.03118297 0.003773
33.743809 1.02949979 0.004484
33.757439 1.08043975 0.007682
33.757903 1.02963627 0.005571
33.788993 1.03164979 0.003420
33.800056 1.02800545 0.003597
33.807743 1.01884353 0.006284
33.844849 1.03031222 0.004879
33.900493 1.02613619 0.007631
33.945740 1.02505008 0.006561
33.946363 1.02589764 0.007115
33.956874 1.02093192 0.005574
33.967547 1.02706604 0.003608
33.998432 1.02051882 0.003578
34.110632 1.02933130 0.006440
34.143171 1.02511281 0.006086
34.191407 1.01871207 0.003453
34.196807 1.01852077 0.007441
34.203875 1.02050726 0.006659
34.211052 1.02998603 0.006464
34.213315 1.02367601 0.003408
34.220384 1.02034120 0.003368
34.224896 1.02479479 0.003824
34.269087 1.02347672 0.004101
34.281642 1.01958538 0.004007
34.333383 1.01896194 0.003056
34.346404 1.02687057 0.003199
34.349412 1.02726410 0.006838
34.364094 1.03100408 0.005054
34.377544 1.01910149 0.005524
34.383219 1.01734828 0.004578
34.391583 1.02230972 0.007026
34.399060 1.02251969 0.003740
34.413340 1.02789285 0.006286
34.417092 1.02618981 0.007542
34.446879 1.02420883 0.007172
34.451622 1.02898689 0.004947
34.458917 1.02059744 0.004038
34.460121 1.01720613 0.003694
34.480750 1.02986482 0.006035
34.489753 1.02898161 0.006393
34.501468 1.02277138 0.003944
34.509301 1.02308958 0.004280
34.531094 1.02808142 0.006412
34.548279 1.02265785 0.007924
34.565130 1.01801331 0.003566
34.584910 1.02574313 0.004082
34.615270 1.02369639 0.006835
34.625983 1.01763923 0.004241
34.667419 1.00957919 0.004618
34.682674 1.01216605 0.007262
34.687757 1.02577902 0.007630
34.741186 1.01998137 0.005265
34.766059 1.01327573 0.004772
34.772077 1.02082152 0.006678
34.871617 1.00970694 0.005508
34.872460 1.03209749 0.007374
34.889285 1.02006990 0.007225
34.895474 1.02580256 0.006781
34.933366 1.01751352 0.005765
34.951758 1.03271111 0.006240
34.980989 1.02282585 0.007777
35.023832 1.01009145 0.004173
35.024265 1.02184075 0.004858
35.028995 1.02706698 0.007613
35.030666 1.02052068 0.005854
35.051275 1.02280411 0.003452
35.059268 1.02206359 0.007558
35.068694 1.00875446 0.006893
35.088227 1.02352312 0.003202
35.144798 1.01599008 0.007389
35.182740 0.97408376 0.003891
35.191317 1.02175348 0.003294
35.200041 1.01927930 0.006499
35.210489 1.01976909 0.004959
35.223581 1.02274410 0.007875
35.245352 1.01751442 0.007508
35.264809 1.01787438 0.004093
35.289583 1.01999525 0.003296
35.301112 1.01509743 0.006932
35.321884 0.99881794 0.005997
35.354009 1.01623086 0.005727
35.391519 1.01311694 0.006304
35.426953 1.01577333 0.006103
35.437313 1.01412984 0.004712
35.508223 1.01729518 0.003456
35.522552 1.01485319 0.003320
35.527012 1.01287106 0.007270
35.533539 1.01485080 0.005944
35.585509 1.02305267 0.006274
35.608784 1.01461856 0.005303
35.678549 1.00617954 0.007690
35.717241 1.01061474 0.006946
35.752012 1.01436062 0.007376
35.783117 1.00890255 0.005148
35.794233 1.00842846 0.007233
35.796438 1.01246419 0.004055
35.808236 1.01525338 0.006557
35.874942 1.00773993 0.006547
35.918489 1.01873555 0.006510
35.938969 1.01217004 0.004903
35.951361 1.01291376 0.006483
35.960507 1.00810449 0.007476
36.011510 1.01296974 0.003595
36.013994 1.01238582 0.006835
36.025308 1.00973053 0.006337
36.025416 1.01207609 0.005277
36.026987 1.00702443 0.005600
36.051106 1.00850002 0.007820
36.051523 1.01551385 0.004348
36.087445 1.00836512 0.004482
36.140270 1.00970830 0.005328
36.141623 1.00275716 0.005717
36.143490 1.01360690 0.003174
36.144695 1.00678738 0.007532
36.176273 1.01693605 0.007986
36.178078 1.00409046 0.007834
36.204491 1.01274907 0.005387
36.204662 1.01023999 0.006610
36.212185 1.01286185 0.004241
36.212521 1.01163386 0.007783
36.215764 1.01196549 0.003105
36.231208 1.00870526 0.006083
36.250047 1.00068751 0.005320
36.262233 1.01089451 0.007485
36.343681 1.00840273 0.005276
36.360787 0.99939218 0.004839
36.364502 0.99197956 0.003669
36.365703 1.01645460 0.005215
36.367789 1.00388011 0.005140
36.393740 1.01288569 0.007417
36.444191 1.00582503 0.007118
36.479419 1.01317817 0.004225
36.483378 0.99638069 0.003583
36.490152 1.01074472 0.006301
36.515645 1.00082180 0.003420
36.517825 1.00559726 0.007641
36.518805 1.01124423 0.007313
36.522538 1.00371003 0.007140
36.524328 1.01616347 0.003442
36.558275 1.00039532 0.005890
36.559625 0.99956420 0.007431
36.587265 1.00176538 0.005199
36.608642 1.00098350 0.007388
36.668189 1.00126627 0.003251
36.709163 0.99613439 0.003827
36.712970 1.00397748 0.003114
36.717365 1.00216778 0.003291
36.732136 1.00606122 0.007285
36.732495 0.99946863 0.003388
36.763124 1.01205952 0.007643
36.770920 1.00809169 0.004227
36.785622 0.99997935 0.005459
36.786644 1.00927649 0.006189
36.794435 1.00692533 0.006993
36.826980 1.00526869 0.007320
36.834675 1.00633966 0.007392
36.863669 0.99535222 0.005898
36.907466 1.00454569 0.007971
36.926214 1.00158812 0.003730
36.946021 1.01256224 0.006502
37.038071 1.00783940 0.005322
37.071564 1.00608903 0.004117
37.081508 0.99628545 0.004411
37.131255 1.00286089 0.004728
37.133487 0.99899819 0.006886
37.159898 1.00113294 0.005245
37.177876 1.00491650 0.005815
37.216635 0.98796682 0.003522
37.222428 1.01177279 0.004910
37.229985 0.99937080 0.005966
37.249811 0.98968645 0.006478
37.266590 1.00446103 0.004437
37.277924 0.99567750 0.003902
37.306469 0.99649813 0.006982
37.322393 0.99530899 0.003645
37.325319 1.00348102 0.004132
37.326537 1.00182454 0.003383
37.328920 1.00356538 0.006765
37.358820 1.00582727 0.005045
37.387318 1.00743484 0.007776
37.392667 1.00383428 0.006625
37.421320 1.00284861 0.003108
37.437745 1.00907729 0.004167
37.466803 0.99985363 0.007280
37.515382 0.99149393 0.005198
37.524623 0.99867893 0.003062
37.547018 1.00009318 0.005936
37.581993 0.99651727 0.007750
37.586816 1.00706891 0.006465
37.593057 0.99785627 0.006436
37.629066 1.00446318 0.005757
37.661571 0.99350469 0.003196
37.670839 1.00650542 0.004153
37.702966 0.99997185 0.007603
37.727603 0.99437850 0.005921
37.763555 0.99819034 0.006453
37.769513 1.00367551 0.006150
37.772991 0.99806771 0.006399
37.787886 0.99657713 0.004343
37.821190 0.99491660 0.007518
37.837720 0.99834511 0.006782
37.880427 1.00139585 0.003666
37.910096 0.99775130 0.007589
37.918558 1.00539443 0.007066
37.924743 1.00415085 0.003198
37.924798 0.98643644 0.004358
37.927367 1.01219366 0.007267
37.930418 0.99501105 0.006488
37.953417 1.00543792 0.007592
38.007261 0.99935275 0.003621
38.020112 1.01010754 0.007432
38.123671 1.00685845 0.005288
38.151848 1.01197438 0.004991
38.203486 1.00430776 0.004390
38.209133 1.00323593 0.006657
38.212442 1.00069813 0.003293
38.217143 0.98982887 0.004129
38.230199 1.00313274 0.006616
38.243942 0.99848011 0.003550
38.266651 0.99613066 0.005239
38.289842 1.00486344 0.005646
38.335705 1.00453105 0.005287
38.382753 0.99349564 0.007751
38.404679 0.99595171 0.003546
38.408447 1.00961991 0.004489
38.408616 0.99239250 0.004314
38.444601 1.01437265 0.005510
38.482294 0.99341205 0.003997
38.530335 0.99135930 0.005259
38.567267 0.99823320 0.006672
38.571518 1.01101728 0.005542
38.571872 0.99955988 0.006207
38.593354 0.98790618 0.005776
38.618231 0.99936028 0.007509
38.666864 1.01264839 0.007127
38.718676 1.00826359 0.007088
38.731356 1.00011295 0.004392
38.732316 0.99678637 0.004955
38.735929 1.01222365 0.003513
38.765094 1.00746619 0.003844
38.788665 1.00224957 0.003960
38.792627 1.00132449 0.004202
38.792835 1.00776802 0.007682
38.813297 1.00389356 0.006640
38.840132 1.00062681 0.006287
38.852692 1.00241655 0.004849
38.873968 0.99441940 0.005452
38.874355 0.99746934 0.006059
38.900872 1.00126604 0.006272
38.902463 0.99751366 0.006118
38.928441 0.99413252 0.005127
38.971924 0.99903221 0.004957
38.985869 0.99322759 0.007287
39.017253 0.99795081 0.003313
39.033778 0.99985870 0.007211
39.047163 0.99826650 0.003870
39.054564 0.99697566 0.007835
39.061429 0.98924462 0.004589
39.065578 1.00251852 0.006741
39.070934 1.00325235 0.003597
39.097309 1.00146905 0.004472
39.112327 1.00116173 0.003318
39.121891 1.00224480 0.006551
39.146637 1.00323370 0.003318
39.186671 1.00704984 0.005729
39.207967 1.00156030 0.007067
39.247707 0.99965199 0.006225
39.276651 1.00563316 0.003357
39.295112 0.99394794 0.003500
39.299512 1.00126165 0.003130
39.307263 0.99538343 0.005355
39.328542 1.00262403 0.003389
39.332611 1.00067025 0.006965
39.339993 0.96408091 0.007497
39.346355 0.99910704 0.006051
39.368595 1.00290647 0.005381
39.378795 0.99323855 0.004874
39.391574 1.00152225 0.005580
39.402728 0.99420297 0.004710
39.407116 1.00307471 0.004277
39.428918 0.99428477 0.005198
39.448843 1.00197992 0.007165
39.477540 0.99689566 0.005537
39.484753 1.00387699 0.007641
39.510891 0.99832191 0.005582
39.516451 0.99139548 0.003022
39.543371 1.00245380 0.007316
39.592504 1.00040880 0.007784
39.593302 1.00243211 0.003628
39.600646 1.00275298 0.005342
39.616734 0.99880584 0.004694
39.617719 0.99790536 0.007196
39.624314 1.01211628 0.006779
39.643708 0.99222745 0.004019
39.647679 0.99081905 0.007513
39.647797 0.99712106 0.006030
39.653053 1.00179996 0.003607
39.653270 1.00276717 0.004277
39.705893 1.00306036 0.003938
39.708060 1.06540519 0.007400
39.743063 0.99645245 0.007154
39.754842 0.99955722 0.003608
39.775208 1.00787711 0.006664
39.897206 0.99825718 0.003984
39.937265 1.00289715 0.007671
39.958264 0.99722442 0.005999
39.980321 0.99755653 0.005468
40.011827 1.00381048 0.006922
40.017322 1.00331273 0.007329
40.023590 1.00075837 0.006784
40.045265 0.99522815 0.005006
40.076891 1.00132426 0.006477
40.091044 1.00818093 0.005150
40.120094 0.99699150 0.003709
40.131743 0.99715961 0.003897
40.142928 1.00094387 0.005998
40.151897 0.99128852 0.004332
40.164185 0.99382696 0.003321
40.168392 1.00090707 0.003056
40.172707 1.00545543 0.004651
40.201267 0.98624869 0.005670
40.205698 0.99079574 0.006659
40.207117 0.99535407 0.006040
40.213627 0.99905505 0.006595
40.390481 0.99610888 0.007821
40.401981 1.00339905 0.004448
40.415803 0.99392769 0.005088
40.424285 1.00000702 0.003468
40.445702 0.99752568 0.004162
40.472139 0.99779514 0.006478
40.522074 0.99095553 0.004038
40.549165 0.98687415 0.003548
40.589140 0.98688477 0.007030
40.591778 1.00152123 0.005917
40.609997 0.99721238 0.003828
40.626728 0.99759114 0.006023
40.634019 0.99852716 0.007532
40.663129 0.99286818 0.007467
40.718031 1.06646440 0.006232
40.760406 0.99800051 0.004603
40.761373 0.99017353 0.006367
40.786894 0.99878497 0.006961
40.811363 1.00056797 0.006648
40.874631 0.99475401 0.007041
40.897250 0.99089174 0.003231
40.968346 0.99872566 0.006453
40.982832 0.99591644 0.004981
41.014844 1.00205688 0.006553
41.015106 0.98881266 0.003583
41.030052 0.99344161 0.007498
41.045278 0.99442827 0.003074
41.052465 0.99186526 0.004441
41.080171 0.98643416 0.006965
41.117802 0.99249041 0.007854
41.125697 0.99259289 0.005765
41.166843 0.99927850 0.004641
41.177131 0.99462563 0.003197
41.235783 0.99231351 0.003950
41.242373 1.00087769 0.004601
41.258826 0.99378313 0.004242
41.272609 0.98795463 0.006139
41.276834 0.98476297 0.005154
41.311450 0.99236114 0.007422
41.318854 0.99496412 0.003606
41.324167 0.99024324 0.006561
41.345642 1.01285324 0.005481
41.359149 0.98787352 0.007859
41.363453 0.99686788 0.003819
41.368309 0.99257284 0.006565
41.398768 0.98008618 0.006772
41.407709 0.98466696 0.005947
41.435290 0.99779122 0.003925
41.526701 0.98478098 0.006166
41.526912 0.99003282 0.004968
41.532099 0.99120392 0.003295
41.546040 0.99135099 0.003695
41.548648 0.99842570 0.005650
41.591528 0.98418234 0.004898
41.630916 0.98806982 0.006934
41.648613 0.98201546 0.005765
41.659697 0.99983678 0.003455
41.662434 0.99120015 0.004797
41.663630 1.02468667 0.003872
41.677656 0.98330467 0.003568
41.746153 0.99018960 0.007713
41.765779 0.98391688 0.004291
41.778448 0.98458181 0.004795
41.785714 0.98653642 0.004303
41.832487 0.99270040 0.007069
41.833715 0.98536070 0.005589
41.929867 0.99012128 0.007684
41.930674 0.98752014 0.003410
41.950655 0.98696674 0.004146
41.966527 0.98185477 0.007335
41.969839 0.98433815 0.004228
41.970923 0.98418454 0.005716
41.984552 0.98078243 0.005433
41.991121 0.99352933 0.005905
42.002931 0.98886917 0.003854
42.003705 0.98969601 0.005983
42.029183 0.99000853 0.006322
42.039710 0.98782254 0.004849
42.043119 0.98189472 0.003280
42.120650 0.98649541 0.007367
42.147561 0.97501388 0.003385
42.166718 0.98147716 0.007074
42.182686 0.98366294 0.003727
42.189615 0.98940345 0.007414
42.194445 0.97688481 0.004995
42.213105 0.98716078 0.003911
42.219654 0.97930332 0.006888
42.248731 0.98281984 0.007382
42.267675 0.98638500 0.005079
42.271419 0.97940967 0.007397
42.274439 0.98640180 0.004317
42.291141 0.97898660 0.005699
42.293882 0.98450097 0.006049
42.303161 1.00831522 0.004517
42.306760 1.02510591 0.005446
42.312142 0.98817681 0.006970
42.334579 0.98332821 0.007568
42.342527 0.97220213 0.005518
42.380167 0.98849172 0.005027
42.396495 0.98217665 0.005389
42.397672 0.97212618 0.007720
42.415874 1.01091073 0.003476
42.443752 0.98375831 0.006711
42.467132 0.98565114 0.006287
42.471062 0.98664898 0.003141
42.519672 0.98649950 0.005962
42.525820 0.97629054 0.004609
42.553431 0.97936308 0.006838
42.617348 0.97888601 0.005467
42.638160 0.97266060 0.004310
42.673749 0.97685479 0.005355
42.708765 0.98199980 0.007290
42.715517 0.97396349 0.006145
42.733538 0.98281339 0.003651
42.735320 0.98066361 0.003717
42.740903 0.97674587 0.005886
42.752012 0.97929203 0.006996
42.762180 0.97826337 0.004535
42.778513 0.97442963 0.003336
42.779749 0.98193559 0.005294
42.813275 0.96381114 0.003594
42.844540 0.97085812 0.006115
42.847501 0.98137231 0.004526
42.900650 0.97156935 0.006895
42.950299 0.97331969 0.004430
42.998414 0.98765651 0.005651
43.036308 0.97625757 0.007871
43.037162 0.98484957 0.006536
43.041338 0.98036695 0.005009
43.052428 0.97740479 0.006724
43.129067 0.97853489 0.006590
43.190385 0.88920990 0.007570
43.195783 0.98162464 0.006534
43.226659 0.97465880 0.005735
43.233339 0.97623119 0.007707
43.246624 0.97607602 0.006620
43.274213 0.97532430 0.003307
43.274540 0.97816440 0.006730
43.280514 0.97497974 0.007964
43.299321 0.97992208 0.003899
43.319779 0.96785399 0.007713
43.326865 0.98380284 0.004698
43.346430 0.97977760 0.005658
43.350380 0.97438055 0.007776
43.364922 0.97317322 0.007450
43.398932 0.98464432 0.006658
43.425461 0.86969488 0.007863
43.428942 0.96739933 0.005095
43.434548 0.98229022 0.005543
43.448448 0.97222399 0.007149
43.464786 0.96984500 0.006007
43.506615 0.98181062 0.005571
43.543472 0.97774216 0.007494
43.566113 0.96768103 0.006540
43.591418 0.97230316 0.007124
43.596092 0.96824715 0.004578
43.604506 0.97243418 0.007778
43.615244 0.97362439 0.007133
43.618210 0.96893062 0.007453
43.621192 0.97461286 0.006666
43.622252 0.96416009 0.006485
43.681647 0.98229940 0.007752
43.690481 0.97203917 0.003513
43.696775 0.97410495 0.005950
43.701413 0.96637264 0.003429
43.740646 0.97351224 0.003804
43.740696 0.98214761 0.004199
43.862118 0.96666375 0.007632
43.873524 0.97178556 0.007348
43.879901 0.97974339 0.004031
43.889288 0.97414721 0.005778
43.904718 0.97121299 0.005612
43.910011 0.97662154 0.006772
43.911665 0.96989509 0.006909
43.923889 0.96750753 0.006236
43.927229 0.96503344 0.007251
43.969874 0.97072803 0.006446
43.981454 0.96678532 0.004457
44.021118 0.97569190 0.006122
44.030747 0.96875522 0.004774
44.046278 0.97310367 0.004317
44.054362 0.97871622 0.007810
44.059846 0.97194185 0.004415
44.062350 0.95847659 0.003754
44.085764 0.97705470 0.005254
44.134285 0.96625459 0.005015
44.179011 0.97814500 0.004296
44.205884 0.98271534 0.005231
44.224866 0.96954211 0.004075
44.230164 0.97240290 0.003913
44.230650 0.96857003 0.003221
44.231177 0.97437476 0.003075
44.238997 0.97128706 0.004801
44.299792 0.96860033 0.004352
44.379988 0.98526574 0.005453
44.399385 0.97161637 0.005513
44.485601 0.97481116 0.004220
44.486632 0.97120008 0.005950
44.492565 0.96915639 0.005995
44.508990 0.97601282 0.005694
44.513582 0.97481346 0.005049
44.545136 0.97978625 0.003826
44.603216 0.97171172 0.006324
44.630865 0.97678406 0.003071
44.679197 0.96560485 0.006928
44.733835 0.97671651 0.004972
44.774192 0.97843004 0.007552
44.794586 0.98109420 0.004662
44.795879 0.97851986 0.004536
44.796245 0.98590268 0.007296
44.802670 0.98041348 0.003790
44.808501 0.97909838 0.006428
44.815570 0.97159513 0.004649
44.848588 1.04151580 0.005535
44.878444 0.98031390 0.006545
44.881409 0.98531374 0.004557
44.924709 0.98774387 0.005059
44.937291 0.97843082 0.004773
44.939724 0.98497996 0.005979
44.945235 0.97416737 0.004517
45.024452 0.97397481 0.004350
45.039949 0.98329521 0.003000
45.042963 0.97143035 0.004793
45.068428 0.98503105 0.006008
45.173465 0.98299893 0.005543
45.175900 0.98769733 0.004118
45.203129 0.98217213 0.004680
45.235164 0.98507520 0.005452
45.248072 0.98447929 0.005056
45.249742 0.98597243 0.003258
45.255129 0.98464922 0.007565
45.264315 0.97692697 0.006288
45.368767 0.98383968 0.006035
45.375084 0.99158844 0.004565
45.376110 0.98940301 0.005410
45.416911 0.98546524 0.004243
45.422435 0.98095363 0.003979
45.452619 0.98023926 0.003088
45.529897 0.98829930 0.003369
45.530571 0.98776087 0.004791
45.534484 0.98526561 0.005897
45.545417 0.98708897 0.005039
45.554514 0.98676907 0.006465
45.556463 0.99140844 0.003192
45.569737 0.98613139 0.007526
45.577116 0.99648890 0.006152
45.584918 0.98464553 0.007706
45.587032 0.99226690 0.003001
45.612177 0.98594338 0.006754
45.725557 0.99326465 0.006532
45.746064 0.98640714 0.003209
45.750663 0.99477008 0.004186
45.750711 0.98822935 0.003935
45.779108 0.98982240 0.007941
45.789224 0.97768216 0.007818
45.866648 0.99182834 0.004087
45.867946 0.99309213 0.003050
45.883915 0.96871393 0.003282
45.911457 0.98530751 0.006349
45.928207 0.99382312 0.003317
45.940171 0.99509636 0.006320
45.958064 0.99812052 0.006073
46.024073 0.99045494 0.006310
46.026253 0.99151322 0.007555
46.095639 0.99746897 0.006664
46.098740 0.98859671 0.004746
46.214107 0.98634434 0.005243
46.253171 0.99717625 0.005297
46.312646 0.99541526 0.004291
46.334497 0.99832738 0.004120
46.382801 1.00255750 0.005262
46.443575 1.00479889 0.005018
46.448731 1.00172164 0.004014
46.462346 0.99971637 0.004934
46.463439 0.99596191 0.006485
46.470831 1.00244277 0.005620
46.495267 0.99620952 0.006723
46.515005 1.00489693 0.005899
46.522159 0.99691749 0.003188
46.554693 0.99992880 0.005387
46.560200 1.00596175 0.004214
46.612368 0.99401513 0.004846
46.650898 0.99800397 0.006367
46.666417 1.00776484 0.003139
46.692856 1.00776114 0.004153
46.720701 1.00069982 0.003067
46.728760 1.00538445 0.007477
46.728939 1.00598747 0.003527
46.740299 1.00316262 0.007412
46.769639 0.99934556 0.005321
46.792963 1.00585402 0.003980
46.793942 1.00439510 0.003265
46.847948 1.00239840 0.004727
46.861838 1.00118147 0.003249
46.865929 1.00961647 0.005955
46.926637 1.00639724 0.005013
46.929524 1.00673194 0.007859
46.938930 0.99851473 0.007009
46.940104 1.00912949 0.003698
47.041133 1.00643867 0.005005
47.090098 1.00752523 0.003433
47.114568 1.00939628 0.006603
47.138353 1.01526732 0.007833
47.147450 1.01427355 0.005678
47.151214 1.01014046 0.005537
47.152850 1.00038246 0.004880
47.158239 1.00935656 0.007494
47.165714 1.01310192 0.004993
47.202224 1.01960721 0.005186
47.206512 1.01111226 0.005202
47.215159 1.00820084 0.003563
47.217068 1.00048962 0.006593
47.223221 1.01013063 0.003938
47.227684 1.01365904 0.007148
47.228934 1.00243632 0.004729
47.229188 1.01805877 0.007598
47.305490 1.01147819 0.003490
47.305960 1.01122459 0.006422
47.323513 1.00591202 0.003796
47.330512 1.00441197 0.003018
47.365867 1.01186911 0.006177
47.377735 1.00685206 0.005037
47.399049 1.00833533 0.006205
47.426371 1.02130564 0.007807
47.443208 1.01325111 0.005966
47.445229 1.01632122 0.006194
47.497205 1.00330655 0.007245
47.501531 1.01534104 0.006422
47.537754 1.01492161 0.005162
47.549943 1.01544797 0.007669
47.557779 1.02746246 0.004788
47.561204 1.01512660 0.007500
47.578842 1.01552877 0.006187
47.604564 1.00500732 0.006940
47.625572 1.01515843 0.004496
47.678764 1.01428951 0.006851
47.690427 1.01734913 0.005785
47.707622 0.95772347 0.003586
47.730932 1.01869010 0.005121
47.748508 1.01142745 0.005590
47.754112 1.01642245 0.006914
47.823915 1.01138857 0.007550
47.832788 1.02034295 0.003243
47.833779 1.01954211 0.007873
47.835180 1.01451886 0.003911
47.866204 1.01704982 0.004289
47.868447 1.01675130 0.004952
47.936478 1.02252495 0.005919
47.959864 1.01562381 0.005459
48.020471 1.01729246 0.007485
48.027537 1.02797670 0.005072
48.165311 1.03069652 0.004617
48.177448 1.01975721 0.005945
48.226989 1.01781608 0.003070
48.253573 1.02236472 0.007360
48.263159 1.03282477 0.006298
48.308815 1.01929173 0.006474
48.312796 1.02248789 0.006785
48.354053 1.02965643 0.005743
48.367481 1.03267828 0.004607
48.380341 1.02035671 0.004062
48.463581 1.02591503 0.007520
48.474622 1.02094458 0.007029
48.492998 1.01727659 0.003694
48.546742 1.02689282 0.003709
48.581516 1.02671969 0.006534
48.595011 1.08230281 0.006363
48.624390 1.02355925 0.005575
48.626016 1.02878389 0.004125
48.647946 1.02878695 0.006764
48.698360 1.02727912 0.003752
48.702400 1.02221996 0.005840
48.738621 1.02568610 0.005081
48.772274 1.02391000 0.007056
48.776178 1.01890401 0.003536
48.801023 1.03195189 0.004872
48.831763 1.02602322 0.004075
48.832680 1.01719077 0.006937
48.874407 1.02702626 0.007328
48.875694 1.02853427 0.005004
48.914564 1.02514492 0.006400
48.941933 1.02390616 0.007679
48.979586 1.02749814 0.005113
49.005224 1.02205886 0.005371
49.022811 1.03140534 0.003262
49.037084 1.01890151 0.007576
49.052797 1.02515456 0.007023
49.059642 1.02370960 0.005957
49.063063 1.02241970 0.004455
49.099738 1.01757905 0.006788
49.101756 1.03214823 0.004256
49.148976 1.02172459 0.003605
49.153274 1.02821096 0.007936
49.224884 1.02130568 0.006810
49.233616 1.02912455 0.007946
49.361859 1.02483878 0.003432
49.371269 1.02266908 0.004877
49.371410 1.02370745 0.007564
49.376541 1.02479976 0.006586
49.382592 1.02515995 0.004711
49.389284 1.02250519 0.004272
49.406154 1.01622036 0.003523
49.435181 1.02550943 0.005297
49.460271 1.03156056 0.003682
49.471132 1.02338203 0.004090
49.533583 1.01827964 0.005046
49.601663 1.02684173 0.003382
49.657120 1.01856052 0.005533
49.671958 1.01959214 0.006895
49.712392 1.02391437 0.005667
49.720283 1.02698101 0.006406
49.738869 1.03285414 0.003254
49.766752 1.02044719 0.004262
49.782641 1.02542895 0.004063
49.784816 1.01935261 0.005985
49.797130 1.01968736 0.003382
49.799208 1.02012859 0.007675
49.807156 1.02472745 0.005924
49.816624 1.02406084 0.005429
49.837313 1.02392399 0.007469
49.867141 1.02133809 0.005279
49.897173 1.02545918 0.004843
49.962310 1.01662014 0.007627
49.976377 1.02209117 0.003761
49.999941 1.01774161 0.005382
