# Star 3 - Telescope hubble - Campaign 1
# Time Flux Error
# days relative_flux relative_error
0.004297 1.00222689 0.006485
0.040620 0.99943636 0.005085
0.080744 1.00400504 0.007852
0.084205 1.00177546 0.006821
0.105354 1.00493726 0.003444
0.109044 1.00147484 0.007744
0.114568 1.00908883 0.005762
0.117715 1.00012378 0.007644
0.179976 1.00384514 0.007249
0.219289 1.00550093 0.005867
0.219855 1.00459283 0.005511
0.260688 1.01676465 0.006482
0.302888 1.02899430 0.003562
0.322966 1.01407460 0.005655
0.340025 1.01327043 0.004832
0.368728 1.01223556 0.006966
0.373077 1.00996169 0.003300
0.397196 1.01731979 0.004818
0.443047 1.01666646 0.007170
0.455583 1.01586889 0.006842
0.489699 1.00758975 0.004678
0.509041 1.06095655 0.006017
0.509288 1.01338732 0.006962
0.513553 1.01315609 0.007257
0.520646 1.01895872 0.003447
0.536230 1.01251442 0.003695
0.572574 1.01493516 0.003525
0.573876 1.01447922 0.004024
0.584692 1.02055438 0.007500
0.589698 1.01923614 0.007488
0.612405 1.02257500 0.006309
0.632254 1.00801113 0.006635
0.633927 1.00499752 0.006610
0.649990 1.01590255 0.007128
0.664123 1.02555481 0.006857
0.703935 1.02025348 0.006422
0.779067 1.01479630 0.004765
0.803192 1.02203048 0.006453
0.809770 1.01683271 0.004275
0.828271 1.02426478 0.003880
0.854478 1.01415163 0.003825
0.865015 1.02026714 0.007457
0.865180 1.02595383 0.005763
0.874968 1.02280071 0.006208
0.894582 1.02753894 0.005987
0.914055 1.02267242 0.005994
0.962427 1.05653236 0.006474
1.007390 1.03527999 0.007872
1.012478 1.02622789 0.005738
1.126285 1.02721157 0.007529
1.150543 1.03330604 0.006370
1.181083 1.02755041 0.006833
1.214909 1.02870729 0.007632
1.251572 1.02707892 0.005590
1.271682 1.03298544 0.005835
1.313521 1.03076386 0.004207
1.344293 1.02408227 0.004998
1.413115 1.02244754 0.007518
1.418919 1.02443834 0.004447
1.423771 1.03190869 0.005784
1.522168 1.03089752 0.003251
1.528688 1.01715214 0.003525
1.573055 1.02168061 0.003885
1.589726 1.02255386 0.007549
1.646219 1.02723275 0.007555
1.657230 1.02858332 0.006613
1.740631 1.02408604 0.004019
1.744323 1.02024688 0.006780
1.751309 1.01990673 0.007016
1.775204 1.02190104 0.005729
1.830334 1.02174349 0.006783
1.841112 1.02218166 0.003202
1.854217 1.01980592 0.007941
1.907183 1.01400545 0.006854
1.974460 1.01068243 0.005368
1.975061 1.01803190 0.006176
2.003324 1.02652647 0.005126
2.009663 1.01368040 0.003372
2.028390 1.01306024 0.003014
2.045844 1.01925048 0.006261
2.050812 1.01265188 0.003076
2.078427 1.01342115 0.003366
2.084923 1.01530044 0.004067
2.085834 1.02577496 0.003264
2.111016 1.01706715 0.003196
2.132104 1.01822869 0.003430
2.153186 1.01871375 0.006524
2.177193 1.01317671 0.004344
2.203089 1.01386821 0.005392
2.225425 1.02314958 0.004607
2.289839 1.01588032 0.005395
2.347158 1.01967568 0.007491
2.405260 1.02018484 0.006822
2.465289 1.00660417 0.005232
2.493123 1.01506136 0.005348
2.493953 1.00760958 0.004977
2.498654 1.00650667 0.006495
2.555071 1.01269283 0.003031
2.564658 1.00402263 0.006933
2.565495 1.01350313 0.004879
2.575792 1.02012308 0.006526
2.579627 1.00295406 0.003209
2.580821 1.01012565 0.004193
2.600101 1.10411347 0.006334
2.608935 1.00183860 0.004525
2.616662 0.99643640 0.005485
2.618295 1.00392185 0.006927
2.619637 1.00551534 0.006452
2.620991 1.00581716 0.006351
2.622373 1.00919938 0.007944
2.659212 0.99876864 0.003094
2.688468 0.99934461 0.003343
2.703393 1.00724935 0.007178
2.707821 1.01126627 0.005672
2.719580 0.99569914 0.005181
2.722632 1.00112575 0.006857
2.724135 1.00395993 0.003671
2.725892 1.00362365 0.004991
2.787141 1.00481099 0.004440
2.828500 1.00379725 0.005951
2.832189 1.00724762 0.006038
2.861985 1.00753691 0.004434
2.870284 1.00321223 0.005444
2.877172 1.00781860 0.007548
2.885759 1.00907477 0.006758
2.907212 1.00195037 0.004040
2.916358 1.00379870 0.003970
2.979695 0.99764019 0.004042
3.019239 1.00533166 0.007136
3.115754 0.99278419 0.007964
3.138708 1.00498593 0.003916
3.194993 1.00251494 0.004600
3.198639 1.00423025 0.006901
3.199192 0.99892341 0.007758
3.211172 0.99657657 0.006402
3.242025 1.00218483 0.007208
3.244972 1.00022719 0.005176
3.247993 0.99669322 0.006225
3.255241 1.00003613 0.005967
3.277016 1.00371610 0.006920
3.279255 1.00128590 0.007402
3.280480 0.99779207 0.007659
3.304263 0.99992803 0.005890
3.306691 0.99417792 0.005285
3.324430 1.00497002 0.007905
3.338124 1.00253686 0.004413
3.346812 0.99983521 0.007512
3.380975 1.00257523 0.007823
3.419188 1.00024158 0.007678
3.479569 0.99299834 0.006381
3.485452 0.93069226 0.005860
3.490530 0.99298769 0.007383
3.495206 1.00673280 0.006950
3.515317 1.00172571 0.005880
3.539903 1.00089117 0.007322
3.621407 1.00008407 0.006258
3.658827 0.99868100 0.005265
3.671953 0.99434426 0.005881
3.686579 1.00277034 0.004011
3.694508 1.00406369 0.005610
3.723676 0.98905359 0.006471
3.729460 1.00336709 0.006545
3.843689 0.98995659 0.006886
3.907552 0.99561052 0.004902
3.911733 0.99122649 0.004313
3.960413 0.99588969 0.007877
4.014930 1.00175433 0.005220
4.033670 1.00097131 0.006537
4.052254 1.00834166 0.005322
4.062275 0.99720918 0.007853
4.080421 1.00168358 0.003192
4.105160 0.98925116 0.003155
4.110406 0.99647844 0.006498
4.135346 1.00394769 0.007766
4.177387 1.00433843 0.007390
4.185623 1.00633712 0.007287
4.206199 1.00222878 0.006762
4.208468 0.99107259 0.007669
4.250302 0.99970739 0.006222
4.256896 1.00420496 0.003660
4.285448 0.99510855 0.003153
4.333159 0.99652020 0.005272
4.377611 1.00056428 0.007419
4.379116 1.00203555 0.005823
4.427828 0.99244641 0.005988
4.443048 1.00213309 0.007842
4.453813 0.99916387 0.003356
4.456321 1.00065552 0.005580
4.458615 0.99255752 0.004079
4.487597 0.99698050 0.005814
4.494191 1.00542424 0.003959
4.508516 0.99705299 0.006787
4.512682 1.00618043 0.005320
4.538737 0.99629906 0.006167
4.561061 1.00060367 0.003936
4.608779 0.99312145 0.003450
4.632407 0.99225219 0.005421
4.638205 1.00272433 0.006243
4.683088 0.99749274 0.007700
4.698980 0.99833249 0.006754
4.714547 0.99550030 0.007479
4.730133 0.99429569 0.006680
4.773664 0.99174903 0.004033
4.788263 1.00207315 0.003970
4.814751 0.99942972 0.004171
4.831547 1.00513275 0.004463
4.836302 0.99260891 0.005341
4.837552 1.00008796 0.006809
4.852123 0.99297235 0.004485
4.914315 1.00182558 0.004119
4.919054 0.99232559 0.004680
4.974589 0.99925125 0.003926
5.009184 0.99486378 0.006064
5.034121 0.99855857 0.005085
5.044647 0.99736990 0.007256
5.046923 0.99789273 0.003449
5.079081 1.00330573 0.004455
5.159211 0.99084376 0.003136
5.171472 0.98798506 0.004383
5.182020 0.99451148 0.007367
5.219132 0.99008282 0.003746
5.230023 0.99030024 0.003957
5.234693 0.99507566 0.006644
5.294979 0.99588379 0.007653
5.378175 0.98592999 0.003061
5.378541 0.98775506 0.004280
5.379206 0.98905206 0.006430
5.393025 0.98712984 0.007471
5.394502 0.98178924 0.006701
5.411490 0.98934831 0.007069
5.462315 0.98682067 0.005726
5.493416 0.98625208 0.007096
5.516438 0.97978367 0.006355
5.527383 0.98742415 0.004204
5.545208 0.99063328 0.003180
5.547001 0.98242483 0.005873
5.566262 0.98601645 0.003505
5.608556 0.97823310 0.007379
5.624122 0.98900659 0.005850
5.633328 0.98014543 0.005533
5.646653 0.98273692 0.004754
5.655529 0.98572573 0.007911
5.675214 0.98248705 0.003491
5.685218 0.97960560 0.005625
5.719177 0.98263882 0.003392
5.722324 0.97508959 0.003989
5.731341 0.98058562 0.005618
5.756007 0.97723257 0.007731
5.790196 0.97451730 0.006952
5.809105 0.98661791 0.007525
5.836666 0.98377875 0.006568
5.840960 0.98284125 0.003383
5.859466 0.98634828 0.006723
5.899683 0.98499974 0.004338
5.903110 0.97975157 0.007836
5.932426 0.97892086 0.004315
5.942263 0.98070018 0.003764
5.949739 0.98346151 0.007403
5.958614 0.98191578 0.003867
5.969975 0.98016620 0.007545
5.976995 0.98147491 0.006385
6.000518 0.98838991 0.004556
6.031833 0.98650626 0.006597
6.100681 0.98967232 0.007177
6.161172 0.97435026 0.005513
6.162551 0.98449734 0.005426
6.192006 0.96916364 0.006217
6.215923 0.96395835 0.005117
6.219820 0.97057126 0.007572
6.226247 0.96983796 0.006084
6.259509 0.96800059 0.005319
6.273164 0.97067536 0.003269
6.283685 0.97242848 0.004561
6.287524 0.99035376 0.004197
6.347278 0.98189180 0.005805
6.354148 0.97447757 0.005550
6.361211 0.97975950 0.006268
6.361633 0.97646710 0.005793
6.374005 0.97615929 0.005370
6.433280 0.96130380 0.003915
6.452816 0.97327627 0.003731
6.460538 0.97502048 0.005939
6.469069 0.98298956 0.004962
6.479974 0.97556960 0.004100
6.493190 0.98096857 0.003974
6.501798 0.96260933 0.005496
6.531954 0.97269575 0.006905
6.557254 0.98056843 0.006221
6.590669 0.97097046 0.003368
6.648594 0.96860140 0.003746
6.673871 0.98215812 0.003418
6.695338 0.97121000 0.004036
6.696781 0.97475491 0.007877
6.786020 0.97312427 0.007147
6.796416 0.97475154 0.007995
6.813434 0.97695833 0.007373
6.844251 0.97892907 0.004729
6.904972 0.98008134 0.004235
6.906465 0.98306448 0.005673
6.911431 0.97565130 0.007108
6.922711 0.97371377 0.005990
6.928649 0.98121655 0.007698
6.932598 0.97562087 0.004182
6.939577 0.97395379 0.006508
6.944363 0.97721312 0.005197
6.953872 0.97551154 0.006590
6.963992 0.98000944 0.005433
6.987892 0.97759783 0.005168
7.015307 0.98188442 0.005247
7.015496 0.97730064 0.007402
7.037909 0.97412745 0.007921
7.045891 0.98430150 0.005850
7.063680 0.97893545 0.007860
7.090982 0.97640123 0.007711
7.182307 0.99018243 0.005364
7.230529 0.98258986 0.005026
7.255367 0.97043686 0.006489
7.263775 0.97586196 0.006009
7.272011 0.98448153 0.005878
7.306323 0.97858285 0.006486
7.311309 0.98443785 0.003116
7.390571 0.98509023 0.003494
7.445932 0.99188831 0.006058
7.465815 0.93984049 0.004910
7.484541 0.98490645 0.004615
7.511993 0.98462074 0.003980
7.526135 0.98847311 0.006829
7.529867 0.98755134 0.003358
7.530977 0.99197050 0.005300
7.531758 0.98743361 0.007529
7.558582 0.98568657 0.005406
7.592285 0.99418313 0.006121
7.608820 0.98734927 0.007105
7.618214 0.99311006 0.005607
7.621169 0.98905844 0.003306
7.639472 0.99503878 0.004997
7.647997 0.99847337 0.007849
7.702640 0.99226933 0.007279
7.706822 1.00051143 0.003472
7.730284 0.99078542 0.006618
7.739437 1.00426289 0.005406
7.741925 0.99928225 0.003381
7.749376 1.00016080 0.006447
7.783241 1.00009253 0.007446
7.888809 0.99520623 0.005247
7.903777 1.00237171 0.007528
7.926655 1.00693392 0.003552
7.948491 0.99794947 0.006841
7.949876 1.00183404 0.003422
7.981060 1.01140643 0.004686
8.010658 1.00151044 0.004598
8.045706 1.00908967 0.006941
8.049129 0.87005328 0.006061
8.073501 0.99880107 0.005104
8.073643 1.01526323 0.004143
8.075010 1.00146673 0.006324
8.088644 1.00872788 0.005937
8.136186 1.00222468 0.003581
8.136830 1.00627165 0.003352
8.148614 0.98652948 0.005564
8.166789 1.01851187 0.007551
8.173280 1.00631788 0.005405
8.174080 0.99336118 0.007691
8.191410 1.01302390 0.006632
8.197789 1.01320332 0.005706
8.198720 1.01315983 0.004122
8.240467 1.00939602 0.004358
8.293883 1.01014778 0.004507
8.314443 1.01569120 0.003114
8.342728 1.01746373 0.006052
8.372309 1.01707375 0.003944
8.376735 1.02246510 0.005981
8.434534 1.02178807 0.004038
8.434593 1.01429614 0.005939
8.438618 1.01631871 0.006239
8.439100 1.01269167 0.003547
8.446862 1.01281300 0.004484
8.449688 1.01226992 0.006649
8.451562 1.01811523 0.003083
8.509621 1.02235856 0.003022
8.517955 1.01345436 0.007259
8.538000 1.02726376 0.006947
8.576001 1.01908636 0.004356
8.576334 1.02124492 0.003629
8.597881 1.02051642 0.004045
8.598650 1.01798653 0.004779
8.602753 1.02318942 0.007965
8.747381 1.02938350 0.003375
8.753008 1.01680924 0.004398
8.767192 1.02468267 0.004893
8.774336 1.02337740 0.005503
8.782144 1.02957076 0.003280
8.812696 1.01905614 0.005550
8.835640 1.02098490 0.004416
8.849316 1.01962328 0.004365
8.852746 1.02047757 0.006122
8.859681 1.02916720 0.007907
8.890506 1.01977964 0.005176
8.921404 1.03617529 0.006143
8.934856 1.03087216 0.004144
8.943499 1.02544168 0.006400
8.958272 1.03641148 0.005855
8.979012 1.01986735 0.006442
8.987952 1.02825185 0.006885
9.000094 1.02770468 0.006270
9.012440 1.03000302 0.004783
9.032482 1.01748874 0.003375
9.044718 1.02771614 0.007628
9.068106 1.02516918 0.004424
9.092023 1.02751433 0.006725
9.110361 1.02443754 0.006084
9.116796 1.03208976 0.003227
9.143225 1.02567149 0.006430
9.148866 1.01967758 0.003728
9.154661 1.03022343 0.005734
9.179900 1.03106657 0.004372
9.185565 1.02997473 0.003921
9.199392 1.02402325 0.005211
9.218970 1.03427679 0.005609
9.220748 1.02299332 0.003294
9.224713 1.02723517 0.004279
9.245605 1.02659445 0.005418
9.263246 1.01894130 0.005021
9.265730 1.03023876 0.004428
9.270068 1.03112064 0.003325
9.276845 1.02098223 0.004651
9.300319 1.02653428 0.006397
9.328800 1.02272161 0.003217
9.334873 1.04395617 0.005502
9.353488 1.01825603 0.003315
9.359929 1.02145426 0.007391
9.365098 1.02625628 0.003758
9.407258 1.02417652 0.007157
9.407429 1.02914157 0.005332
9.415260 1.02276161 0.005284
9.424574 1.02078845 0.004084
9.427044 1.02129088 0.004364
9.434353 1.01985490 0.005574
9.471168 1.01966722 0.005575
9.476808 1.02023811 0.007430
9.506301 1.02776125 0.003131
9.525078 1.03278884 0.004070
9.532048 1.02717341 0.007057
9.557519 1.02320502 0.006721
9.624090 1.01787421 0.007704
9.636437 1.02207866 0.005741
9.643977 1.02098552 0.004715
9.658635 1.01639936 0.004079
9.774957 1.01945897 0.003691
9.783014 1.02415314 0.006570
9.813325 1.02111813 0.004355
9.814309 1.01139939 0.005422
9.834723 1.01952425 0.007370
9.858388 1.00817250 0.005323
9.889299 1.02542556 0.007421
9.890480 1.01400327 0.006235
9.902676 1.02328711 0.006941
9.903454 1.01573461 0.007870
9.923127 1.02102201 0.005280
9.942717 1.01907718 0.006130
9.964994 1.01559344 0.007313
10.127689 1.02049596 0.005512
10.133182 1.01495836 0.007993
10.167193 1.00791256 0.006810
10.191454 1.01284302 0.005410
10.194291 1.01401334 0.007400
10.209232 1.01931516 0.006633
10.225905 1.01707944 0.003361
10.243376 1.00454614 0.004093
10.259569 1.00910875 0.004002
10.279671 1.02247451 0.003585
10.316397 1.01138025 0.005407
10.336650 1.00264329 0.004378
10.349887 1.00795226 0.005958
10.357805 1.01115652 0.007438
10.357847 1.01684744 0.006414
10.382551 1.00431946 0.003644
10.399346 1.00066144 0.006801
10.414378 1.01023859 0.007002
10.431197 0.99714023 0.007609
10.441632 0.96985275 0.005309
10.461832 0.99580026 0.003348
10.490915 1.01003256 0.006146
10.538117 1.00983815 0.005723
10.542493 1.01001999 0.007011
10.544690 1.00356846 0.005484
10.610015 1.00016327 0.005954
10.629743 1.00533012 0.005204
10.663378 1.00620808 0.005027
10.664799 1.00740504 0.004239
10.685936 1.01183533 0.007930
10.687640 1.00077145 0.003197
10.689221 1.01604581 0.006307
10.689337 1.00829165 0.006357
10.737941 1.01065573 0.004808
10.762014 1.00995987 0.005718
10.771586 1.00264632 0.004799
10.839928 1.00936473 0.007885
10.860667 1.00764862 0.005012
10.903419 1.00837535 0.005806
10.913737 1.00211175 0.005403
10.942875 0.99543438 0.003911
10.972507 0.99593444 0.007257
10.977172 1.00872769 0.006071
11.001528 1.00139223 0.003766
11.019862 0.99001319 0.005841
11.024021 0.99299439 0.004040
11.024488 0.99548752 0.004503
11.029888 1.00384141 0.005421
11.035445 0.99541862 0.006953
11.041527 1.00186718 0.005778
11.115107 1.04597585 0.003429
11.130349 1.00300755 0.006754
11.132837 1.01037538 0.005221
11.156570 1.00279022 0.003295
11.176442 0.99738438 0.007668
11.241093 1.00773288 0.003916
11.276270 1.00545997 0.005389
11.292494 1.00569902 0.003257
11.324250 1.00401834 0.004387
11.339880 1.00403621 0.006478
11.353989 1.00943453 0.007446
11.354057 0.99972256 0.007638
11.377333 0.99772785 0.003132
11.396674 0.99985050 0.007217
11.398275 0.99376544 0.004216
11.419559 1.00039419 0.005008
11.449701 1.00780991 0.007098
11.519225 1.00195095 0.007740
11.584678 0.99690643 0.007458
11.591450 0.99946660 0.006291
11.617725 0.99288158 0.006972
11.639110 0.99844656 0.006943
11.684165 1.00495399 0.004140
11.692222 1.00057890 0.003317
11.706111 0.99624339 0.006470
11.713701 0.99425371 0.006676
11.714946 0.98990321 0.003816
11.719379 0.99923286 0.003955
11.727554 0.99302930 0.004285
11.738152 0.99829793 0.006691
11.747909 1.00209489 0.004364
11.749373 0.99915743 0.006714
11.757795 0.99615912 0.004203
11.773903 0.99989047 0.007349
11.784307 0.99859759 0.007551
11.789784 1.00272088 0.004801
11.813250 1.00172211 0.005205
11.816279 1.00565269 0.003247
11.851072 0.99628269 0.004459
11.903961 0.99761906 0.007418
11.958081 0.99838946 0.005960
11.960558 0.99704855 0.003146
11.976647 1.00074807 0.005879
11.990569 0.99930401 0.005576
12.010146 1.00206670 0.005130
12.039962 0.99564443 0.003691
12.041182 0.99623125 0.004088
12.056635 1.00903762 0.005152
12.063852 0.99902172 0.004264
12.070674 1.01483547 0.005723
12.124304 1.00005452 0.005974
12.146334 0.99965256 0.004065
12.160351 1.00098995 0.007362
12.194052 0.99977699 0.007539
12.208669 0.99438047 0.007485
12.213933 0.99825064 0.005295
12.230494 1.00082767 0.005047
12.236712 0.99277564 0.007924
12.258952 1.00122526 0.006247
12.297692 1.00023685 0.003859
12.304914 1.00486714 0.005089
12.310404 0.99768609 0.003678
12.328342 1.00250601 0.006844
12.343883 0.99356604 0.004460
12.353340 1.00122913 0.007157
12.377433 1.00658936 0.004465
12.382736 0.99310531 0.003505
12.396184 0.99833688 0.006027
12.399941 1.00030613 0.003186
12.411801 0.99068848 0.005124
12.458190 0.99860416 0.007650
12.475695 0.99429609 0.003458
12.504052 1.00294163 0.006529
12.512209 1.00019109 0.005715
12.524893 0.99654670 0.004013
12.545789 1.00222767 0.004026
12.554398 0.99943823 0.005799
12.576132 0.99373842 0.004620
12.620149 0.99172898 0.004786
12.632740 0.99870948 0.003104
12.634728 1.00461631 0.005075
12.689784 0.99349570 0.005843
12.707781 1.00040503 0.007131
12.725319 0.99685676 0.006474
12.726382 0.99942169 0.006661
12.746428 0.99693389 0.003252
12.755865 1.00076198 0.003166
12.775922 0.99597861 0.006927
12.777247 1.03496099 0.007842
12.837597 0.99174271 0.003728
12.867013 0.99121158 0.006516
12.879773 0.99673287 0.005043
12.899977 0.99254044 0.005433
12.904226 0.99556676 0.004833
12.928747 0.99893470 0.004960
12.992821 0.99639424 0.006309
12.994032 0.98596936 0.007169
13.037580 0.99288092 0.004208
13.054173 0.99277569 0.006491
13.055983 0.99315980 0.004771
13.073918 1.00147859 0.006585
13.084242 0.99025762 0.005613
13.086201 1.00092475 0.007717
13.094330 0.99283915 0.004490
13.098548 0.98890059 0.004112
13.100839 0.98835408 0.004907
13.118973 0.98112972 0.003043
13.151285 0.98838401 0.003856
13.172583 0.98509729 0.005970
13.176393 0.99862001 0.007764
13.180182 0.98983819 0.005546
13.206454 0.98765855 0.004244
13.208369 0.98857654 0.007651
13.213735 0.98538253 0.003563
13.244981 0.98755539 0.006488
13.253347 0.98699741 0.005623
13.273474 0.98858182 0.004437
13.279873 0.99144492 0.003978
13.308089 0.99088156 0.003038
13.309966 0.98661305 0.005956
13.407298 0.98718542 0.006267
13.443401 0.97577005 0.005952
13.444801 0.98000148 0.007005
13.454204 0.99055021 0.007118
13.468035 0.99113288 0.005489
13.472109 0.98980566 0.006770
13.488587 0.97948525 0.007890
13.489105 0.99210276 0.007013
13.570234 0.98334565 0.004392
13.640597 0.98131123 0.004243
13.647764 0.98290471 0.005905
13.660745 0.99016418 0.007202
13.675622 0.97540673 0.003520
13.682073 0.97892831 0.006449
13.691230 0.98415031 0.003587
13.719595 0.98430623 0.005624
13.721457 0.97617759 0.007070
13.750521 0.98180093 0.004269
13.765248 0.98825344 0.004419
13.771576 0.97606201 0.007501
13.804271 0.97483649 0.004533
13.832890 0.97910665 0.005968
13.840775 0.97477345 0.006590
13.841806 0.98047304 0.004534
13.853168 0.97146669 0.004021
13.862345 0.99088094 0.006902
13.992710 0.98083258 0.005293
13.994805 0.97807552 0.007915
14.010183 0.96803531 0.006011
14.071619 0.97819100 0.007849
14.073307 0.97118990 0.006695
14.077165 0.97543200 0.004892
14.089281 0.97576836 0.003927
14.092765 0.97531751 0.007917
14.195307 0.96890193 0.003649
14.199581 0.97767626 0.006339
14.221352 0.97658209 0.007767
14.222458 0.97532297 0.005082
14.246148 0.96984813 0.003969
14.255126 0.97707459 0.006261
14.271753 0.97125146 0.005859
14.279120 0.97439185 0.004163
14.305741 0.97640552 0.006480
14.316619 0.97722546 0.006148
14.343602 0.97960256 0.004696
14.383518 0.97897771 0.004819
14.424132 0.97666069 0.007031
14.458469 0.97079084 0.007117
14.527993 0.96063481 0.006503
14.528069 0.96120869 0.005270
14.587449 0.98025188 0.006658
14.608981 0.97935029 0.007431
14.640013 0.97646560 0.005656
14.653493 0.97840586 0.007880
14.673179 0.97555245 0.006167
14.704705 0.98660046 0.004616
14.721045 0.97417717 0.003566
14.725161 0.97350143 0.006760
14.731549 0.97938173 0.007987
14.766406 0.98163186 0.007652
14.772153 0.97498357 0.003870
14.813725 0.97147900 0.006070
14.836435 0.97137322 0.003054
14.841732 0.97696959 0.007557
14.846772 0.97620119 0.004932
14.914066 0.97276463 0.005593
14.936676 0.97697920 0.006058
14.940392 0.98157517 0.007980
14.956955 0.97602562 0.006857
14.961378 0.98172111 0.007620
14.991754 0.98184804 0.004232
15.014222 0.98195203 0.004840
15.024339 0.98523944 0.003380
15.028827 0.98234038 0.004468
15.040020 0.97778674 0.005379
15.048251 0.99161632 0.004020
15.050155 0.98981196 0.003254
15.053315 0.97496099 0.005465
15.088761 0.97758910 0.004073
15.093675 0.97877305 0.003681
15.109960 0.98243347 0.007793
15.125558 0.97853211 0.007175
15.131679 0.97859387 0.006657
15.150938 0.98273990 0.003831
15.156962 0.97889161 0.006393
15.178442 0.98878223 0.004585
15.184950 0.98708354 0.005373
15.294918 0.99088525 0.005039
15.302880 0.98766522 0.004052
15.347387 0.98756299 0.006166
15.353150 0.98657485 0.004656
15.353762 0.98696606 0.003098
15.411428 0.99088634 0.006122
15.446303 0.99215225 0.003198
15.450297 0.99452762 0.006783
15.481248 0.98971836 0.007853
15.487172 0.99521610 0.007315
15.506603 0.98898182 0.006580
15.560693 0.99126212 0.005850
15.593422 0.99995131 0.004792
15.624042 1.00178805 0.006317
15.647581 0.99396523 0.007441
15.648506 0.99802435 0.004177
15.660855 1.00389795 0.004649
15.679417 0.98918768 0.004992
15.681801 0.99616205 0.005467
15.689886 0.99087179 0.007605
15.743447 1.00685305 0.004109
15.756446 1.00535673 0.003321
15.778165 1.00265001 0.006196
15.780660 1.00281322 0.006107
15.797283 1.00613845 0.007938
15.814570 1.00070595 0.007237
15.829339 1.00165195 0.003908
15.843482 1.00595129 0.006514
15.875521 1.00856329 0.004290
15.876674 1.01086304 0.007479
15.899500 1.01409664 0.003399
15.910199 1.00418123 0.004013
15.939019 0.99593170 0.007604
15.966345 1.01863984 0.006429
15.967435 1.01273412 0.003866
15.967838 1.00874234 0.003847
15.969627 0.99820156 0.005477
15.986049 1.01188927 0.007345
15.995465 1.00744944 0.004680
16.018939 1.00509352 0.003130
16.049099 1.01084252 0.004641
16.059290 0.93729692 0.005860
16.077660 1.01415644 0.004097
16.101842 1.01361177 0.003966
16.119565 1.01216980 0.006608
16.119688 1.00799826 0.003477
16.143229 1.01435154 0.007653
16.170586 1.00842247 0.004216
16.193746 1.01924027 0.005197
16.194869 1.01934252 0.004428
16.196106 1.00743171 0.007183
16.239853 1.01681942 0.004862
16.270934 1.01904513 0.006359
16.290059 1.01700693 0.007473
16.319493 1.01635424 0.007286
16.319646 1.02172027 0.004791
16.392392 1.01245329 0.003247
16.393372 1.02666462 0.007492
16.422739 1.02899149 0.003179
16.427932 1.01651520 0.004312
16.433581 1.02039893 0.004043
16.458691 1.02786995 0.007948
16.474960 1.01977998 0.003288
16.508482 1.02500244 0.004562
16.516280 1.02321898 0.003237
16.523140 1.02506036 0.003584
16.607595 1.03021098 0.007402
16.675275 1.01618308 0.005307
16.768353 1.01788767 0.004270
16.811502 1.02921774 0.007185
16.818553 1.02691198 0.003596
16.893025 1.02541301 0.006156
16.897998 1.03486634 0.006281
16.961036 1.02617068 0.007923
16.961878 1.02262310 0.005119
16.968542 1.02573748 0.005846
16.972017 1.02397620 0.004222
16.976121 1.02611864 0.003582
16.983013 1.03035503 0.004665
16.984801 1.03010762 0.005255
17.004022 1.03009727 0.006718
17.012959 1.02238676 0.006043
17.032357 1.02936596 0.003727
17.036542 1.02150485 0.005981
17.060930 1.03117580 0.007579
17.108196 1.02115933 0.007751
17.114868 1.01686218 0.003789
17.128575 1.02596720 0.004331
17.137045 1.03248702 0.003437
17.147937 1.02349580 0.004685
17.151839 1.02345549 0.007460
17.154463 1.02562673 0.005268
17.161539 1.01696932 0.003412
17.206204 1.02349805 0.003088
17.237553 1.02311715 0.006634
17.238755 1.02120550 0.005885
17.257062 1.02286345 0.006719
17.271444 1.02023170 0.006134
17.360174 1.01877087 0.006834
17.368298 1.02191260 0.007682
17.387273 1.02232252 0.005334
17.408781 1.02481301 0.004744
17.425993 1.02379948 0.005300
17.446594 1.01934463 0.004868
17.473217 1.03013776 0.004773
17.485638 1.01056421 0.007260
17.487387 1.02285651 0.007789
17.502205 1.01789250 0.004793
17.522370 1.01920253 0.004323
17.532470 1.01491034 0.006850
17.547121 1.02125620 0.006034
17.549886 1.01551388 0.003521
17.549999 1.02973255 0.004726
17.578287 1.02580643 0.006440
17.634763 1.01248038 0.003765
17.638735 1.01849406 0.004315
17.670009 1.01719846 0.003278
17.673988 1.01760472 0.004597
17.689741 1.02054936 0.007904
17.694434 1.02013449 0.003014
17.718650 1.02254341 0.007180
17.724670 1.01889509 0.006071
17.748146 1.02248754 0.003202
17.754393 1.01889928 0.007787
17.821656 1.01721874 0.004405
17.835429 1.02488459 0.005906
17.852008 1.01565057 0.007103
17.856185 1.01918222 0.005367
17.871608 1.01132486 0.006151
17.876155 1.01358780 0.005029
17.880970 1.01325293 0.004389
17.906079 1.01712740 0.006408
17.965386 1.00852997 0.005232
17.972153 1.01622054 0.004771
17.972999 1.01633153 0.003978
18.022767 1.01302738 0.006655
18.023588 1.01125382 0.005487
18.029038 1.01474218 0.005035
18.090735 1.01543606 0.003920
18.120090 0.99793778 0.003882
18.177929 1.01164339 0.006039
18.183564 1.02188286 0.004701
18.222430 1.00051352 0.004534
18.224607 1.01012430 0.004414
18.233193 1.00339961 0.007943
18.238621 1.01322201 0.007700
18.301821 1.00567638 0.007277
18.313612 1.00774451 0.004903
18.325903 1.00498015 0.003775
18.334730 1.00511127 0.005790
18.437821 1.00355616 0.004880
18.473718 0.99286352 0.004853
18.529699 1.01384131 0.007596
18.530976 1.00493605 0.004709
18.531131 1.00750450 0.006846
18.534093 1.01322803 0.005385
18.540365 1.00420032 0.006647
18.563395 1.00254106 0.006560
18.592444 1.00555395 0.007894
18.597804 1.00872432 0.005453
18.622751 1.01028039 0.004143
18.628258 1.00621628 0.005368
18.729252 0.99944385 0.006660
18.763125 1.00105813 0.006413
18.770533 1.00559614 0.006803
18.775781 0.99771446 0.003155
18.807598 1.01425583 0.003462
18.832662 1.00915888 0.007861
18.840264 1.02005376 0.007954
18.854318 0.99384388 0.003723
18.868412 0.99779447 0.005792
18.879026 0.99983948 0.003869
18.900905 1.00038271 0.007334
18.909642 1.00440536 0.007138
18.940131 1.00885930 0.006340
18.940633 1.01256258 0.006168
18.953227 1.00234043 0.006817
18.970207 1.00861381 0.006076
18.976561 0.99450898 0.007839
18.990497 1.00425917 0.007573
18.997578 0.99963928 0.004470
19.037672 1.00381175 0.004290
19.043744 0.99929912 0.003157
19.051868 1.00233833 0.007425
19.052832 0.99959788 0.007439
19.053111 0.99773970 0.006961
19.064514 0.99955612 0.007091
19.085425 1.00388086 0.003811
19.086729 1.00298884 0.005665
19.109807 1.01118497 0.007842
19.123494 1.00673368 0.003338
19.128801 0.99434280 0.003584
19.144966 0.99242571 0.003423
19.149883 1.00388429 0.007337
19.190890 0.99232124 0.003306
19.199176 0.99599662 0.005907
19.227863 1.00189072 0.005155
19.261527 0.99048732 0.006719
19.277667 0.99880001 0.007834
19.291809 0.99793112 0.005365
19.297927 0.99737195 0.006118
19.311087 1.00134585 0.003362
19.318350 0.99812433 0.003113
19.330802 1.00173557 0.005349
19.340810 1.00109291 0.007894
19.374378 0.99487353 0.007424
19.421627 1.00059823 0.007437
19.431874 0.99712002 0.006191
19.432986 0.99934744 0.006037
19.433658 1.00450641 0.004108
19.465960 0.99775914 0.005555
19.496281 0.99732088 0.003131
19.504407 1.00111161 0.004878
19.512183 0.99342907 0.004006
19.519460 0.99752236 0.005974
19.526158 0.99484353 0.004172
19.539279 0.99819857 0.007925
19.564112 0.99662599 0.007845
19.572214 0.99858835 0.006493
19.578492 1.05490074 0.003364
19.583668 1.00973036 0.007371
19.613575 1.00459793 0.007745
19.655709 0.99677470 0.005530
19.658436 0.99931068 0.005823
19.666231 0.99355360 0.004739
19.670046 1.00130938 0.006967
19.671857 1.00150163 0.003053
19.730392 1.00156621 0.004484
19.740746 1.00077226 0.005475
19.775885 1.00519747 0.004163
19.779744 1.00375376 0.005299
19.784609 1.00300002 0.005859
19.797028 1.00528762 0.006401
19.800538 1.00231101 0.005127
19.827641 1.00978459 0.006170
19.828729 0.99680367 0.004877
19.869877 1.00359661 0.004662
19.899210 0.99445770 0.006457
19.917520 0.99976112 0.007614
19.943453 0.99476021 0.005440
19.951583 0.99848376 0.003499
19.976221 0.99110925 0.007935
20.004816 0.99648686 0.005311
20.006416 1.00052792 0.003515
20.104604 0.98989838 0.005161
20.115999 1.00381645 0.006750
20.120265 0.99674954 0.006693
20.209685 0.99193627 0.006098
20.213779 1.00260522 0.007055
20.244667 0.98843484 0.007119
20.279152 0.99113366 0.005307
20.322507 0.99876065 0.006306
20.356520 0.99169155 0.005056
20.378812 0.99450608 0.007585
20.381799 0.98972563 0.004542
20.409434 1.00076236 0.006047
20.455286 0.99659975 0.005016
20.457114 1.00464502 0.004866
20.482013 1.00120036 0.006448
20.497687 1.00030272 0.003545
20.498064 1.00304035 0.007027
20.572210 0.99374335 0.005630
20.594821 0.99899231 0.005679
20.647574 0.99215077 0.006044
20.669322 0.99394923 0.007370
20.739055 0.99367557 0.003887
20.763327 0.98925745 0.007056
20.773393 0.99350483 0.004023
20.774111 1.00030542 0.004442
20.779049 0.98740227 0.005268
20.784584 0.99954191 0.006964
20.864926 0.98705189 0.004258
20.879196 0.99121540 0.005893
20.964491 0.99445647 0.004263
20.970730 0.98785815 0.004704
20.979743 0.99817108 0.003207
20.980783 0.98117784 0.006786
21.002727 0.99291784 0.006624
21.009109 0.98624427 0.005257
21.016426 0.97916199 0.007083
21.019400 0.99028027 0.007325
21.067132 0.99449364 0.006251
21.090002 0.99767683 0.003501
21.106877 0.99118126 0.003149
21.108954 0.98079265 0.005856
21.138274 0.99340660 0.006137
21.170562 0.99754417 0.004565
21.197541 0.98578199 0.007137
21.202294 0.97782237 0.004593
21.214416 0.99256884 0.005837
21.273781 0.98992813 0.004206
21.292407 0.98771990 0.007223
21.326713 0.98487668 0.007739
21.332839 0.99004466 0.003508
21.340537 0.98454154 0.005099
21.379487 0.98435467 0.005751
21.387128 0.98930023 0.007320
21.391527 0.98755724 0.003380
21.395331 0.99117458 0.007145
21.409990 0.98445151 0.003752
21.424734 0.98162687 0.005342
21.424874 0.98554328 0.004476
21.427678 0.97913400 0.007863
21.450397 0.98051620 0.005210
21.457594 0.98535610 0.007423
21.504159 0.97812403 0.003600
21.534557 1.03179155 0.006365
21.537679 0.97474810 0.007811
21.538851 0.99055946 0.003073
21.554678 0.97630585 0.005417
21.556592 0.97686215 0.004132
21.559610 0.98104039 0.003307
21.562329 0.98190870 0.007103
21.567262 0.98531252 0.003700
21.611308 0.97477524 0.003004
21.638594 0.98023928 0.005161
21.643624 0.97013561 0.006585
21.652736 0.97365449 0.007073
21.666844 0.98193640 0.007979
21.751060 0.97656339 0.004165
21.761397 0.98307170 0.003602
21.784689 0.97349762 0.003243
21.790338 0.97682419 0.006272
21.792787 0.97446447 0.007920
21.822600 0.97717005 0.004776
21.863035 0.97886470 0.007380
21.879307 0.96727782 0.007464
21.981729 0.97883266 0.005207
21.999013 0.98162263 0.005678
22.025734 0.98285796 0.004291
22.086666 0.97655023 0.006179
22.099194 0.97030740 0.005736
22.104578 0.98337927 0.006172
22.117681 0.97049909 0.003606
22.121283 0.96808909 0.004629
22.125600 0.96500829 0.006374
22.161074 0.97686541 0.004267
22.184318 0.96624826 0.007160
22.194176 0.98287569 0.003229
22.197295 0.97664491 0.005658
22.218702 0.97844625 0.007208
22.242030 0.97751765 0.003600
22.266026 0.97540566 0.005514
22.287355 0.97022539 0.006381
22.359565 0.97734814 0.007765
22.423489 0.98268595 0.004092
22.430445 0.97411734 0.004649
22.432076 0.97187757 0.004028
22.453129 0.97344486 0.004824
22.514641 0.97601804 0.006268
22.564369 0.98229151 0.005694
22.601650 0.97541674 0.006028
22.637580 0.96684824 0.004187
22.639227 0.96538721 0.006751
22.653230 0.97429474 0.006490
22.654214 0.97447522 0.004719
22.753175 0.98261253 0.007236
22.804392 0.97716783 0.005714
22.814718 0.98211781 0.006874
22.847022 0.98556062 0.007496
22.852461 0.98163150 0.005062
22.902845 0.98418156 0.007486
22.922204 0.88877517 0.003971
22.941798 0.97945504 0.007198
22.960034 0.99061231 0.006842
22.967049 0.97170719 0.007910
22.981906 0.98712954 0.006705
22.987624 0.98697695 0.007675
22.997324 0.97958618 0.005937
22.997845 0.99408479 0.006008
23.033023 0.98192338 0.007305
23.054109 0.98360385 0.005501
23.075605 0.99305183 0.005675
23.076672 0.98152478 0.003737
23.153784 0.98896441 0.003979
23.227403 0.99296821 0.004265
23.230162 0.98628949 0.007856
23.262861 0.99416095 0.004029
23.284835 0.98835706 0.003153
23.285305 1.00146466 0.006682
23.295607 0.98512081 0.006935
23.340505 0.98896438 0.005755
23.350862 1.00153378 0.003956
23.397839 0.98631039 0.003672
23.412262 0.99337113 0.003609
23.416682 1.01407598 0.006107
23.424158 0.99538139 0.007461
23.431857 0.99094783 0.007766
23.466797 0.98968972 0.004707
23.471844 0.99458518 0.007334
23.474988 1.00202389 0.007847
23.504891 0.99469118 0.007354
23.524592 0.99811330 0.003345
23.536760 1.00759178 0.007234
23.537993 1.00117375 0.003360
23.538897 0.99780615 0.006243
23.556114 0.99143441 0.007056
23.592283 1.01273333 0.006336
23.617540 1.00582787 0.003146
23.626807 0.99820667 0.006632
23.627111 0.99796499 0.006514
23.671196 1.00404039 0.007237
23.679922 1.00787622 0.003937
23.722784 0.99685789 0.003649
23.780787 1.00219262 0.007059
23.782385 1.00402857 0.007618
23.801469 1.01127251 0.005334
23.867693 1.00189018 0.006830
23.868838 1.00767574 0.003671
23.876073 1.00785462 0.003241
23.895324 1.01761253 0.006470
23.929578 1.01389346 0.006843
23.942927 1.00403951 0.005749
23.956940 1.00504005 0.007248
23.968071 1.01593261 0.005563
24.043215 1.01324014 0.007783
24.046090 1.02380960 0.004922
24.070883 1.02112236 0.005286
24.115972 1.01752109 0.005797
24.134419 1.02449445 0.004743
24.138979 1.01947597 0.003063
24.142854 1.02033163 0.007247
24.143655 1.02284116 0.006725
24.149408 1.01609738 0.007476
24.158047 1.01907686 0.007116
24.174658 1.00969683 0.006576
24.179280 0.98013440 0.007534
24.195457 1.01221231 0.006462
24.198580 1.01333046 0.004464
24.245353 1.01772761 0.005193
24.287768 1.01928294 0.003524
24.291058 1.02255785 0.007371
24.297121 1.02558578 0.006313
24.312218 1.02590023 0.007028
24.312880 1.02543657 0.007444
24.318050 1.02573597 0.003427
24.347395 1.02680312 0.007752
24.357482 1.01778210 0.004862
24.362777 1.01706954 0.006824
24.363668 1.01866382 0.006828
24.370193 1.02097186 0.007840
24.384775 1.01868312 0.006725
24.389873 1.02622655 0.007809
24.406315 1.02072931 0.003193
24.410162 1.01738356 0.007551
24.426104 1.02167480 0.007662
24.432005 1.01976951 0.006738
24.465484 1.02441865 0.003244
24.470944 1.02138927 0.005574
24.484970 1.03262637 0.004641
24.490319 1.01463698 0.006490
24.492541 1.01221727 0.005287
24.496119 1.02215886 0.005462
24.504771 1.02605913 0.007650
24.505536 1.01848366 0.005239
24.579480 1.02406032 0.004015
24.583656 1.02434206 0.006894
24.597808 1.02290692 0.005395
24.612979 1.02861688 0.004885
24.618332 1.02907157 0.004750
24.622490 1.03069731 0.003699
24.623445 1.01816778 0.006326
24.652232 1.02919576 0.005392
24.655009 1.03222261 0.004915
24.658527 1.02922303 0.003391
24.677162 1.02165383 0.006302
24.699827 1.02076068 0.004885
24.718390 1.02779838 0.003927
24.756510 1.02468908 0.004143
24.770617 1.02253534 0.006464
24.779691 1.01881501 0.003181
24.826672 1.02682467 0.005685
24.832120 1.02558998 0.006120
24.834327 1.03189364 0.005089
24.879068 1.01771552 0.004129
24.895833 1.03485393 0.007559
24.919976 1.03413774 0.005559
24.921087 1.02401284 0.004784
25.035340 1.02565466 0.003483
25.043447 1.02094294 0.005669
25.047752 1.02611564 0.007948
25.083621 1.02164574 0.003152
25.117341 1.02742726 0.007821
25.123286 1.01856585 0.006345
25.178679 1.02190129 0.006690
25.178810 1.02265579 0.007209
25.190180 1.02591815 0.003578
25.241220 1.02117622 0.003900
25.389920 1.02047256 0.005186
25.435621 1.02025360 0.006726
25.553926 1.01333097 0.006641
25.572160 1.00826930 0.006949
25.612067 1.01646690 0.006616
25.633242 1.02036711 0.004838
25.690505 1.01466095 0.005059
25.700713 1.02083470 0.003123
25.713758 1.02255988 0.003093
25.720547 1.01272533 0.004272
25.742832 1.00977602 0.006542
25.772387 1.00472066 0.005623
25.784086 1.01389535 0.007317
25.786641 1.01825327 0.004501
25.812291 1.02277930 0.003207
25.817579 1.01980111 0.004460
25.879228 1.01263396 0.003361
25.898896 1.01844429 0.006808
25.913236 1.00340276 0.007162
25.913355 1.00910187 0.004716
25.978098 1.01572440 0.005351
26.019294 1.00747688 0.004311
26.060312 1.00810941 0.003234
26.119734 1.00778824 0.007178
26.120648 1.01653817 0.004918
26.127427 1.01170773 0.007575
26.135322 1.01537008 0.003642
26.180051 1.00965721 0.005221
26.212257 1.00500891 0.004211
26.218697 1.00192566 0.003798
26.224678 1.00923559 0.007169
26.241732 1.00669748 0.007940
26.250930 1.00877358 0.007493
26.251138 1.01694198 0.007420
26.254606 1.00420740 0.007515
26.258385 1.01261973 0.006454
26.279460 1.00185093 0.006756
26.292693 1.00826883 0.003140
26.296941 1.00170922 0.003758
26.314460 1.00287427 0.005041
26.320263 1.01161743 0.007939
26.372498 1.00761601 0.003459
26.374515 1.01079328 0.006357
26.374842 1.01059833 0.004085
26.475908 1.00885252 0.005582
26.476120 1.00110424 0.006366
26.504084 1.00252849 0.007956
26.522520 1.00803711 0.007729
26.565091 1.00103421 0.003891
26.570053 1.00311019 0.004297
26.581903 1.00065635 0.004265
26.584113 1.01213603 0.007879
26.635204 0.99514624 0.004506
26.644311 1.00195545 0.007593
26.645206 1.00096201 0.006534
26.691477 1.00835813 0.006342
26.715552 0.99348162 0.004072
26.732573 1.00469345 0.007654
26.751340 1.00454090 0.004677
26.755811 1.00495037 0.003940
26.758991 1.00511026 0.006209
26.767040 0.99410233 0.005452
26.793784 0.99632124 0.004219
26.806126 1.00754223 0.003154
26.808977 0.99881327 0.004951
26.852822 1.00085102 0.004584
26.856677 1.00035192 0.005989
26.867575 0.99782155 0.005227
26.882822 1.00678462 0.003954
26.886889 0.99384201 0.004661
26.917546 0.99853350 0.004076
26.957199 1.00371201 0.005845
27.001189 1.00305013 0.007011
27.004641 0.99258071 0.006093
27.031995 1.00094569 0.007844
27.050147 0.99496635 0.003075
27.114224 0.95047094 0.006270
27.123122 0.99532932 0.004051
27.161468 0.99161800 0.004756
27.162790 1.00839964 0.005966
27.163982 0.99763071 0.003563
27.194109 1.00713972 0.003199
27.222504 1.00770029 0.003135
27.222579 0.99946469 0.003350
27.229022 1.01097005 0.005322
27.234127 0.99334952 0.005318
27.259545 1.00624817 0.006710
27.261719 0.99890388 0.006413
27.313467 1.00930847 0.004339
27.344187 1.00069102 0.006942
27.352631 1.00079095 0.006020
27.354403 0.99761073 0.004619
27.381479 0.98852190 0.005013
27.445863 1.00739099 0.007562
27.447039 0.99513402 0.004744
27.473473 1.00399164 0.004770
27.479098 0.99656995 0.004603
27.490288 1.01068138 0.007020
27.509801 0.99690862 0.006545
27.551602 0.99675291 0.003549
27.567921 1.00365410 0.003847
27.595065 1.00564496 0.007173
27.595513 1.00687375 0.003704
27.597034 1.02437490 0.003114
27.626568 1.00355773 0.005298
27.652550 1.00351416 0.004064
27.678022 1.00184444 0.006058
27.685777 0.99776765 0.005012
27.727025 0.99644308 0.007400
27.731964 1.00042096 0.003839
27.732436 0.98579864 0.003333
27.740790 0.99209540 0.005277
27.777332 1.00557491 0.005128
27.815515 0.99120484 0.003969
27.823588 1.03996996 0.003507
27.838179 0.99615922 0.005695
27.840906 0.99152450 0.006714
27.844800 1.00119919 0.005013
27.871604 1.00625417 0.004917
27.893188 0.99661354 0.006661
27.897001 0.99871002 0.005294
27.914020 0.99179047 0.005749
27.923342 0.99707316 0.005154
27.923969 0.99347593 0.007553
27.970075 0.99547264 0.005392
28.049254 1.00386514 0.007016
28.073080 1.00568659 0.004842
28.073993 0.99332163 0.005006
28.076045 1.00477866 0.003190
28.086828 0.99849215 0.005277
28.087118 1.00318568 0.006502
28.099154 1.00205338 0.004459
28.136587 0.99702822 0.006373
28.225071 0.99563734 0.003845
28.235290 0.99719556 0.004821
28.307709 0.99179626 0.003667
28.336289 0.99220486 0.007757
28.338275 1.00306960 0.004668
28.339237 1.00360868 0.006025
28.358987 0.99363517 0.006937
28.378226 0.99352992 0.003644
28.437486 0.99978833 0.007183
28.472696 1.00514162 0.003916
28.488732 0.99759554 0.003801
28.505316 0.99993827 0.004877
28.537160 0.99048696 0.007844
28.595747 0.98963520 0.003235
28.603607 0.99924910 0.004124
28.607712 0.99776901 0.006481
28.632777 0.99038739 0.007339
28.690461 0.98939878 0.004461
28.697604 0.99856834 0.006665
28.702324 0.98332344 0.005396
28.754701 0.99310189 0.003544
28.781762 0.99207504 0.007566
28.816734 0.99392942 0.003176
28.841983 0.98942742 0.003942
28.860128 0.99037453 0.003732
28.883395 0.99307563 0.007316
28.884905 0.98856190 0.003689
28.912905 0.98426627 0.004284
28.915677 0.98273059 0.004713
28.918997 0.99339327 0.005035
28.924930 0.98791706 0.004827
28.979386 0.98858893 0.005918
29.024542 0.98963143 0.005400
29.047535 0.99156666 0.007041
29.050784 0.99030859 0.005311
29.056109 0.98334381 0.003070
29.056826 0.98670037 0.006244
29.069098 0.98477024 0.006715
29.073198 0.97940640 0.003940
29.147538 0.98252833 0.007950
29.167437 0.98731925 0.004310
29.174557 0.97659599 0.007940
29.206368 0.98148626 0.007027
29.211098 0.98122517 0.006393
29.222016 0.98210271 0.004721
29.232137 0.98355427 0.006119
29.235271 0.98648623 0.007367
29.238756 0.98503152 0.004075
29.262267 0.98077317 0.004353
29.271014 0.98405995 0.003405
29.272881 0.98337349 0.004922
29.289457 0.98243365 0.007895
29.295895 0.98800679 0.004439
29.320349 0.97803529 0.007214
29.360748 0.98564993 0.004393
29.366125 0.97876524 0.007871
29.366708 0.98149992 0.007600
29.368246 0.98613368 0.007539
29.371976 0.98909638 0.004856
29.391636 0.99049256 0.006231
29.399666 0.98615724 0.007874
29.422038 0.98237902 0.003816
29.457292 0.97173073 0.003685
29.462793 0.99322135 0.005904
29.468128 0.98430073 0.004252
29.483149 0.98072770 0.006572
29.495753 0.97605746 0.005483
29.530286 0.97671236 0.006240
29.544925 0.98333833 0.005272
29.545927 0.97856447 0.004059
29.558406 0.97776087 0.006550
29.566472 0.97215523 0.003376
29.570469 0.96689349 0.007908
29.601523 0.98282212 0.006562
29.609531 0.97513760 0.004944
29.629649 0.98268916 0.006679
29.679264 0.97771261 0.005246
29.707426 0.97285635 0.005148
29.727175 0.97370636 0.007193
29.737310 0.97658407 0.006248
29.759974 0.98086814 0.004401
29.790456 0.98308109 0.005581
29.800429 0.97171451 0.007838
29.809629 0.97997565 0.005116
29.810526 0.97945212 0.004842
29.859079 0.98038144 0.007004
29.874893 0.97952974 0.007208
29.912419 0.96821999 0.005919
29.936875 0.97597267 0.004336
29.955289 0.97214466 0.006008
29.959153 0.98063119 0.003062
29.979708 0.98364714 0.006190
29.992641 0.97005502 0.005393
29.996609 0.96343432 0.004190
30.047717 0.97555603 0.003420
30.062013 0.98751913 0.003949
30.083978 0.98565593 0.003576
30.126773 0.96069905 0.005577
30.148236 0.97211472 0.003923
30.152659 0.97379600 0.003227
30.171591 0.96846179 0.003506
30.174701 0.97397841 0.004332
30.178699 0.98015260 0.004463
30.182110 0.97234985 0.003525
30.182403 0.97960796 0.006697
30.204033 0.97938856 0.004915
30.217159 0.97060904 0.005966
30.223006 0.97039423 0.003585
30.265235 0.98268371 0.004379
30.266022 0.97859175 0.005626
30.272141 0.96991391 0.005796
30.384036 0.96813379 0.004623
30.424495 0.97080099 0.007225
30.443808 0.97902010 0.007614
30.445314 0.97471224 0.005331
30.455403 0.97574382 0.004418
30.465655 0.98053465 0.006171
30.480992 0.97232279 0.006750
30.648403 0.98342395 0.007843
30.651713 0.97538341 0.005074
30.660422 0.97755894 0.005523
30.699872 0.97639204 0.003872
30.700739 0.98134765 0.004026
30.728948 0.97962938 0.005293
30.737802 0.98465066 0.005588
30.768854 0.97932833 0.004299
30.769330 0.98637643 0.003777
30.782492 0.97538199 0.006934
30.784468 0.98444412 0.006288
30.857592 0.97952980 0.003023
30.862599 0.97711808 0.007518
30.891037 0.98732860 0.005671
30.893805 0.99269164 0.004532
30.911932 0.98307553 0.004251
30.918536 0.98908445 0.006299
30.919340 0.98754210 0.007873
30.932905 0.99478640 0.006674
31.031747 0.98490505 0.005287
31.032921 0.98180855 0.005551
31.033614 0.99835988 0.007346
31.034676 0.99198571 0.006582
31.081977 0.99729731 0.003309
31.090196 0.98470819 0.004982
31.092905 0.99040638 0.007475
31.103869 0.99140890 0.007328
31.144675 0.99189852 0.003752
31.148632 0.99226227 0.005045
31.168258 0.98223429 0.003588
31.197555 0.99799261 0.006763
31.213879 0.99244845 0.004236
31.219394 0.98658522 0.005108
31.226922 1.00339712 0.004985
31.243372 0.96184468 0.006262
31.248308 0.99341269 0.006457
31.256535 0.99126070 0.005398
31.321957 0.99091088 0.005078
31.394128 1.00555370 0.007769
31.412910 1.00140146 0.004065
31.430252 1.00104744 0.006680
31.447110 1.00137358 0.005140
31.488284 1.00245408 0.004036
31.518250 0.99979298 0.004948
31.554101 1.01061344 0.003236
31.561992 1.00157048 0.003378
31.615101 1.00365064 0.004624
31.619119 1.00948026 0.006955
31.630468 1.00879744 0.003268
31.637610 1.00769937 0.007237
31.664383 0.98024550 0.006929
31.688454 1.00787341 0.005555
31.736318 1.01012948 0.003019
31.744308 1.01260664 0.005249
31.760099 1.01019237 0.006621
31.783014 1.01377205 0.005319
31.805301 1.00812554 0.007639
31.812758 1.01359843 0.005980
31.822161 1.01802472 0.007108
31.836448 1.01516319 0.005171
31.838446 1.00351918 0.003122
31.848100 1.02285731 0.007244
31.865944 1.01909347 0.005089
31.935422 1.01730206 0.006389
31.938602 1.01682755 0.006111
31.941300 1.01218582 0.006058
31.979806 1.01676375 0.004549
32.001368 1.02793105 0.005433
32.040497 1.01031825 0.007367
32.042017 1.01147116 0.003661
32.054968 1.01337011 0.005830
32.097682 1.01821227 0.005246
32.108865 1.09145630 0.006300
32.178012 1.02265616 0.006188
32.193987 1.01343431 0.003910
32.208511 1.01492008 0.007056
32.216799 1.02017474 0.007443
32.225153 1.02084303 0.006507
32.231268 1.02485062 0.006366
32.237325 1.02002526 0.003569
32.260867 1.01266589 0.006522
32.291800 1.03015125 0.004220
32.322590 1.01487186 0.007767
32.329635 1.01761951 0.003882
32.352665 1.01312191 0.007646
32.373237 1.02837647 0.005012
32.376425 1.02743374 0.004273
32.385123 1.01908591 0.007225
32.389266 1.02056610 0.005036
32.439873 1.05377661 0.006195
32.465556 1.03078623 0.007339
32.493482 1.02938310 0.006442
32.494639 1.01428207 0.006284
32.511860 1.02153071 0.007209
32.522440 1.01149962 0.004186
32.542974 1.03402665 0.004058
32.585893 1.02302918 0.004707
32.641733 1.02459453 0.007804
32.673185 1.01802921 0.006284
32.676220 1.03484174 0.004443
32.688881 1.03795804 0.003693
32.694002 1.01843142 0.004993
32.695217 1.02606776 0.007463
32.698985 1.02392854 0.003983
32.719551 1.02906399 0.006313
32.737852 1.02413118 0.006248
32.744359 1.02966093 0.005298
32.745556 1.03041732 0.005550
32.765805 1.02723845 0.005891
32.774163 1.02790870 0.007029
32.774475 1.03203391 0.006367
32.778939 1.02118964 0.004400
32.836135 1.03240892 0.005265
32.863716 1.01753201 0.004645
32.865928 1.02713287 0.004430
32.889663 1.02690844 0.003713
32.897692 1.03437334 0.006814
32.908395 1.02067746 0.005903
32.926486 1.02046550 0.004358
32.937087 1.02539660 0.006313
32.939532 1.03016929 0.005241
32.942449 1.01997412 0.004191
32.953643 1.01869861 0.003516
32.978801 1.02833046 0.007947
32.998065 1.01397866 0.005958
32.999340 1.01494109 0.004586
33.000694 1.02112318 0.005171
33.004545 1.02333444 0.006094
33.019416 1.02656397 0.007801
33.020034 1.01673883 0.006247
33.085396 1.01742917 0.007180
33.097929 1.01625199 0.003400
33.121414 1.02330712 0.003866
33.150639 1.02355053 0.006284
33.262186 1.02549492 0.006557
33.309601 1.02302976 0.005226
33.318284 1.02534585 0.005886
33.323174 1.01907906 0.007973
33.410033 1.02010521 0.007792
33.435398 1.02482901 0.004677
33.443056 1.03881040 0.005629
33.447775 1.02284709 0.006266
33.465684 1.01229330 0.006834
33.497886 1.01818268 0.007002
33.516292 1.00408450 0.006506
33.518388 1.01213598 0.006480
33.524818 1.02101559 0.006403
33.527885 1.01336819 0.003250
33.546481 1.01699780 0.004408
33.621373 1.01061024 0.003904
33.635632 1.01097591 0.007989
33.677741 1.01340537 0.006817
33.698197 1.02098403 0.003507
33.739493 1.01181014 0.003930
33.743337 1.01292737 0.003744
33.745574 1.00874486 0.004714
33.767363 1.01428596 0.004105
33.772049 1.01234590 0.004697
33.820402 1.00558843 0.007583
33.850093 1.01420038 0.004937
33.897517 1.01435491 0.007136
33.904888 1.01806601 0.004148
33.916384 1.01504764 0.005357
33.944591 1.01859523 0.004839
33.971102 1.01304561 0.006835
33.998104 1.00672062 0.007148
34.079230 1.00987195 0.004999
34.100139 1.00799540 0.004734
34.139457 1.01038879 0.004663
34.193500 1.00355020 0.003448
34.196234 1.01056612 0.003331
34.233847 0.99738618 0.006878
34.271001 1.00603085 0.004683
34.271498 1.00494584 0.007675
34.343336 1.00270679 0.005669
34.353917 0.99530744 0.003321
34.378059 1.00200977 0.003487
34.379589 1.00891067 0.006843
34.412872 1.00337317 0.003888
34.417156 0.99666732 0.003089
34.448304 1.00257695 0.004992
34.448334 1.00721178 0.004409
34.464156 0.99437668 0.007072
34.464316 1.00532004 0.005066
34.553279 1.00011286 0.003749
34.573709 1.01082039 0.007033
34.636782 1.00363938 0.004670
34.641456 1.00024008 0.006626
34.718305 0.99633680 0.004140
34.737469 0.99840771 0.006629
34.759743 0.99584537 0.007799
34.762975 1.00641626 0.005906
34.767882 1.00879769 0.003549
34.771209 1.00592244 0.005372
34.777026 0.99866896 0.004867
34.778714 0.99505779 0.003056
34.830306 1.00553251 0.004519
34.843546 1.00191722 0.006627
34.883430 1.00972873 0.007184
34.912749 1.00698478 0.004663
34.935349 0.99771940 0.004976
34.940996 1.00222486 0.007433
34.978013 1.00516160 0.006200
34.996098 0.99643932 0.007304
35.001171 0.99652458 0.007179
35.009844 1.00431753 0.003553
35.036349 1.00431637 0.007141
35.053639 1.00727537 0.003530
35.068252 1.00262648 0.007291
35.068564 1.00344611 0.003652
35.098032 1.01382873 0.003733
35.136224 1.00451168 0.005038
35.140021 1.00133643 0.006649
35.153748 0.99630963 0.004383
35.178683 0.99713861 0.003166
35.189430 1.00707962 0.004119
35.195633 0.99940507 0.007377
35.220200 1.00171015 0.004502
35.230446 1.00026536 0.004439
35.245746 1.00085836 0.005298
35.246020 0.99958017 0.005422
35.251603 0.99452534 0.003540
35.254433 1.00295331 0.007822
35.257896 0.99404484 0.003498
35.270618 1.00807764 0.004110
35.306724 0.99838619 0.004953
35.310629 1.00952108 0.004314
35.312914 1.00354908 0.005953
35.335703 0.99587007 0.004684
35.335842 0.99883358 0.003906
35.335880 0.99864658 0.006929
35.338401 0.99616875 0.007944
35.450981 0.99805472 0.004838
35.487432 0.99476887 0.006925
35.494189 1.00211224 0.005927
35.547057 1.00371166 0.005380
35.566325 0.99888199 0.005650
35.582778 1.00212209 0.003120
35.588260 1.00176065 0.007907
35.593284 1.06401180 0.005930
35.593839 0.99596420 0.004807
35.610946 0.99710262 0.004851
35.620002 0.99971446 0.005075
35.629336 1.00823680 0.003103
35.634054 0.99231305 0.006139
35.643094 0.99520253 0.007580
35.650803 0.99907193 0.004283
35.658968 0.99693157 0.003266
35.666540 1.00012706 0.007623
35.678938 0.99296289 0.004333
35.683805 1.00599548 0.004591
35.705741 1.00195102 0.005650
35.732848 0.99621841 0.007245
35.743418 0.99902089 0.006472
35.761224 1.00329503 0.006053
35.774390 1.00465834 0.006129
35.831590 0.99327921 0.006720
35.832005 0.99747641 0.004871
35.839182 0.99291711 0.005965
35.901187 0.99765986 0.004760
35.976841 1.00252596 0.007437
36.016894 0.99997948 0.003962
36.035673 0.99897059 0.007574
36.040747 0.99411153 0.003626
36.041343 0.99392138 0.003808
36.083737 0.99410887 0.007789
36.087702 0.99791268 0.006596
36.103536 0.99533473 0.007001
36.107440 0.98735166 0.007553
36.112557 1.00351394 0.003538
36.123337 0.99024564 0.006851
36.133302 1.00275155 0.006781
36.138570 0.99491059 0.005186
36.174140 0.99179324 0.003219
36.207244 0.99992522 0.007781
36.251972 0.99362690 0.007098
36.310042 0.99403130 0.006647
36.333776 0.99820770 0.005766
36.337547 0.98892891 0.004806
36.354321 1.00021692 0.003197
36.375967 0.99349151 0.003101
36.407236 0.98741084 0.004590
36.410605 1.00236465 0.006257
36.455695 0.99293266 0.004828
36.461750 0.99458347 0.006287
36.495103 0.99367071 0.005614
36.504684 0.99416334 0.004688
36.534074 0.99173096 0.007385
36.661959 0.98226138 0.005273
36.670223 0.98863990 0.005333
36.697821 0.97933213 0.004878
36.755124 0.98607539 0.007011
36.804537 0.98763173 0.004754
36.819476 0.99346233 0.003810
36.827915 0.99418010 0.007560
36.854140 0.98827200 0.006226
36.865577 0.98182519 0.006860
36.904054 0.98767902 0.006062
36.912738 0.97264678 0.005904
36.915467 0.98331950 0.007408
36.928900 0.98230213 0.006180
36.946462 0.99122373 0.006776
36.946531 0.98613221 0.006699
36.956066 0.99556646 0.004052
36.960024 0.98798080 0.007754
36.964949 0.98998912 0.005883
36.971861 0.98259180 0.005182
37.006589 0.98519786 0.006114
37.015083 0.97412519 0.005391
37.067683 0.98682077 0.006834
37.068645 0.98553456 0.005487
37.091844 0.98445687 0.007676
37.105780 0.98076427 0.003057
37.118598 0.98748342 0.004167
37.129103 0.98838049 0.003268
37.179705 0.96911508 0.007098
37.187917 0.98591276 0.006859
37.223601 0.97382666 0.005607
37.363245 0.98272484 0.007168
37.369874 0.98639884 0.003339
37.377031 0.98940533 0.003544
37.478751 0.99225596 0.006768
37.489468 0.98050746 0.005082
37.495665 0.97624250 0.006344
37.565284 0.97555194 0.007729
37.572887 0.97074748 0.004105
37.598545 0.98307489 0.007260
37.603637 0.98544205 0.004693
37.617738 0.97254815 0.006087
37.633226 0.98117339 0.005527
37.642522 0.97719020 0.003299
37.649572 0.97276508 0.006459
37.673996 0.97640371 0.004930
37.783960 0.96932254 0.006257
37.797519 0.97383017 0.007582
37.802207 0.97567372 0.006907
37.826632 0.98349223 0.007107
37.835128 0.97068087 0.006049
37.835840 0.97434119 0.005086
37.849884 0.96935053 0.006236
37.851895 0.97802616 0.005113
37.886351 0.97806518 0.006281
37.909079 0.97989636 0.006123
37.915319 0.98034950 0.003042
37.960559 0.97826414 0.007904
37.972637 0.98067423 0.007218
37.990855 0.98099038 0.005907
38.007998 0.97674595 0.007338
38.031787 0.97096043 0.003158
38.046567 0.97465918 0.003944
38.048120 0.97082449 0.003791
38.070711 0.96866842 0.005431
38.104753 0.97394106 0.003334
38.122605 0.98448358 0.006674
38.136443 0.97369289 0.005260
38.162476 0.96985406 0.006364
38.190482 0.96944564 0.004742
38.206558 0.98980663 0.007563
38.215963 0.98843448 0.005838
38.228252 0.98115561 0.006550
38.254253 0.97086581 0.004088
38.255245 0.97595182 0.004342
38.274583 0.97649057 0.007961
38.278735 0.96396346 0.005139
38.291258 0.97948650 0.004925
38.294890 0.98160635 0.007750
38.322715 0.97922617 0.007614
38.345071 0.97702021 0.004339
38.350989 0.97598029 0.006678
38.371480 0.97203903 0.007284
38.381693 0.97361286 0.003171
38.422146 0.98618734 0.004654
38.425560 0.98591323 0.006630
38.431571 0.97671945 0.007490
38.435272 0.97389226 0.004277
38.442722 0.97340713 0.004479
38.456032 0.98144343 0.007987
38.479823 0.98700328 0.004541
38.502330 0.98799441 0.004324
38.509775 0.97542881 0.004647
38.555728 0.97365248 0.003991
38.568616 0.97712809 0.007762
38.589623 0.98053042 0.004214
38.630031 0.97718417 0.006323
38.632524 0.98614884 0.006688
38.642324 0.98335696 0.003991
38.687285 0.98149985 0.003539
38.708895 0.99158737 0.004961
38.738533 0.98214063 0.006539
38.767094 0.99325804 0.003974
38.769609 0.99022679 0.004611
38.770362 0.98821478 0.005703
38.822611 0.98929836 0.006370
38.855905 0.99611638 0.007354
38.888385 0.97873856 0.007428
38.904944 0.98584058 0.005266
38.911878 0.98349651 0.007972
38.913140 0.98870374 0.003896
38.925702 0.99150879 0.004788
38.986835 0.99280099 0.003669
39.048129 0.99097266 0.003562
39.057144 0.99477742 0.005719
39.069074 0.99042804 0.006927
39.077564 0.99743535 0.005612
39.079181 0.99709021 0.007820
39.085403 1.00020507 0.004272
39.096941 0.99990158 0.007343
39.126738 0.98578753 0.004613
39.129644 1.00216360 0.005054
39.144209 1.00005000 0.004974
39.153248 0.99378594 0.003546
39.164212 0.99381790 0.005092
39.183620 1.00532343 0.003126
39.253241 1.00616299 0.004042
39.253405 1.00153291 0.007603
39.264409 0.99617729 0.005980
39.279630 0.99824793 0.005226
39.287246 1.00031393 0.006772
39.293525 0.99475959 0.007384
39.300336 1.00779951 0.003889
39.384562 1.00266362 0.006614
39.405289 1.02279146 0.004070
39.424754 1.00728486 0.004531
39.428213 1.00925763 0.005906
39.429261 1.00481003 0.006712
39.429431 1.01260259 0.007466
39.459379 1.01231489 0.004739
39.472490 1.00813418 0.004507
39.483631 1.00583370 0.005461
39.487844 1.01173083 0.004230
39.498578 1.01106589 0.003481
39.530791 0.99771475 0.005795
39.541818 1.01521964 0.006704
39.543967 1.01173074 0.004795
39.598617 1.01382787 0.006093
39.628985 1.01152618 0.007722
39.664133 1.00904684 0.004480
39.676448 1.01525275 0.006298
39.682991 1.04941330 0.004533
39.692220 1.01888714 0.003316
39.716671 1.01324471 0.007243
39.756906 1.01374655 0.003417
39.769619 1.02162580 0.005496
39.797029 1.02442152 0.006090
39.807273 1.01837898 0.006855
39.836020 1.01874085 0.004753
39.841617 1.01621495 0.004827
39.871264 1.03080239 0.003341
39.903971 1.02584238 0.003106
39.912613 1.02192449 0.004014
39.927865 1.02630693 0.005425
39.940510 1.01518582 0.004060
39.948188 1.02317710 0.006209
39.990892 1.02744521 0.004905
40.033740 1.02376213 0.007351
40.043413 1.01570281 0.003814
40.052891 1.02080598 0.004639
40.061800 1.02920786 0.007500
40.079708 1.01931524 0.003980
40.093043 1.01595974 0.004212
40.130632 1.02763786 0.006504
40.165938 1.03180682 0.005751
40.194031 1.02608014 0.003987
40.208775 1.02131081 0.005569
40.229672 1.02136186 0.007054
40.260743 1.02232853 0.007132
40.263897 1.03796985 0.006038
40.275927 1.03751317 0.003621
40.293234 1.01929433 0.006227
40.301638 1.02132471 0.003750
40.330842 1.02970224 0.005609
40.335726 1.02366174 0.007806
40.345038 1.02650934 0.007383
40.353119 1.02738803 0.006169
40.365892 1.02468560 0.004547
40.380043 1.03153224 0.004011
40.382899 1.02107329 0.004599
40.407489 1.02199338 0.004687
40.411594 1.02525917 0.006578
40.440891 1.02800266 0.006889
40.452998 1.02250170 0.004689
40.461428 1.02810456 0.005632
40.508266 1.01532019 0.003818
40.559640 1.02170636 0.004300
40.586560 1.02557552 0.004530
40.597908 1.03495459 0.005388
40.605624 1.02597875 0.007921
40.614089 1.02175305 0.005867
40.626858 1.02045989 0.006452
40.640952 1.03408127 0.003365
40.661324 1.03293065 0.006636
40.704189 1.02863643 0.005702
40.707393 1.02362267 0.007016
40.724061 1.02871390 0.003213
40.783309 1.04085537 0.007770
40.805528 1.03140620 0.006869
40.817673 1.02954190 0.007814
40.836472 1.01659217 0.007415
40.867546 1.02926054 0.004029
40.869648 1.01878390 0.004223
40.872903 1.01643108 0.005879
40.905545 1.02531068 0.006428
40.945591 1.02217553 0.007971
40.969159 1.02615115 0.003889
40.983722 1.02733418 0.006567
40.993415 1.01889335 0.007947
40.997109 1.01995836 0.006698
41.017284 1.02879053 0.003301
41.019811 1.02534506 0.003533
41.086382 1.02119460 0.006121
41.134702 1.00565192 0.007279
41.152134 1.02169585 0.005277
41.154246 1.01407606 0.006383
41.180095 1.02546899 0.005510
41.186361 1.01435651 0.003041
41.210524 1.01704808 0.003885
41.231673 1.01827734 0.006131
41.231781 1.01631642 0.006234
41.235789 1.01429033 0.003191
41.250286 1.01162309 0.005937
41.372553 1.01596320 0.005243
41.381370 1.01189676 0.005683
41.418420 1.01668250 0.007230
41.435747 1.01774056 0.006974
41.477795 1.01622459 0.004482
41.481071 1.02262223 0.003475
41.495032 1.02264991 0.003493
41.524935 1.00509149 0.005712
41.539247 1.01245589 0.006349
41.547798 1.02124146 0.003081
41.555798 1.00763820 0.003921
41.592095 1.01427465 0.003036
41.595616 1.00939413 0.005955
41.599799 1.00493823 0.006108
41.672130 1.00582383 0.005447
41.697598 1.00816453 0.007800
41.699010 1.00928137 0.003868
41.733138 1.01363050 0.007310
41.749916 1.00347029 0.004569
41.764978 1.00817630 0.003939
41.792147 1.00600442 0.003949
41.796170 1.01510740 0.007679
41.810146 1.00794554 0.003989
41.816444 1.05004653 0.007658
41.851784 1.00464739 0.004228
41.859111 1.01190435 0.006291
41.868311 1.01425455 0.007747
41.868450 1.00166376 0.007691
41.870826 1.00138396 0.003005
41.878791 1.00573370 0.005387
41.924769 1.01481230 0.003382
41.955454 1.00272954 0.005183
41.961656 1.00439004 0.005025
41.968672 1.01731310 0.007609
41.968787 0.99920582 0.004334
41.985357 1.00465363 0.006410
42.044795 1.00339256 0.003312
42.062654 1.01423759 0.004045
42.062717 1.01543942 0.003605
42.111907 0.99856927 0.004954
42.125491 1.00832770 0.003249
42.158708 0.99990413 0.003966
42.163917 1.00444974 0.006269
42.169634 1.00318499 0.003612
42.202169 0.99935247 0.007278
42.204864 1.00360392 0.005497
42.213120 1.00619853 0.007024
42.285179 1.01022260 0.004723
42.334982 0.99916521 0.003710
42.344852 1.00415640 0.006444
42.363330 0.99823988 0.003998
42.376020 1.00226772 0.005578
42.378126 1.00882558 0.003015
42.447232 1.00454765 0.004112
42.507159 0.99866489 0.007465
42.587813 0.99915024 0.006808
42.617322 1.00069847 0.006977
42.626671 1.00526845 0.004969
42.658159 0.99325610 0.007539
42.677407 1.00432757 0.003558
42.680606 0.99669676 0.007888
42.692832 0.99909391 0.003790
42.692849 1.00077277 0.006121
42.715707 1.00276726 0.003468
42.731171 1.00577944 0.006880
42.739824 1.00593412 0.005207
42.740826 1.00273360 0.003191
42.743277 1.00229446 0.006213
42.752639 1.00481917 0.004004
42.764853 0.99037282 0.004507
42.835608 1.00812980 0.005519
42.869111 1.00019786 0.007950
42.914495 1.00476107 0.005362
42.961016 1.00129474 0.007829
42.966066 0.99937588 0.004705
42.968386 1.00464086 0.003325
43.000358 0.99272941 0.003373
43.062170 0.99334927 0.006659
43.090259 0.99855036 0.006099
43.119944 0.99556756 0.003597
43.124865 0.99823852 0.005658
43.136559 0.99763883 0.007225
43.196542 1.00057183 0.007461
43.198072 1.01134055 0.006463
43.201175 0.98911443 0.006861
43.211036 1.00868870 0.006563
43.223987 1.00452539 0.006135
43.230249 0.99860565 0.007665
43.244822 0.99410922 0.007389
43.319763 0.99167725 0.006672
43.361074 1.00207091 0.007669
43.368125 1.00354252 0.007304
43.403314 0.99656473 0.004313
43.409050 0.99487376 0.006511
43.459899 1.00380731 0.005695
43.467803 1.00010549 0.006452
43.481405 1.00323412 0.006619
43.497013 0.99931370 0.003708
43.505983 0.94551089 0.006681
43.522231 0.99238101 0.003163
43.529713 0.99946376 0.003134
43.559207 0.99306786 0.007796
43.562507 1.00676926 0.005845
43.595127 0.99977763 0.006012
43.595459 0.99956237 0.004041
43.623303 1.00126629 0.006874
43.624430 0.99539617 0.004496
43.634101 0.99886294 0.007390
43.670875 0.99768256 0.006571
43.719853 1.00080386 0.006395
43.719897 1.00172082 0.004035
43.732110 1.00023015 0.005329
43.735939 1.00033625 0.007027
43.738720 1.00546570 0.003297
43.760482 0.99438014 0.007312
43.774854 0.99650322 0.005040
43.780507 0.99030867 0.004381
43.799902 1.00383982 0.007651
43.816976 0.99859691 0.005130
43.823699 0.99871364 0.003844
43.914626 1.00117019 0.003138
43.919693 1.00122610 0.007352
43.947279 1.00056448 0.005209
43.963288 0.99774292 0.007184
43.966246 0.99692937 0.005254
43.989248 0.99322266 0.004533
44.083879 1.00539851 0.003572
44.126479 0.99495776 0.005933
44.140768 0.99165136 0.007081
44.144417 1.00189042 0.004106
44.147679 1.00355089 0.005349
44.154904 0.98550994 0.006849
44.177261 0.99436162 0.007031
44.185355 0.99618544 0.006329
44.190256 0.99303336 0.003650
44.192335 0.99548771 0.006744
44.194965 0.98827785 0.006711
44.195280 1.00295232 0.007445
44.298870 0.98907491 0.006988
44.336543 0.97882380 0.006688
44.387779 0.99896431 0.004137
44.415562 0.99549015 0.007523
44.428742 0.98437707 0.005386
44.505073 0.99072792 0.005557
44.521085 0.98851935 0.006879
44.578082 0.98985249 0.004844
44.612606 0.97936929 0.005918
44.631342 0.98010925 0.005036
44.643454 0.98677481 0.004706
44.644426 0.98541950 0.007522
44.666750 0.98824908 0.003049
44.681580 0.99177634 0.006360
44.726901 0.97996989 0.005698
44.732511 0.99658762 0.007658
44.742790 0.98690840 0.005733
44.796440 0.97865105 0.007016
44.847776 0.97396787 0.003935
44.878656 0.98996113 0.004003
44.887064 0.98522090 0.003276
44.892532 0.97677380 0.007447
44.905870 0.98808784 0.005724
44.921228 0.98077583 0.003176
44.956910 0.97968078 0.006490
44.977196 0.98469880 0.003583
44.992638 0.97552239 0.005689
45.004734 0.98539921 0.005110
45.016248 0.98150015 0.006797
45.076572 0.97281419 0.005741
45.079273 0.97909955 0.004733
45.079352 0.98348932 0.005495
45.082796 0.98518109 0.003954
45.097744 0.98921059 0.004684
45.151203 0.97814884 0.007130
45.167389 0.97828363 0.006026
45.170587 0.97700153 0.004447
45.179979 0.97605093 0.007613
45.218546 0.98557217 0.003916
45.223846 0.97398809 0.005406
45.252548 0.97323893 0.004010
45.265983 0.97684211 0.006186
45.311709 0.97669215 0.004719
45.396729 0.96426404 0.006385
45.482528 0.97793384 0.006685
45.510217 0.97062605 0.004162
45.569438 0.97781704 0.003754
45.571411 0.97755407 0.005221
45.589571 0.96925159 0.006440
45.593791 0.97968440 0.006506
45.617812 0.97443455 0.003791
45.623639 0.97313909 0.004708
45.644720 0.97665875 0.003099
45.653358 0.96990511 0.006614
45.668635 0.97097396 0.007678
45.705153 0.97314220 0.005347
45.710525 0.96818068 0.007418
45.776709 0.96961558 0.007944
45.778679 0.97145993 0.007425
45.795522 0.96800800 0.007963
45.851365 0.97371555 0.006988
45.865478 0.96939187 0.004917
45.871652 0.97348511 0.003152
45.872417 0.96396318 0.003898
45.901317 0.97297997 0.004758
45.903705 0.97246411 0.003214
45.913180 0.96604199 0.007802
45.915493 0.97911361 0.005650
45.983329 0.97354912 0.004109
46.010346 0.97613938 0.007923
46.050108 0.96625593 0.003320
46.051593 0.98045730 0.003323
46.073307 0.97070734 0.005045
46.093646 0.97055006 0.004247
46.103541 0.97487181 0.006431
46.114484 0.96462193 0.005046
46.118773 0.97326925 0.005718
46.119481 0.98096445 0.006252
46.173820 0.97120987 0.007276
46.174414 0.97098323 0.004122
46.175725 0.97150629 0.006310
46.175910 0.96725063 0.005490
46.234073 0.97222544 0.005264
46.247090 0.97115896 0.003394
46.248728 0.97131021 0.004635
46.311467 0.98172165 0.006738
46.334747 0.97190158 0.004331
46.344650 0.97508504 0.006291
46.349185 0.97817997 0.006101
46.360570 0.97952853 0.003799
46.365921 0.97335357 0.003355
46.400046 0.97566462 0.004662
46.410355 0.98262195 0.005215
46.411060 0.97133770 0.004000
46.429088 0.99083791 0.007556
46.436048 0.98141872 0.006908
46.472112 0.98709453 0.003467
46.476443 0.97914804 0.006724
46.485464 0.97888677 0.003044
46.488805 0.97983226 0.006478
46.490454 0.98598540 0.007936
46.493474 0.98293452 0.005476
46.497978 0.98197949 0.006431
46.503661 0.98558839 0.004731
46.527644 0.98674502 0.004162
46.539197 0.98465416 0.004865
46.540132 0.97537412 0.003147
46.544307 0.97945072 0.004676
46.612759 0.97833179 0.004729
46.614924 0.98801273 0.005382
46.624397 0.98085873 0.005618
46.648379 0.98605376 0.003961
46.679194 0.99029984 0.006628
46.711266 0.98861247 0.003658
46.720474 0.99164427 0.004657
46.736010 0.98886538 0.007196
46.737604 0.99132971 0.007794
46.747323 0.98670892 0.003463
46.750022 0.99306103 0.004536
46.754786 0.99604124 0.005059
46.776410 0.98879735 0.007589
46.814888 0.99280119 0.003558
46.867752 1.00076903 0.004070
46.896110 0.99546796 0.005508
46.919124 0.99347794 0.007866
46.927073 0.99328627 0.007540
46.952286 0.99035410 0.004929
47.024466 0.99286833 0.007833
47.089464 0.99835855 0.004840
47.110978 0.99601691 0.003522
47.134865 1.00347765 0.006089
47.154381 1.00391346 0.007188
47.156388 0.99997019 0.003585
47.185247 1.00286607 0.007157
47.196962 1.01383811 0.007667
47.220143 1.00779138 0.004205
47.256807 1.00028742 0.007229
47.281714 1.00640077 0.006976
47.285870 1.00006026 0.006541
47.287191 1.00658520 0.006207
47.296005 1.01370942 0.004099
47.306628 1.00535362 0.006002
47.314615 0.99964514 0.005990
47.381976 1.00987678 0.003399
47.389511 1.00081770 0.006281
47.421731 1.00754365 0.006880
47.473595 1.01652247 0.006444
47.491714 1.01675050 0.006821
47.539066 1.00758320 0.007704
47.546495 1.00659152 0.004307
47.554499 1.01579130 0.006076
47.558568 1.01623657 0.005368
47.597277 1.01220764 0.003018
47.601252 1.02072717 0.006909
47.634870 1.01117120 0.003431
47.657467 1.01024758 0.005068
47.672947 1.01114656 0.005438
47.691728 1.01863058 0.007818
47.699303 1.01708491 0.003537
47.705902 1.02456205 0.006331
47.708128 1.01554851 0.004394
47.733813 1.02288099 0.005831
47.762839 1.02379517 0.006319
47.764495 1.02104968 0.003158
47.764793 1.01550901 0.005008
47.794271 1.01657907 0.006500
47.855587 1.01778885 0.007772
47.862135 1.03092492 0.007943
47.927055 1.02226009 0.006634
47.937602 1.02602564 0.005645
47.965030 1.02063616 0.006797
47.970472 1.03336486 0.004883
47.998290 1.02680852 0.003868
48.008973 1.01721275 0.005309
48.026578 1.02277785 0.003808
48.056526 1.02764298 0.007105
48.065804 1.02451273 0.004427
48.075941 1.02658628 0.004830
48.078208 1.02525304 0.003364
48.080688 1.02063495 0.006588
48.085111 1.02062059 0.007735
48.102240 1.02743013 0.006021
48.102633 1.02518654 0.006450
48.125932 1.02716892 0.004874
48.128433 1.02259786 0.005068
48.138648 1.03202414 0.006622
48.143381 1.02497087 0.006830
48.148671 1.02056626 0.007382
48.187507 1.02589855 0.006125
48.201406 1.02565651 0.004782
48.215605 1.02806354 0.003693
48.229107 1.03055405 0.007422
48.229354 1.02669390 0.004506
48.241103 1.02927935 0.004062
48.247188 1.02827174 0.005175
48.251129 1.02802383 0.003979
48.266751 1.03148431 0.006108
48.272796 1.01527403 0.005708
48.276008 1.02996337 0.006453
48.281883 1.02858982 0.006269
48.282444 1.01921117 0.003706
48.303068 1.03060979 0.006963
48.305263 1.02085099 0.006755
48.317496 1.02922486 0.003364
48.360951 1.02299413 0.003910
48.378029 1.02290837 0.004837
48.446890 1.02446397 0.007502
48.470134 1.02683780 0.003589
48.476866 1.02410321 0.003859
48.483668 1.02499738 0.003860
48.492355 1.02767805 0.004218
48.494976 1.02572506 0.005711
48.506000 1.02667744 0.005283
48.527284 1.03021226 0.005221
48.533084 1.03047338 0.004644
48.552206 1.02835049 0.004655
48.567307 1.02226173 0.004229
48.643332 1.02973182 0.003486
48.678050 1.02504147 0.003354
48.680138 1.02581755 0.004946
48.681967 1.02534750 0.006610
48.688919 1.01908993 0.006905
48.690162 1.03044248 0.007644
48.693163 1.01592431 0.006620
48.696673 1.02266871 0.006511
48.718213 1.02461958 0.005045
48.733696 1.02389368 0.003730
48.801925 1.02384101 0.005923
48.809538 1.01667306 0.004284
48.835158 1.02094677 0.003587
48.863224 1.01542573 0.005758
48.940981 1.02428220 0.005416
48.995084 1.01624955 0.006600
49.042556 1.02576951 0.006432
49.046693 1.01980235 0.007260
49.064202 1.01848152 0.005534
49.108773 1.01813274 0.006221
49.110599 1.01628263 0.004840
49.117618 1.02398324 0.004581
49.150264 1.01524481 0.006561
49.159742 1.01852731 0.004366
49.166127 1.01907432 0.006177
49.182506 1.01481894 0.007998
49.205124 1.02487118 0.007905
49.223169 1.02511317 0.003094
49.223340 1.02319715 0.005343
49.226407 1.01977266 0.005419
49.232191 1.01392741 0.004176
49.245657 1.01716395 0.007902
49.264797 1.01881828 0.003771
49.279723 1.01612519 0.006849
49.304214 1.01222499 0.007608
49.336603 1.01420843 0.005617
49.363306 1.01033178 0.007371
49.363653 1.02022493 0.003348
49.369465 1.00624392 0.006259
49.407965 1.01675931 0.003965
49.415101 1.01777202 0.007540
49.438793 1.01165257 0.006585
49.445326 1.00955104 0.004971
49.481624 1.01466966 0.003969
49.486175 1.01646752 0.003024
49.602421 1.01604863 0.007949
49.629840 1.00498303 0.004260
49.659071 1.00438188 0.006166
49.669270 1.04710133 0.007248
49.689125 1.00431879 0.007641
49.691298 1.01123876 0.007279
49.694058 1.04250218 0.006473
49.704088 1.00859025 0.007102
49.723500 1.01227871 0.005216
49.735036 1.01336350 0.007774
49.741000 1.01244205 0.007559
49.786483 1.01484945 0.004883
49.788785 1.00896200 0.006237
49.793368 1.00438917 0.004630
49.873656 1.00501238 0.006724
49.877705 1.01031925 0.007920
49.913245 1.01257605 0.006007
49.927772 1.00303714 0.007696
49.948584 0.96415905 0.006297
49.952739 1.00930768 0.007837
49.964204 1.00579373 0.006254
49.978721 1.00374177 0.007630
49.992280 0.99484408 0.006480
