# Star 3 - Telescope kepler - Campaign 1
# Time Flux Error
# days relative_flux relative_error
0.002207 1.01541538 0.006162
0.028525 1.00002863 0.006752
0.042321 1.00421843 0.005469
0.044124 1.00341929 0.007386
0.063081 1.08506286 0.003822
0.085803 1.00391737 0.003950
0.089474 1.01077079 0.003622
0.094598 1.01015148 0.005754
0.095965 0.99739999 0.005925
0.108320 0.99755884 0.007555
0.116502 1.01112950 0.005798
0.119276 1.00147187 0.003759
0.124409 1.00496838 0.006558
0.127330 1.00015526 0.006611
0.128919 1.00416040 0.005496
0.163766 1.00328663 0.004473
0.164330 0.99640200 0.005380
0.178266 0.99770679 0.004395
0.181033 0.99914657 0.005413
0.181055 0.99632696 0.006070
0.181359 0.88076345 0.007068
0.181686 0.99941147 0.003033
0.213815 1.00762490 0.005591
0.217009 1.00775908 0.004384
0.275951 1.00638459 0.004108
0.287721 1.00583721 0.005288
0.326667 1.01302965 0.005833
0.328567 1.02256232 0.004893
0.345530 1.02016452 0.003993
0.356250 1.01745281 0.004457
0.367975 1.00408242 0.004546
0.389971 1.01079701 0.005982
0.483612 1.01244627 0.003727
0.493628 1.01095984 0.006997
0.501657 1.01576077 0.007097
0.529660 1.01693437 0.006902
0.530276 1.01410756 0.006877
0.555064 1.01181269 0.004515
0.560016 1.00911167 0.005813
0.566512 1.01810937 0.003392
0.604573 1.00869321 0.003723
0.628473 1.01387966 0.003339
0.632800 1.01798256 0.007424
0.639853 1.01106334 0.005581
0.696559 1.02205585 0.006884
0.701661 1.00992827 0.004703
0.725867 1.02370882 0.003482
0.744920 1.01653381 0.005056
0.825538 1.02236936 0.004440
0.842636 1.01887351 0.007403
0.845118 1.01929479 0.004605
0.850140 1.02930883 0.007349
0.854449 1.01998718 0.003109
0.891101 1.03096968 0.007958
0.992199 1.02192379 0.006193
1.075267 1.03102119 0.003580
1.093476 1.02042132 0.006460
1.107298 1.02974664 0.005866
1.108945 1.02244006 0.003646
1.135109 1.03385426 0.005579
1.137449 1.02348269 0.004902
1.152566 1.03070783 0.007964
1.189118 1.03187588 0.006993
1.216837 1.01749503 0.004554
1.254047 1.02786609 0.006397
1.269480 1.02863914 0.007245
1.297292 1.02542837 0.006122
1.340648 1.03001308 0.004797
1.341913 1.02184604 0.005876
1.370315 1.02578604 0.005253
1.373129 1.02299325 0.005027
1.391777 1.02408844 0.003143
1.419137 1.02511784 0.006494
1.421607 1.02495243 0.004590
1.494284 1.03866056 0.007132
1.510780 1.02662652 0.007003
1.565891 1.02058287 0.006040
1.566505 1.02530841 0.004112
1.574404 1.02861267 0.006661
1.593995 1.01822068 0.004589
1.648858 1.01494939 0.004573
1.653474 1.01441434 0.004897
1.654326 1.02878037 0.006562
1.663344 1.02764578 0.005730
1.666979 1.02026499 0.007883
1.713272 1.11604306 0.004086
1.790244 1.02259164 0.006995
1.808110 1.01638692 0.006622
1.813551 1.01634185 0.007741
1.845853 1.01877472 0.004690
1.880071 1.02784865 0.003869
1.880722 1.01538706 0.003798
1.911929 1.01900688 0.007233
1.988984 1.02363873 0.006886
2.048593 1.01331759 0.007259
2.079731 1.01832871 0.005000
2.079929 1.01845078 0.005344
2.107410 1.01995078 0.005666
2.184091 1.01807819 0.006346
2.220870 1.01968057 0.003227
2.228505 1.01324657 0.004800
2.234914 1.02309163 0.006265
2.285329 1.00734332 0.003284
2.295661 1.01050307 0.005101
2.348274 0.97839932 0.007807
2.394352 1.01477746 0.005748
2.399648 1.01651475 0.007263
2.403104 1.01758944 0.004732
2.409598 1.01341514 0.003776
2.435788 1.01299863 0.007908
2.459003 1.00981400 0.007162
2.462915 1.01825727 0.003147
2.505024 1.00947017 0.007266
2.538478 1.01554827 0.006354
2.539638 1.01306395 0.006474
2.585556 1.00292619 0.003654
2.604718 1.00763353 0.004995
2.634254 1.00995765 0.007256
2.637434 1.01002530 0.003399
2.657529 1.01125932 0.006269
2.662692 0.99601514 0.006230
2.674953 1.00829681 0.006256
2.687539 1.00958958 0.004772
2.700790 1.00214795 0.007272
2.701282 1.00051907 0.004278
2.711434 1.00396681 0.006630
2.732779 1.01350212 0.006753
2.760073 1.00902087 0.007062
2.794758 1.00477386 0.003251
2.795014 1.00133857 0.004779
2.822857 0.99456513 0.006615
2.835090 1.00061625 0.005854
2.871786 1.00608160 0.004623
2.987041 1.00389442 0.004962
3.012079 1.00945827 0.003511
3.063544 1.00141219 0.004675
3.127683 1.00063487 0.005193
3.131874 1.00207009 0.004874
3.157032 1.00156735 0.007598
3.175164 0.99933324 0.006300
3.183856 0.99871648 0.007463
3.243785 1.00255986 0.007409
3.247045 1.00248842 0.007013
3.256832 0.99864860 0.006005
3.267375 0.99850573 0.006902
3.290272 1.00271296 0.005317
3.310207 1.00204576 0.006764
3.346723 1.00740081 0.006090
3.358734 1.00187523 0.006308
3.361705 1.00333387 0.006152
3.364203 1.00260548 0.007992
3.367594 0.99338258 0.006855
3.399177 0.99820516 0.005067
3.417001 1.00697525 0.005613
3.421178 1.00220122 0.006029
3.423066 1.00207202 0.005259
3.530793 0.99731937 0.004562
3.581555 1.00359744 0.004341
3.607603 1.00080434 0.007449
3.621116 1.01501510 0.007282
3.638213 1.00106283 0.005274
3.641728 0.99306585 0.004380
3.672965 1.00243552 0.005709
3.681188 0.99646715 0.004681
3.692479 1.00709799 0.006964
3.694160 0.99398043 0.006333
3.701458 1.00761295 0.005758
3.707479 0.99510899 0.003764
3.709593 0.99769506 0.005051
3.711912 0.99742726 0.006190
3.721704 1.00481999 0.007214
3.728293 0.99576912 0.005788
3.752802 1.00794297 0.003802
3.755257 0.99899769 0.004856
3.780371 1.00095917 0.006006
3.795708 0.99055791 0.005951
3.954276 1.00042482 0.006816
3.987074 0.99843636 0.004351
3.997186 1.00116313 0.005971
3.998045 0.99781936 0.006585
4.035610 0.99516756 0.006763
4.036494 1.00539797 0.005636
4.049947 1.00105434 0.005728
4.078020 0.99248118 0.006267
4.114063 0.99710018 0.003145
4.114919 1.00009709 0.007962
4.129040 0.99307562 0.003390
4.142375 0.99639617 0.003114
4.200268 0.99677718 0.004956
4.226919 1.00096478 0.004815
4.230651 0.99710106 0.006208
4.258907 0.99837722 0.004364
4.283253 0.99495196 0.004717
4.305473 0.99704667 0.007367
4.312247 0.99372411 0.005434
4.317266 1.00202596 0.003961
4.346388 1.00385264 0.003543
4.362718 1.00212589 0.004283
4.364939 0.99742178 0.005159
4.384147 0.98935700 0.007823
4.442272 0.99542802 0.006484
4.449774 0.99664107 0.003260
4.497407 0.99572486 0.007643
4.506460 0.98909713 0.004102
4.511863 0.99616995 0.005621
4.534005 0.99319814 0.005839
4.536668 0.99475608 0.007247
4.561978 0.99746237 0.007599
4.572123 0.99964002 0.006717
4.588265 0.99280792 0.006496
4.621693 1.00453176 0.004186
4.644605 0.99717119 0.005293
4.646021 1.00556143 0.005046
4.654843 1.00159561 0.005869
4.673880 1.00205037 0.006936
4.679770 0.98876157 0.003119
4.704119 0.99722819 0.006668
4.740420 0.99455507 0.004189
4.768249 0.99465319 0.004689
4.768401 0.99430056 0.003987
4.774344 0.99606413 0.005642
4.774972 0.99025549 0.007758
4.777654 1.00305129 0.006053
4.795694 0.99417875 0.007717
4.795846 0.99069920 0.007458
4.889866 1.00833782 0.003090
4.961666 1.00292149 0.005226
4.999996 0.99753616 0.004376
5.038389 0.99105904 0.004412
5.047138 1.00126327 0.007359
5.085233 1.00155746 0.004880
5.099254 0.98492744 0.003206
5.106359 0.98060999 0.005149
5.114581 1.00054595 0.005050
5.117293 0.99546655 0.003204
5.178384 0.99674648 0.005492
5.182053 0.99188910 0.004704
5.198663 0.99753105 0.003061
5.216178 1.00140691 0.003838
5.218356 0.99829745 0.005637
5.221274 0.99053193 0.006306
5.261338 0.98619141 0.005686
5.288759 0.99723677 0.007488
5.313685 0.98687136 0.005655
5.317802 0.98889695 0.003366
5.324655 0.98636042 0.003321
5.367717 0.99016540 0.004172
5.401756 0.99513379 0.003694
5.428645 0.98191902 0.005624
5.460645 0.98175438 0.005417
5.514806 0.98090635 0.006362
5.525265 0.98555692 0.004535
5.529790 0.98333642 0.006488
5.539659 0.99060522 0.005004
5.541740 0.98630446 0.005331
5.560376 0.97953408 0.004397
5.567517 0.98700840 0.007557
5.572407 0.98613193 0.006943
5.576167 0.98405678 0.003686
5.588376 0.98385935 0.006787
5.617889 0.97130756 0.007599
5.662018 0.97268557 0.006466
5.688262 0.98119500 0.004935
5.694802 0.98325338 0.003375
5.712671 0.98325568 0.007581
5.724403 0.98201432 0.006248
5.729480 0.97845917 0.004350
5.808177 0.98654916 0.003850
5.815045 0.97455311 0.004049
5.840200 0.98743080 0.006580
5.849438 0.96831070 0.005470
5.870212 0.98059126 0.003157
5.900996 0.97832293 0.003094
5.907811 0.98973209 0.004541
5.908381 0.97573065 0.005914
5.909836 0.98318840 0.006121
5.917371 0.97969180 0.006212
5.927844 0.97757164 0.004019
5.956224 0.97720096 0.005832
6.005217 0.96984728 0.003049
6.081350 0.97331361 0.007407
6.084531 0.97867740 0.005077
6.108777 0.97538453 0.005490
6.148379 0.97062076 0.007314
6.152791 0.97711576 0.003185
6.198728 0.97793696 0.005193
6.252738 0.97358092 0.003190
6.260547 0.97329146 0.004563
6.341248 0.98081742 0.005132
6.349669 0.98159467 0.003115
6.354145 0.97541339 0.003120
6.373682 0.97066454 0.004997
6.375987 0.97487445 0.007643
6.387999 0.97150808 0.007218
6.403273 0.98008193 0.005449
6.408308 0.97108181 0.007949
6.419293 0.97455342 0.003774
6.421302 0.96907306 0.004930
6.424676 0.97954483 0.004876
6.442626 0.97166341 0.005029
6.448813 0.98602157 0.003630
6.480362 0.96859630 0.007404
6.485842 0.96942354 0.004418
6.552397 0.97127884 0.007007
6.574836 0.97033388 0.004894
6.586285 0.96774011 0.007538
6.598631 0.97372259 0.004836
6.614609 0.96602221 0.006045
6.642809 0.97316965 0.005178
6.682450 0.96883484 0.005193
6.730986 0.97426974 0.005445
6.738549 0.97903636 0.003656
6.745297 0.97049556 0.006084
6.748419 0.97092583 0.007785
6.750127 0.96087635 0.003749
6.804233 0.98519842 0.006018
6.816693 0.97526390 0.007830
6.828184 0.98219520 0.007767
6.869516 0.97577384 0.004531
6.887278 0.98120905 0.006447
6.889957 0.97346061 0.004820
6.891878 0.97733629 0.005566
6.893700 0.98040598 0.004963
6.909409 0.97740160 0.007790
6.922616 0.97586604 0.006509
7.009537 0.98343935 0.003850
7.009542 0.98543514 0.006595
7.015385 0.99204039 0.006385
7.032880 0.97646079 0.007791
7.034748 0.97500342 0.005768
7.037220 0.98572793 0.005662
7.055170 0.97961765 0.004430
7.065704 0.98382962 0.005837
7.074139 0.97561891 0.003872
7.080164 0.97531616 0.006354
7.092548 0.97469797 0.003549
7.095732 0.98957409 0.004424
7.149115 0.98839001 0.003859
7.194990 0.98523415 0.004123
7.235056 0.97898540 0.007952
7.252894 0.99369204 0.006791
7.270818 0.98814948 0.007378
7.289940 0.99019628 0.005937
7.295496 0.99538642 0.003318
7.298803 0.98814950 0.006800
7.303319 0.98439504 0.005327
7.339676 0.98112060 0.006454
7.340862 0.98173384 0.004471
7.391451 0.98696465 0.006059
7.424491 0.98827913 0.007730
7.426716 0.98556456 0.005378
7.429465 0.98711830 0.007279
7.503730 0.99343591 0.003689
7.512769 0.99664395 0.004083
7.518420 0.99510637 0.004710
7.530218 0.99024319 0.007158
7.590252 0.99359306 0.006226
7.685525 0.99547548 0.006951
7.704168 0.99043722 0.007499
7.705554 0.99512563 0.007092
7.731313 1.00078558 0.003578
7.759492 1.01223553 0.003324
7.780953 1.00009497 0.006392
7.785401 1.00324447 0.004198
7.796933 1.00483795 0.004523
7.815877 0.99620110 0.005967
7.833321 0.99763957 0.006380
7.854792 0.99264565 0.005525
7.855574 1.00714743 0.005377
7.913672 0.99860774 0.007179
7.915696 0.99515068 0.006369
8.018969 1.01198715 0.003398
8.073240 1.00566349 0.006533
8.082536 1.00765209 0.007190
8.093640 1.01174971 0.005738
8.105216 1.01234116 0.003950
8.130268 1.00945827 0.003669
8.174162 0.96802255 0.003449
8.174453 1.00431194 0.003966
8.198943 1.01166999 0.003906
8.212860 1.01102777 0.003002
8.262227 1.01135043 0.006289
8.274372 1.00918750 0.003747
8.334603 1.01863486 0.006002
8.339001 1.01329592 0.006954
8.366450 1.00838325 0.007650
8.395119 1.01421627 0.004396
8.408949 1.01406812 0.006639
8.455080 0.90375865 0.003141
8.490771 1.01663531 0.006453
8.510482 1.02219846 0.003242
8.576805 1.01638396 0.005542
8.578082 1.01798796 0.004592
8.578994 1.01957790 0.007143
8.592676 1.01860827 0.004958
8.600432 1.02097292 0.005100
8.603012 1.01987963 0.006855
8.617710 1.02683456 0.006340
8.649785 1.01772788 0.004814
8.665877 1.02355037 0.006960
8.675192 1.02222714 0.004021
8.719991 1.01705870 0.004827
8.773447 1.02942572 0.004135
8.788130 1.02361571 0.005500
8.799034 1.03352582 0.006260
8.800080 1.01954686 0.006739
8.860239 1.02278671 0.004041
8.880204 1.02233342 0.003125
8.905924 1.02592271 0.003985
8.933249 1.02574924 0.004519
8.966290 1.02892961 0.004114
8.973788 1.01975922 0.003207
8.992317 1.02597135 0.007073
8.992931 1.02890932 0.004408
9.003335 1.02376700 0.006437
9.019395 1.02257693 0.005020
9.042551 1.03052836 0.005416
9.044522 1.02275753 0.006899
9.052022 1.02037520 0.004932
9.112600 1.01845820 0.005933
9.112926 1.02610124 0.006773
9.120063 1.02684658 0.007304
9.166720 1.03295925 0.004416
9.182845 1.02545799 0.007708
9.189357 1.03003892 0.007045
9.203793 1.02831001 0.004731
9.223585 0.96688151 0.007974
9.237527 1.02686814 0.003323
9.291761 1.02226779 0.007245
9.297677 1.02868612 0.004538
9.314336 1.01911291 0.005571
9.322006 1.01929947 0.004662
9.334662 1.02273926 0.004446
9.359396 1.02052724 0.006914
9.378399 1.02631473 0.003131
9.447102 1.01806855 0.004281
9.474161 1.02054847 0.006593
9.521383 1.02741692 0.006721
9.526647 1.02570722 0.004714
9.526900 1.01829338 0.004190
9.554433 1.01326756 0.004469
9.636753 1.02756884 0.005349
9.638612 1.02367016 0.003694
9.656168 1.02568753 0.003132
9.656324 1.02605229 0.007613
9.671703 1.02524868 0.003544
9.698460 1.02040506 0.003836
9.745752 1.01428673 0.004433
9.746942 1.01417465 0.003038
9.754886 1.02189449 0.006669
9.755095 1.02831751 0.006637
9.772688 1.02445137 0.007064
9.787442 1.02551920 0.004007
9.804123 1.02131779 0.004939
9.807883 1.02047748 0.004547
9.823744 1.02591595 0.005855
9.830411 1.02173461 0.003469
9.832433 1.01739251 0.003423
9.838793 1.02020710 0.006301
9.893538 1.02540774 0.007680
9.941930 1.02101101 0.004460
9.987647 1.02293244 0.007700
9.987946 1.02691275 0.007100
9.994165 1.01265877 0.003216
10.028503 1.02019589 0.007537
10.030494 1.02206120 0.007588
10.047395 1.01665546 0.007979
10.049108 1.01711457 0.006174
10.098396 1.01333803 0.003887
10.115476 1.00658259 0.005312
10.139991 1.01302757 0.007416
10.142466 1.01452534 0.005377
10.229217 1.01013514 0.007665
10.231321 1.03933023 0.003277
10.237845 1.01637885 0.007832
10.239611 1.01186510 0.006904
10.252932 1.01994502 0.003165
10.254107 1.00803763 0.005910
10.263445 1.00950892 0.004229
10.274182 1.00976845 0.004812
10.275432 1.00885012 0.007650
10.317702 1.00879964 0.005285
10.334512 1.01078755 0.007222
10.334912 1.01657234 0.003880
10.346522 1.05173776 0.005138
10.401236 1.00688033 0.006050
10.402790 1.01775139 0.005426
10.419258 1.00496858 0.005128
10.425334 1.02204644 0.003241
10.438145 1.02100940 0.004390
10.446879 1.00893851 0.005409
10.450621 1.00867156 0.005378
10.455813 1.04023080 0.007043
10.476407 1.00389397 0.007740
10.515132 1.00358995 0.003133
10.549428 1.00148238 0.004902
10.551701 1.01209692 0.004368
10.602585 1.00445461 0.003747
10.603130 1.00439569 0.003997
10.618530 1.00089965 0.005685
10.642506 1.00198296 0.004433
10.657300 1.01483631 0.004220
10.708803 1.00411338 0.006088
10.760332 1.00744084 0.003171
10.814069 0.99963275 0.006173
10.869385 1.00233630 0.007607
10.875722 1.00545891 0.003292
10.889037 0.99972068 0.007559
10.903204 0.99949718 0.003840
10.907825 0.99787955 0.005354
10.945655 1.00203878 0.006102
10.973796 0.99658416 0.004065
10.985185 0.99524284 0.005723
10.985446 1.00501966 0.006751
10.991113 1.00912796 0.006990
10.997370 0.99813131 0.004512
11.019411 1.00677127 0.004515
11.023880 0.99411300 0.003794
11.037471 1.01046388 0.006890
11.061942 1.00019315 0.003427
11.070040 1.00148046 0.005892
11.135278 0.98926636 0.007984
11.156236 1.00303804 0.007052
11.176639 1.00353266 0.006601
11.184325 1.00383420 0.005162
11.206374 0.99999836 0.006533
11.218857 1.00988542 0.003910
11.219974 1.00607630 0.003012
11.322413 0.99813178 0.005275
11.342097 0.99648378 0.003887
11.352720 1.00127354 0.005329
11.354722 1.00756604 0.004354
11.422404 0.99987921 0.006510
11.431374 0.99770665 0.003774
11.440774 1.00172179 0.004307
11.442037 0.99404113 0.004976
11.455282 1.00285985 0.005778
11.521389 0.99682542 0.005969
11.546155 0.99618200 0.003111
11.557384 1.00492925 0.004155
11.586376 1.00181104 0.003745
11.590936 0.99946382 0.003807
11.594243 0.97424562 0.005909
11.614029 0.95974209 0.007533
11.649604 1.00262965 0.005942
11.652791 0.99143219 0.007739
11.665409 0.99644891 0.003276
11.702048 0.99718024 0.003994
11.755997 1.00430235 0.006555
11.779594 0.99241357 0.006773
11.784933 1.00334657 0.005239
11.810623 1.01098865 0.003932
11.871239 0.99848437 0.007476
11.875196 1.00702969 0.005695
11.885592 1.00317255 0.003349
11.928752 0.99754890 0.005544
11.935319 1.00278202 0.007781
11.936022 0.99443102 0.005250
11.946257 1.00184941 0.006199
11.950873 0.99621673 0.005498
11.990549 0.99763191 0.003258
11.992149 0.99098529 0.004039
12.096404 1.00093672 0.006659
12.110419 0.92588797 0.003039
12.127081 0.99464155 0.003082
12.140319 0.99803812 0.003636
12.185990 1.00125369 0.003018
12.203147 1.00349951 0.005957
12.207943 0.99950690 0.005315
12.229216 0.99910237 0.003416
12.306357 0.99644349 0.007610
12.326603 0.99696408 0.004014
12.332419 0.99365602 0.005092
12.351870 0.99345633 0.005827
12.359146 1.00750810 0.004238
12.364931 1.00054942 0.004771
12.377940 1.00169811 0.004779
12.378860 1.00185854 0.006384
12.380089 1.00906317 0.007869
12.383956 0.98920536 0.003463
12.385937 1.00077775 0.006378
12.391334 1.00374701 0.006802
12.425766 0.99883962 0.004824
12.442325 0.99860104 0.004629
12.459242 0.99578820 0.003997
12.482123 1.00301958 0.003539
12.484643 1.00087870 0.005550
12.545766 1.00377621 0.006640
12.555770 1.00267169 0.003962
12.564387 0.99742337 0.003396
12.632331 1.00093542 0.007952
12.670477 0.99035212 0.007013
12.686859 0.98766424 0.007580
12.705976 0.99462940 0.006346
12.720490 0.99630834 0.007275
12.729152 0.99824183 0.007657
12.736687 0.99349887 0.003677
12.752191 0.99238225 0.007684
12.755876 1.00053649 0.007443
12.770942 0.99667209 0.004295
12.786683 1.00311618 0.006417
12.808372 0.99160899 0.006656
12.823488 0.98684307 0.004202
12.831860 0.99088636 0.005074
12.833086 0.99257968 0.003286
12.843182 0.99227484 0.006725
12.848940 0.99201688 0.006407
12.857209 0.99539969 0.007738
12.875060 0.98578085 0.007795
12.890330 0.99859511 0.005694
12.893646 0.99473420 0.006963
12.909848 0.99637881 0.004053
12.921326 1.00261775 0.006947
12.926460 0.99709465 0.003444
12.951036 0.98916907 0.006134
12.967641 0.98984334 0.005704
12.969556 0.98832415 0.004264
12.974362 0.98734577 0.004230
12.988707 0.99637980 0.006901
12.996711 0.98678611 0.005820
13.002378 0.99340752 0.004076
13.018931 0.98441825 0.007732
13.027230 0.98390573 0.005524
13.030475 0.98654948 0.005692
13.031810 0.99265434 0.006650
13.087092 0.98813336 0.006729
13.109573 0.99049299 0.004143
13.149828 0.99003130 0.006653
13.155289 0.98299478 0.003114
13.163228 0.99741096 0.005143
13.165201 0.99491606 0.006366
13.194311 0.99139161 0.007217
13.209499 0.98584465 0.005666
13.209783 0.98929256 0.003176
13.262877 0.99261147 0.005863
13.265494 0.99219258 0.004318
13.303621 0.98416728 0.003508
13.411987 0.98042697 0.007405
13.414315 0.97793646 0.006730
13.462819 0.98724062 0.003516
13.485258 0.98300511 0.003938
13.503066 0.98446038 0.005880
13.550408 0.97272001 0.006313
13.556039 0.98063261 0.006852
13.571046 0.97759124 0.004942
13.572132 0.98623523 0.007524
13.581859 0.98155087 0.005652
13.600885 0.97674415 0.004714
13.674647 0.98161483 0.004349
13.701101 0.98299279 0.004081
13.760722 0.98446320 0.004741
13.774068 0.97674748 0.003272
13.801236 1.00868124 0.004155
13.838311 0.97818710 0.003080
13.850887 0.97829396 0.007186
13.861949 0.98124509 0.004342
13.866518 0.98274373 0.003697
13.869644 0.97683123 0.004799
13.878836 0.97105300 0.003324
13.995583 0.98441481 0.003475
14.070909 0.97897853 0.003432
14.091204 0.96984547 0.004662
14.096428 0.96693780 0.005295
14.162681 0.97258315 0.003580
14.166871 0.97102578 0.004310
14.187391 0.97680186 0.003365
14.195781 0.97942996 0.004230
14.257071 0.97010064 0.003183
14.269197 0.96637097 0.005326
14.280750 0.97877877 0.006690
14.291760 0.97238847 0.007154
14.320125 0.97295983 0.005795
14.322681 0.97294541 0.007762
14.365276 0.98015705 0.007975
14.412797 0.98048210 0.003955
14.421807 0.97391325 0.003812
14.446581 0.96427216 0.006454
14.447847 0.97937111 0.003984
14.448001 0.97361206 0.004494
14.471759 0.97837081 0.004069
14.483868 0.97748187 0.003760
14.524089 0.98349283 0.004614
14.524295 0.96926509 0.005506
14.548576 0.96677998 0.006257
14.565376 0.97633421 0.004884
14.606918 0.97680661 0.005764
14.640649 0.98392202 0.007712
14.694590 0.97751071 0.004557
14.702568 0.97071115 0.007933
14.711246 0.97446163 0.004587
14.724728 0.97259025 0.006711
14.725814 0.97416075 0.006714
14.725886 0.97499549 0.007348
14.727477 0.97653448 0.006186
14.758198 0.97684781 0.006567
14.812345 0.98515198 0.005924
14.819675 0.97974562 0.006169
14.819913 0.97002686 0.007253
14.831199 0.96519333 0.004721
14.866276 0.97973439 0.004450
14.914265 0.97855252 0.006305
14.920394 0.98787142 0.005011
14.938958 0.97749065 0.004000
14.980299 0.98392464 0.005682
15.001951 0.97773905 0.005834
15.012273 0.98392358 0.003440
15.014250 0.97606421 0.006702
15.068774 0.98518732 0.004841
15.087100 0.97968535 0.007740
15.089810 0.98278794 0.005231
15.105451 0.97751718 0.007961
15.184190 0.98752826 0.005887
15.215767 0.98913355 0.007298
15.216412 0.98632517 0.004497
15.223072 0.98549822 0.004932
15.229613 0.99404144 0.006661
15.292982 0.98841412 0.007256
15.298524 0.98216609 0.003295
15.299336 0.98456805 0.004896
15.342405 0.99546695 0.004044
15.366320 1.00032856 0.006014
15.368352 0.99156172 0.005488
15.376019 0.99168546 0.004839
15.382433 0.99897899 0.005455
15.394124 0.99706525 0.004494
15.394253 0.99375445 0.004703
15.450510 0.98899028 0.004773
15.483715 0.98751490 0.003402
15.497591 0.99894537 0.003116
15.514219 0.98686853 0.004092
15.530250 0.99179050 0.005603
15.533575 0.99463198 0.006470
15.552217 1.00139017 0.006445
15.562848 0.99825087 0.007520
15.605717 1.00715922 0.005349
15.613477 0.99434433 0.004840
15.635395 1.01106702 0.004917
15.657410 1.00974958 0.003848
15.687967 1.00739457 0.006954
15.701551 1.00117314 0.006279
15.725699 1.00911806 0.005063
15.749784 1.01121851 0.004226
15.813504 0.99201687 0.004103
15.868238 1.00625000 0.004777
15.878688 1.00363528 0.006943
15.956485 1.00661453 0.003757
15.996552 1.00610538 0.005147
16.028791 1.01141835 0.005628
16.030316 1.00930743 0.005450
16.049319 1.01132599 0.007027
16.064442 1.02188788 0.005454
16.117615 1.02697077 0.006058
16.118613 1.01890329 0.003832
16.149307 1.01044753 0.006031
16.175853 1.01764322 0.004071
16.180025 1.01443697 0.007704
16.211212 1.02110861 0.007080
16.234147 1.01746897 0.004288
16.258118 1.01286316 0.006685
16.286187 1.01959613 0.006666
16.294867 1.01839316 0.005965
16.329378 1.01757998 0.003629
16.356844 1.01658544 0.006318
16.395265 1.02097131 0.006527
16.396116 1.02535823 0.004966
16.416992 1.02663966 0.005565
16.424869 1.02327845 0.004391
16.482049 1.02655378 0.003499
16.492084 1.02339660 0.003633
16.512239 1.02101344 0.006408
16.517697 1.00922711 0.007747
16.576070 1.02020540 0.007814
16.582093 1.02544507 0.003312
16.612214 1.03104203 0.004382
16.647524 1.02164238 0.005043
16.662722 1.01260301 0.006958
16.681015 1.02798719 0.007115
16.691393 1.02619677 0.005284
16.717850 1.02213091 0.006048
16.726552 1.01845675 0.005358
16.759056 1.02348538 0.004357
16.759184 1.03535006 0.003953
16.766886 1.03234645 0.004317
16.814070 1.02711529 0.005517
16.862128 1.02223948 0.007151
16.932993 1.03303344 0.007446
16.981927 1.03089725 0.003787
16.988162 1.01908052 0.003618
17.092730 1.02900699 0.005325
17.100171 1.03180126 0.006017
17.128704 1.02233723 0.004269
17.135327 1.03199618 0.005418
17.166664 1.01652861 0.007478
17.178763 1.02714960 0.005328
17.221270 1.02510456 0.007200
17.233074 1.00893556 0.003688
17.277653 1.02822669 0.006753
17.322254 1.02090108 0.003415
17.322599 1.02433546 0.003042
17.361113 1.07691011 0.004675
17.445848 1.01817572 0.006748
17.477555 1.01533472 0.006973
17.499139 1.02877209 0.004590
17.511860 1.02136281 0.005906
17.514670 1.02772702 0.003882
17.571808 1.02017434 0.003359
17.588098 1.01791587 0.003723
17.647945 1.02001944 0.004215
17.650834 1.02438461 0.004017
17.716721 1.01694315 0.003325
17.721912 1.01806815 0.006223
17.740740 1.01153695 0.005912
17.758805 1.01377219 0.004134
17.782140 1.02591781 0.004411
17.887565 1.01547944 0.006422
17.944118 1.01586799 0.005915
17.945486 0.99741337 0.005353
17.947169 1.02015180 0.004060
17.957261 1.01472854 0.004760
17.957941 1.00978185 0.004770
17.961413 1.00741678 0.004154
17.965472 1.01542702 0.004145
17.977641 1.01609703 0.004833
17.990373 1.01135624 0.006326
17.994272 1.01239955 0.006453
18.003286 1.01327172 0.006676
18.004485 1.00264079 0.003010
18.051068 1.00850796 0.007055
18.079764 1.00355365 0.003320
18.097297 1.01068624 0.004534
18.098107 1.01175044 0.007881
18.118405 1.01637711 0.004656
18.120349 0.99867063 0.006235
18.149478 1.00777583 0.007858
18.149882 1.02184650 0.004139
18.180606 1.01286963 0.003698
18.185949 1.00446364 0.007171
18.187067 1.00421900 0.004175
18.223508 1.01195631 0.007276
18.267807 1.00012867 0.006859
18.279976 1.00182506 0.006339
18.280085 1.00916308 0.006091
18.283954 1.01291845 0.006956
18.284568 1.00946534 0.005977
18.290783 1.01233994 0.005226
18.302691 1.01000185 0.005093
18.318071 0.99647130 0.005505
18.335218 1.00119068 0.007565
18.361218 1.00945574 0.004411
18.402759 1.05247281 0.004430
18.463922 1.00711342 0.005203
18.497768 1.00447974 0.003306
18.511022 0.99777591 0.004966
18.535365 0.99952236 0.004489
18.552320 1.00604416 0.003300
18.574351 1.00117416 0.004772
18.594054 1.00773755 0.004630
18.605690 1.00479669 0.006497
18.605828 1.00312026 0.007292
18.654882 1.00327894 0.007356
18.714467 1.00161412 0.006682
18.723003 1.00272120 0.004341
18.754434 0.99316291 0.006926
18.770684 0.99666414 0.004005
18.772450 1.00504109 0.007004
18.781075 0.99562418 0.005598
18.809911 1.00549325 0.004574
18.824944 1.00049749 0.007572
18.828524 0.98967475 0.003148
18.837563 1.00841520 0.005565
18.913217 1.00338331 0.004125
18.921138 1.00042562 0.007437
18.940865 1.00496049 0.007481
18.951007 1.00377626 0.004935
18.958396 0.99634978 0.005405
18.958704 1.00122788 0.006438
18.959375 0.98904099 0.007192
18.971594 0.99963313 0.006920
18.976749 0.99981339 0.005627
18.980953 1.00068738 0.003042
19.028975 0.99179717 0.003255
19.038208 1.00951505 0.004238
19.106669 0.99994575 0.003218
19.111406 1.00435596 0.005257
19.252276 1.00037212 0.005937
19.268292 1.01162086 0.003297
19.325454 0.99393413 0.004739
19.356494 1.00095486 0.007582
19.367008 1.00569039 0.007285
19.384798 0.99782693 0.003787
19.386216 0.99579562 0.003912
19.401162 1.00634238 0.007642
19.403329 0.99025872 0.006291
19.425241 1.00165323 0.003978
19.426834 1.00791781 0.005736
19.464063 1.00130085 0.007935
19.485601 0.99863210 0.004033
19.513794 0.99981838 0.007400
19.544440 1.00141865 0.006831
19.546205 1.00225218 0.007725
19.551451 1.00465221 0.003060
19.572700 1.00064696 0.003440
19.602722 0.99668162 0.007200
19.692836 0.99848432 0.005402
19.703254 0.99300670 0.007827
19.722490 1.00093196 0.005522
19.766841 0.99520490 0.006854
19.786690 1.00257416 0.006950
19.811315 1.00111758 0.007788
19.963389 1.00057116 0.005736
19.983982 1.00294783 0.007375
19.993468 1.00046382 0.007621
19.998046 1.00647044 0.004706
20.034715 0.98830630 0.005641
20.066692 0.99650746 0.007709
20.070005 1.00447248 0.005919
20.088667 0.99664108 0.003762
20.108951 0.99796635 0.005500
20.113958 1.00360256 0.003188
20.133841 0.99883126 0.007135
20.147846 0.99595758 0.005796
20.184347 0.99781177 0.004167
20.201875 1.00420296 0.004220
20.237168 1.00351727 0.006494
20.245798 1.00086685 0.007688
20.280336 0.99963979 0.007345
20.294770 0.99327811 0.003362
20.353485 0.99869604 0.004804
20.383209 1.00199030 0.005448
20.410845 1.02011789 0.005190
20.412502 0.99709342 0.003904
20.423119 0.99760202 0.007225
20.432313 0.99083136 0.006397
20.433116 0.99253383 0.006639
20.457532 0.99616449 0.005058
20.486314 0.99655623 0.003069
20.487657 1.07058133 0.007488
20.525144 0.99209420 0.006888
20.570607 0.99712355 0.006889
20.573839 0.99595309 0.007661
20.597827 0.99487854 0.007853
20.616683 0.99275760 0.006736
20.620493 0.99482745 0.003717
20.651022 0.99014636 0.004226
20.656572 0.98806969 0.003935
20.704625 0.99324735 0.005312
20.741115 0.99456736 0.005704
20.744098 0.98979828 0.006294
20.782057 0.98706352 0.005712
20.827861 0.98810230 0.003613
20.831859 0.98297483 0.006586
20.845548 0.98969595 0.007466
20.868859 0.99048397 0.007125
20.906070 0.99705933 0.003039
20.955560 0.98445436 0.004734
20.963832 0.99541895 0.003894
21.001553 0.99107105 0.007833
21.001846 0.99155702 0.007098
21.008487 0.98893824 0.003743
21.043660 0.98349476 0.006439
21.060134 1.04110126 0.004534
21.060713 0.99107797 0.006962
21.064792 0.98444671 0.004389
21.078788 0.98316786 0.003044
21.127272 0.98952229 0.005429
21.137237 0.99198263 0.004494
21.137569 0.98918531 0.005618
21.173024 0.99153734 0.004943
21.195502 0.98210843 0.004082
21.219786 0.98933796 0.006956
21.298365 0.97630137 0.004998
21.375463 0.98043690 0.007810
21.408901 0.97591917 0.005420
21.409967 0.98661073 0.004694
21.426342 0.98578211 0.007562
21.428957 0.98399847 0.007879
21.431656 0.98183770 0.006286
21.506082 0.98378465 0.005675
21.511748 0.98220189 0.004467
21.519115 0.97414370 0.004863
21.520913 0.98113748 0.003671
21.552006 0.97800127 0.005435
21.618782 0.97897412 0.003334
21.629129 0.98438293 0.006569
21.631661 0.98528012 0.005306
21.668864 0.97406370 0.003923
21.700149 0.96839848 0.003603
21.730213 0.98101146 0.004210
21.759384 0.97326459 0.005363
21.769203 0.97758933 0.004692
21.796029 0.97188759 0.004362
21.814609 0.98112777 0.004207
21.823875 0.97558477 0.003706
21.825844 0.97346811 0.006225
21.832580 0.97949021 0.005230
21.855910 0.96713262 0.006059
21.861110 0.97472354 0.003259
21.865499 0.97867545 0.006460
21.870334 0.97819337 0.005351
21.913404 0.97234618 0.005516
21.916032 0.97172306 0.005808
22.005310 0.97200218 0.006456
22.042343 0.97212968 0.005179
22.058003 0.97576879 0.003949
22.096789 0.97841557 0.006367
22.129715 0.97539771 0.007781
22.130132 0.97449854 0.004866
22.159526 0.96668659 0.004677
22.161705 0.96809513 0.004581
22.194945 0.97639995 0.006068
22.252674 0.97395920 0.006725
22.254243 0.98190134 0.006747
22.263207 0.97254084 0.005651
22.320608 0.97824424 0.007189
22.339338 0.96949105 0.004774
22.347767 0.97458891 0.004511
22.373936 0.97340743 0.005625
22.375600 0.97013878 0.007897
22.394336 0.96793770 0.007148
22.410106 0.97081826 0.007543
22.417274 0.97483323 0.007452
22.497603 0.97606945 0.005911
22.501040 0.97503826 0.007811
22.511203 0.97982198 0.006503
22.515441 0.97741733 0.003294
22.586649 0.97090474 0.003850
22.600893 0.98015183 0.005093
22.650447 0.97172016 0.006536
22.655422 0.98186510 0.007154
22.660127 0.97671201 0.007171
22.708870 0.98397150 0.004467
22.742187 0.98736747 0.007968
22.742902 0.98453906 0.003014
22.745376 0.97635638 0.004962
22.759761 0.98813285 0.005107
22.781162 0.98704029 0.003142
22.811749 0.98015328 0.005855
22.817089 0.97189056 0.005367
22.870059 0.98570713 0.005987
22.879833 0.99041090 0.005071
22.885225 0.98822069 0.007339
22.920845 0.98537613 0.003584
22.929238 0.98197078 0.003601
22.962187 0.98058602 0.006177
23.010650 0.98957214 0.004587
23.021466 0.98794621 0.005091
23.036812 0.98936399 0.004929
23.042989 0.99261061 0.006010
23.045009 0.99348547 0.005121
23.094087 0.98996065 0.006003
23.112820 0.98494710 0.004403
23.131375 0.99735742 0.007533
23.274434 0.98877647 0.003755
23.290533 0.99955865 0.003454
23.309473 1.00320110 0.006188
23.314273 0.99191956 0.003812
23.346779 1.00135410 0.004975
23.373681 1.00462154 0.004511
23.385164 1.00872925 0.007166
23.392972 1.00309795 0.005121
23.397742 0.99187739 0.004105
23.404501 1.00204978 0.005627
23.417959 0.99941582 0.004862
23.436976 1.00557623 0.005566
23.456782 1.00211987 0.006197
23.468964 1.00672803 0.007864
23.470344 1.00130783 0.006273
23.523044 0.99918697 0.006370
23.534801 1.00633617 0.006418
23.549072 1.00828765 0.005666
23.578467 1.00651556 0.005624
23.603063 1.00674437 0.007041
23.690711 1.01551883 0.006711
23.726832 1.00863728 0.006774
23.727808 1.00785522 0.006899
23.732706 1.01664362 0.003087
23.748439 1.01283560 0.006874
23.758422 0.99591515 0.003541
23.760455 1.01513366 0.005314
23.775381 1.01192930 0.005766
23.785725 1.01206030 0.003088
23.800106 1.01072773 0.007369
23.838550 1.01559711 0.003688
23.846157 1.00989738 0.006900
23.846757 1.00335987 0.006660
23.862883 1.02247942 0.004630
23.892626 1.02378399 0.007315
23.906017 1.01781357 0.004813
23.929720 1.01536696 0.005705
23.942880 1.02135428 0.006245
23.942990 1.00547350 0.004327
23.950382 1.00576054 0.004920
23.968768 1.01637826 0.006418
23.979318 1.02342609 0.006911
23.999135 1.01688749 0.007268
24.034947 1.01889323 0.006933
24.043435 1.01860962 0.007408
24.057970 1.00781300 0.007671
24.107994 1.01925460 0.004177
24.121869 1.02414364 0.003434
24.141887 1.01502971 0.005369
24.145202 0.99976693 0.003970
24.154071 1.02057901 0.003202
24.163650 1.01348042 0.003911
24.167146 1.02300908 0.003167
24.167192 1.01430313 0.007300
24.182688 1.02860494 0.004010
24.200759 1.01817209 0.007264
24.211487 1.03135200 0.004228
24.225360 1.02033299 0.005438
24.241271 1.02533874 0.004148
24.246940 1.02740138 0.003631
24.260146 1.02033937 0.006686
24.272231 1.02163021 0.003608
24.292976 1.02722305 0.004000
24.305230 1.02133081 0.005351
24.335710 1.02988358 0.004700
24.354093 1.03127700 0.004345
24.357085 1.02429054 0.007281
24.362403 1.01994270 0.004867
24.374595 1.02357015 0.005668
24.387240 1.02118920 0.007826
24.431506 1.02930060 0.007222
24.453599 1.02288542 0.003056
24.460429 1.02915527 0.005374
24.467877 1.02577574 0.006560
24.474974 1.02330792 0.006979
24.475343 1.01986360 0.005896
24.482737 1.03253539 0.003787
24.489340 1.02825044 0.005075
24.523277 1.02186906 0.007635
24.533392 1.02771685 0.004403
24.558142 1.02513032 0.007443
24.591717 1.02562237 0.004076
24.605199 1.02955710 0.004901
24.605353 1.02135932 0.007991
24.612879 1.02780008 0.003335
24.647641 1.02661744 0.006945
24.661654 1.03014920 0.004821
24.687378 1.03461040 0.004094
24.692138 1.01970295 0.007747
24.725657 1.02321597 0.005568
24.828565 1.02666889 0.005069
24.865574 1.02418111 0.006247
24.866324 1.02515621 0.004666
24.875327 1.02381682 0.007963
24.892918 1.02489872 0.003190
24.903567 1.02503013 0.003443
24.918744 1.02412030 0.004150
24.954709 1.02054111 0.007532
24.961494 1.02881798 0.007466
24.965251 1.01423072 0.003693
24.980053 1.02641001 0.004175
25.015361 1.02208653 0.006617
25.022039 1.02285552 0.003252
25.029627 1.02200907 0.007125
25.041002 1.01825403 0.003100
25.066803 1.01970780 0.006813
25.070186 1.02114331 0.007624
25.105004 1.02485318 0.004664
25.152976 1.02119918 0.006628
25.196202 1.01992826 0.005854
25.200196 1.02204601 0.003084
25.212824 1.02526365 0.003634
25.300381 1.02441313 0.004574
25.306516 1.05184204 0.004276
25.362595 1.02441751 0.006928
25.404091 1.01725944 0.005813
25.410473 1.01621669 0.006246
25.411828 1.01481780 0.004953
25.440149 1.01267357 0.007966
25.460662 1.01404285 0.003005
25.524011 1.00696844 0.005926
25.528532 1.02227999 0.004429
25.586871 1.01904115 0.003246
25.601393 1.00070929 0.004724
25.606184 1.01506669 0.007142
25.607317 1.01480419 0.005183
25.636985 1.01057477 0.006779
25.640762 1.01891317 0.003872
25.664071 1.00900907 0.005191
25.706078 1.00768935 0.007500
25.720379 1.01361430 0.007580
25.768648 1.01337458 0.005558
25.780495 1.02390033 0.003372
25.791479 1.00676371 0.004396
25.853109 1.01041360 0.004084
25.879029 1.01314025 0.005791
25.891946 1.00595627 0.006239
25.900948 1.01687813 0.003387
25.908994 1.00241759 0.004034
25.957745 1.00762171 0.003586
25.992388 1.01076721 0.006623
25.995314 1.01021128 0.006054
26.010788 1.00589456 0.004029
26.030181 1.00609960 0.003469
26.042899 1.01881274 0.005534
26.044324 0.99689541 0.003995
26.088112 1.00817036 0.007880
26.097728 1.00952149 0.007851
26.102961 1.02024451 0.007356
26.108428 1.00545069 0.007255
26.125809 1.00554944 0.004687
26.128807 1.00141747 0.005983
26.135498 1.00180114 0.007204
26.136794 1.01053583 0.007631
26.162258 1.01158803 0.007649
26.173053 0.99931244 0.007868
26.216126 1.00642462 0.007243
26.221556 1.01091658 0.007275
26.296453 1.00825669 0.005752
26.383962 0.99982858 0.007485
26.391500 1.00300080 0.005145
26.395346 1.01279376 0.004509
26.398947 1.00651461 0.003386
26.424302 1.00151288 0.004863
26.439899 1.00378077 0.006431
26.440791 1.00349823 0.005770
26.497142 1.00003487 0.003829
26.511468 0.99881498 0.003806
26.533876 1.00028722 0.004482
26.534771 1.00347565 0.006375
26.548583 1.00225679 0.004536
26.553267 1.00413155 0.007970
26.559478 0.99660965 0.005251
26.609443 1.00286456 0.003877
26.662147 0.99974021 0.004155
26.664407 0.99784387 0.007246
26.667766 1.00172199 0.005546
26.709505 1.00221580 0.006013
26.710005 0.99205558 0.006000
26.770027 0.99123281 0.003685
26.775156 1.00934795 0.004302
26.784500 0.94487693 0.007430
26.789480 1.00375990 0.005328
26.884786 1.00773676 0.007596
26.895711 0.99729019 0.007432
26.908167 0.99521686 0.005413
26.984380 0.99946697 0.003180
26.998693 0.99402115 0.007150
27.010006 1.00274047 0.007502
27.016067 1.00643299 0.007161
27.034479 1.00617167 0.004787
27.059567 0.99284927 0.005829
27.117900 0.99626942 0.004688
27.118391 0.99303161 0.006510
27.133482 0.99904955 0.007926
27.186211 1.00683265 0.003302
27.243934 0.99739556 0.006736
27.316008 0.99953448 0.007129
27.317167 0.98065484 0.007611
27.319849 1.04155266 0.006380
27.356782 1.00447063 0.006484
27.433366 1.00528206 0.004418
27.435292 0.98941863 0.006511
27.450875 1.00468859 0.003216
27.483334 0.99245611 0.004684
27.519115 1.00253904 0.007498
27.523198 0.99860619 0.005593
27.524863 0.99752029 0.007849
27.560075 0.99629622 0.003224
27.602831 0.99574582 0.006276
27.611413 1.00108809 0.007881
27.630973 1.01022359 0.007276
27.677710 0.99862142 0.005976
27.680711 0.96977723 0.003461
27.691984 1.00174684 0.006677
27.732683 0.99345194 0.006369
27.743433 1.00031001 0.003889
27.766012 0.99126706 0.003830
27.869482 1.00352303 0.004432
27.902270 1.00448186 0.006873
27.917676 0.99938748 0.007744
27.923069 0.99993096 0.008000
27.933730 0.99677529 0.006577
27.953059 0.99960077 0.004795
27.971322 1.00625991 0.006381
27.984348 1.00469035 0.003080
27.987395 1.00050575 0.004833
27.999876 1.00062294 0.007733
28.026401 0.99537666 0.005334
28.086102 1.00232211 0.007406
28.097246 1.04746411 0.007279
28.104465 0.99412884 0.005956
28.110827 0.99045863 0.007816
28.111645 1.00297436 0.003048
28.151599 0.99551190 0.007879
28.195664 0.99510751 0.004150
28.204888 0.99612957 0.005365
28.230428 0.99314306 0.003843
28.234976 0.99447755 0.003223
28.254179 1.00239382 0.003004
28.272721 1.00230538 0.004852
28.306357 0.98526244 0.004180
28.324711 0.99684313 0.006409
28.332152 0.99943529 0.003519
28.372904 0.99751100 0.005352
28.377113 0.99120694 0.004775
28.391138 0.99164548 0.006420
28.391568 0.99366009 0.007559
28.410225 0.99175874 0.007719
28.411810 0.99114383 0.004119
28.465318 0.99501226 0.006378
28.481012 0.99765989 0.005438
28.485419 0.99011383 0.003663
28.491463 0.98812133 0.007996
28.494842 0.99222767 0.007659
28.494908 0.98657238 0.004461
28.503178 0.99271359 0.005819
28.514107 0.99285272 0.003487
28.517791 0.99976367 0.005834
28.542918 1.00053763 0.006233
28.544238 0.99201419 0.003629
28.567541 0.99094176 0.005069
28.575662 0.99404953 0.005288
28.581683 0.98699497 0.004751
28.624474 0.99832807 0.005951
28.642735 0.99327356 0.003019
28.648004 0.99223440 0.005718
28.673111 0.98351666 0.007908
28.676275 0.98520560 0.007948
28.720473 0.98705758 0.007987
28.744434 0.99106897 0.004759
28.755234 0.99447049 0.004220
28.755274 0.99026736 0.004675
28.785221 0.98647200 0.007079
28.839738 0.98833264 0.003303
28.900380 0.99026375 0.003166
28.957142 0.98262946 0.006029
28.978722 0.97184413 0.004920
28.982240 0.99541626 0.005689
29.012794 0.98868798 0.006489
29.014204 0.98605221 0.004881
29.020018 0.98045511 0.003467
29.038122 0.99257600 0.005671
29.042618 0.98803245 0.005550
29.052257 0.98134706 0.003010
29.067234 0.98541443 0.006246
29.078263 0.98917712 0.006652
29.102759 0.98685942 0.007806
29.166623 0.98845620 0.003137
29.207800 0.97490258 0.006677
29.208840 0.97944573 0.003540
29.223890 0.98169669 0.007798
29.240382 0.98892476 0.007217
29.248996 0.98238286 0.007817
29.265182 0.97324290 0.007536
29.287428 0.97874099 0.007267
29.293183 0.97484220 0.003813
29.306653 0.98016600 0.005638
29.325003 0.98359660 0.006634
29.356270 0.98156175 0.003787
29.372594 0.97520031 0.004992
29.382073 0.98536368 0.007766
29.383366 0.97671706 0.003623
29.391702 0.97735954 0.004654
29.397893 0.98833866 0.004586
29.461058 0.97375712 0.003254
29.517285 0.97445144 0.005391
29.543924 0.97160125 0.007293
29.584477 0.98182184 0.007785
29.584776 0.96975105 0.006534
29.606825 0.97510876 0.003458
29.610021 0.97283860 0.004362
29.627763 0.96795672 0.006941
29.676653 0.96720436 0.005061
29.694645 0.96571982 0.004538
29.703928 0.97493107 0.003227
29.739261 0.96648161 0.005348
29.775084 0.97781287 0.007545
29.790397 0.98124258 0.005385
29.833601 0.96675875 0.007682
29.835353 0.97256689 0.006966
29.840732 0.97248423 0.007782
29.846835 0.97148821 0.003825
29.866765 0.98272306 0.005261
29.872988 0.96726829 0.005731
29.909611 0.96641144 0.006619
29.925379 0.97049498 0.003903
29.927283 0.97002305 0.004679
29.952907 0.97707352 0.004796
30.004390 0.97695241 0.007365
30.028862 0.97486854 0.005239
30.033940 0.97831118 0.007750
30.039756 0.96627632 0.004815
30.049683 0.96904420 0.006152
30.053379 0.97322076 0.003500
30.064374 0.96711639 0.006207
30.077187 0.97736676 0.004105
30.077491 0.96766177 0.005326
30.092642 0.97097270 0.005905
30.104371 0.97744696 0.006974
30.129997 0.97794377 0.005552
30.159989 0.91166525 0.004036
30.191285 0.98188541 0.007620
30.211495 0.97978871 0.007776
30.254006 0.97425126 0.007971
30.266585 0.97423479 0.005406
30.272979 0.97505250 0.003808
30.273695 0.97792216 0.003709
30.275409 0.97568622 0.004070
30.311207 0.96795199 0.004963
30.326843 0.97695142 0.004573
30.336574 0.97925452 0.003728
30.395957 0.97923059 0.007515
30.412600 0.97215410 0.005219
30.430848 0.98426947 0.004274
30.443673 0.97290951 0.003638
30.462117 0.98251001 0.006203
30.494051 0.98316516 0.005534
30.522269 0.98008229 0.007959
30.535354 0.97992039 0.006382
30.570004 0.98596863 0.007635
30.577122 0.97506789 0.005904
30.578578 0.97442797 0.004137
30.580090 0.97341310 0.006814
30.612300 0.98612223 0.003735
30.617802 0.98888668 0.005716
30.618073 0.98499460 0.007862
30.631964 0.99210190 0.005156
30.632886 0.97872679 0.004577
30.639102 0.98731719 0.003402
30.651068 0.99034041 0.006050
30.676758 0.98801828 0.004629
30.703644 0.98187728 0.007404
30.727905 0.98608132 0.007153
30.737996 1.05457310 0.007999
30.752169 0.98337538 0.004258
30.759501 0.98754157 0.003005
30.784583 0.98388262 0.003360
30.889311 0.99252390 0.007681
30.905033 0.96270670 0.004924
30.920739 0.99462521 0.003483
30.927123 0.99840812 0.007963
30.930110 0.99793486 0.003170
30.931118 0.99092125 0.007380
30.931191 0.98676712 0.005975
30.942177 0.99314047 0.006528
30.945719 0.98501271 0.005940
30.975247 0.99542664 0.006496
30.977283 0.99817951 0.007666
30.992994 0.99572881 0.005925
30.999815 0.98871898 0.003779
31.020800 0.99512857 0.005544
31.073884 0.98952537 0.005862
31.078466 0.99974891 0.007107
31.079080 1.00148327 0.004186
31.095006 0.99001983 0.005210
31.166174 1.00343642 0.003512
31.168639 1.00487072 0.007169
31.178695 0.99722246 0.004273
31.190073 1.00408459 0.005461
31.198265 0.99984941 0.006816
31.217379 1.00230190 0.003315
31.264841 1.00763651 0.007371
31.266833 1.00013555 0.005964
31.389782 1.00474488 0.005432
31.407876 1.00836852 0.005045
31.438987 1.00852981 0.006807
31.500568 1.00175523 0.007597
31.501512 1.00324869 0.003123
31.509835 1.00943589 0.005276
31.520171 1.00389373 0.006123
31.528098 1.01070963 0.006055
31.555866 1.01704937 0.003790
31.578394 1.00918491 0.003246
31.578657 1.01427189 0.007290
31.602544 1.01794917 0.003516
31.623391 1.00959448 0.006821
31.688511 1.02479217 0.007171
31.713793 1.01443135 0.007536
31.720263 1.00931825 0.004157
31.722507 1.00716444 0.005146
31.737566 1.01604078 0.005075
31.740653 1.01975800 0.003583
31.760794 1.01887658 0.003190
31.784565 1.02126879 0.006140
31.806503 1.01470765 0.005528
31.812616 1.01379642 0.004261
31.897404 1.01757514 0.005794
31.900041 1.01669764 0.006736
31.912877 1.01175998 0.007255
31.948254 1.01762704 0.006765
31.950490 1.02426444 0.003810
31.959599 1.02969065 0.005068
32.042105 1.02897505 0.003457
32.075988 1.02058996 0.005596
32.078433 1.01789066 0.006473
32.090548 1.02836021 0.003754
32.090855 1.02398027 0.003794
32.123489 1.03303278 0.004087
32.133997 1.02085594 0.003978
32.168405 1.02474792 0.004909
32.170471 1.03356923 0.006342
32.181892 1.02661287 0.004461
32.187363 1.03141906 0.003457
32.242559 1.01766296 0.006138
32.247607 1.03488156 0.004601
32.291423 1.02535442 0.004182
32.292431 1.01528523 0.003726
32.300951 1.02463392 0.004258
32.308857 1.02652866 0.004481
32.322447 1.02029447 0.003454
32.440811 1.03225916 0.006258
32.443547 1.02637344 0.007365
32.451417 1.02388927 0.005327
32.469691 1.02951619 0.006910
32.521814 1.02746987 0.006246
32.527605 1.02402907 0.004409
32.528160 1.03316420 0.004256
32.551988 1.03168617 0.006730
32.561634 1.02598554 0.007104
32.567504 1.01993768 0.003642
32.596020 1.02438063 0.004301
32.599461 1.03357827 0.006100
32.601911 1.03214436 0.007624
32.601970 1.02504157 0.007170
32.609467 1.02367094 0.005526
32.664361 1.02279859 0.004138
32.679876 1.02305229 0.004086
32.695909 1.01750076 0.005812
32.740435 1.01967033 0.007396
32.755669 1.02915185 0.004315
32.767869 1.02978758 0.005321
32.778021 1.03169077 0.007582
32.798905 1.02741088 0.007713
32.815050 1.02333280 0.003081
32.818704 1.01644875 0.004226
32.848276 1.03052383 0.005517
32.849487 1.02641491 0.004430
32.858882 1.02924176 0.007068
32.876965 1.01846595 0.004773
32.884898 1.02172536 0.006341
32.898126 1.01545029 0.007416
32.901538 1.02294882 0.006829
32.906895 1.02670361 0.004554
32.938913 1.01499842 0.006014
32.967631 1.02604686 0.007424
32.987826 1.01752697 0.007990
33.021478 1.00643131 0.003101
33.030176 1.01938497 0.005558
33.033294 1.02524182 0.003573
33.078587 1.01857313 0.004376
33.079040 1.03234139 0.007920
33.082282 1.01758294 0.004058
33.092746 1.01463545 0.007052
33.105689 1.02443800 0.007376
33.157777 1.01099356 0.007841
33.226621 1.01771891 0.003148
33.231435 1.01305901 0.004319
33.293523 1.02670935 0.003068
33.301292 1.01467482 0.004403
33.335259 1.01872351 0.005638
33.354487 1.00984991 0.004836
33.367002 1.01628011 0.006854
33.370370 1.01143909 0.004080
33.374790 1.02081475 0.003337
33.418945 1.01510701 0.003224
33.442683 1.02341932 0.004351
33.443861 1.01775434 0.005730
33.444281 1.01657837 0.005225
33.457640 1.01580866 0.003034
33.468869 1.01526137 0.003690
33.487090 1.01846826 0.005066
33.506225 1.01164460 0.005708
33.514673 1.01411448 0.007605
33.547517 1.00722373 0.007423
33.558312 1.00574911 0.004962
33.565360 1.01041558 0.007895
33.623134 1.02016491 0.005653
33.625474 1.00674533 0.007078
33.640611 1.00541985 0.005232
33.642711 1.01905442 0.004176
33.655053 1.01614409 0.004139
33.682012 1.01014686 0.003296
33.684521 1.01342976 0.007105
33.693343 1.00461224 0.007942
33.708698 1.00979216 0.003667
33.724918 1.01686109 0.005637
33.747634 1.01380352 0.003311
33.758981 1.00691896 0.007619
33.810017 1.01235245 0.003140
33.817753 1.00139428 0.003179
33.830595 1.00424188 0.005824
33.831276 1.01116429 0.006160
33.833839 1.01098875 0.006174
33.850150 1.00452412 0.007514
33.858972 1.00658623 0.005202
33.892733 1.00514182 0.003123
33.903628 1.00788751 0.004571
33.912874 0.99861015 0.004189
33.922388 1.00251624 0.005634
33.934212 1.00247809 0.004071
33.996880 0.99605723 0.007422
34.017115 1.00010759 0.007731
34.017462 0.99841748 0.006943
34.017865 1.00324997 0.003997
34.030717 1.00582274 0.007275
34.039856 1.01130130 0.006134
34.109274 1.00128624 0.005090
34.159492 1.01155857 0.005168
34.169633 1.00648381 0.006519
34.186112 0.99379194 0.003206
34.206613 1.00195853 0.004552
34.217379 1.00770333 0.004232
34.242439 0.99838616 0.003462
34.254177 0.99766146 0.007924
34.282108 0.99018932 0.007330
34.286957 1.00344673 0.005471
34.323225 0.99875146 0.006308
34.357015 0.99795695 0.005165
34.381631 0.99915926 0.006091
34.396396 1.00303585 0.004806
34.408274 1.00039134 0.006688
34.454069 0.99759214 0.007349
34.458555 1.00299925 0.006481
34.470267 1.00336799 0.003098
34.483383 1.00688281 0.005394
34.487128 0.99536678 0.005707
34.491891 1.01590846 0.003747
34.529290 1.00940982 0.006653
34.538666 1.00383525 0.007735
34.557697 1.00319678 0.005845
34.565618 1.00245587 0.004935
34.573365 0.99304045 0.007444
34.606555 1.00413440 0.004608
34.609641 0.99645478 0.006203
34.644756 1.00188004 0.007558
34.684955 1.00224593 0.005044
34.727460 1.00037089 0.003975
34.770536 0.99056919 0.007028
34.791879 1.00181395 0.007059
34.811138 0.99932887 0.004680
34.812517 1.00194151 0.006165
34.829908 0.99858368 0.005721
34.830871 1.00407934 0.004360
34.837436 1.00729699 0.005467
34.871749 1.00584188 0.005321
34.879729 1.00448353 0.003956
34.891941 0.99938283 0.003574
34.898653 0.99851969 0.007255
34.899305 1.00733812 0.006295
34.949224 0.99712490 0.007983
34.955127 1.00253167 0.003490
34.974206 1.00683582 0.005540
34.976632 1.00120189 0.004283
34.982214 0.99720307 0.003664
34.998974 0.99556202 0.004758
34.999297 1.00323626 0.004270
35.015872 0.99783288 0.003071
35.034759 0.99836453 0.006953
35.037780 0.99988325 0.003951
35.044411 0.99749088 0.003699
35.048609 1.00329080 0.007508
35.064651 1.00767069 0.005656
35.073627 0.99832117 0.003222
35.083586 0.99806684 0.006713
35.170531 1.00460086 0.006751
35.170620 1.00217461 0.007875
35.191298 0.99513966 0.003158
35.191604 1.00467092 0.006014
35.200157 0.99288787 0.007955
35.221414 1.00505842 0.005574
35.246099 0.99465796 0.006778
35.253202 0.99602248 0.006186
35.255888 1.00804894 0.007080
35.305954 0.99330742 0.007299
35.336546 0.99597202 0.006377
35.340342 0.99916557 0.004606
35.346504 0.99776815 0.006784
35.355713 0.99056543 0.006784
35.373083 0.99177837 0.004742
35.375665 1.00148118 0.006474
35.392786 1.00181829 0.005135
35.430786 1.00270339 0.003434
35.432060 0.99218007 0.007844
35.436394 0.99593669 0.005304
35.448072 1.00188138 0.003138
35.456350 0.99880582 0.006828
35.463617 1.00211043 0.005741
35.475176 0.99844045 0.005580
35.508663 1.00247770 0.003852
35.511955 1.00229628 0.005850
35.523136 1.00007751 0.003329
35.528648 0.99416964 0.006139
35.562573 0.98933727 0.003380
35.583878 0.99965235 0.004620
35.603198 1.01201276 0.003695
35.622144 0.99218172 0.006025
35.669387 0.99783855 0.003866
35.702935 1.00522850 0.003609
35.706010 0.99457991 0.004068
35.734798 1.00084116 0.007922
35.761324 0.99948254 0.003944
35.799339 0.99704530 0.007530
35.811650 1.00184295 0.006684
35.815074 0.99508305 0.005901
35.823534 0.99802794 0.004329
35.830036 0.99341945 0.003107
35.850658 0.99857699 0.005183
35.858996 1.00153617 0.004050
35.878106 1.00000399 0.004377
35.879932 1.00307613 0.004560
35.896245 1.00168587 0.007479
35.910296 0.99911117 0.005598
35.912814 1.00270852 0.003116
35.954018 0.99712193 0.003276
35.965858 1.00699675 0.003795
35.968877 1.00228949 0.007059
35.983723 0.99438518 0.004786
35.999492 0.99235701 0.005409
36.008184 0.99877311 0.006112
36.010187 0.98721271 0.003111
36.080967 0.99336029 0.006131
36.089535 0.99862309 0.005650
36.127502 0.99961442 0.005307
36.160742 0.99586595 0.007728
36.185702 0.99717923 0.005793
36.188714 0.99925659 0.006142
36.202582 0.99339326 0.007577
36.207823 1.00365710 0.005233
36.209165 0.99592369 0.007812
36.250904 0.99741535 0.003056
36.286847 0.99286557 0.004291
36.307814 0.99628505 0.004764
36.327251 0.98631744 0.007973
36.342342 0.99472904 0.005688
36.346773 0.99286656 0.007006
36.369854 0.98333392 0.006081
36.372743 0.98369522 0.003123
36.382096 0.98889016 0.006067
36.382600 0.99125227 0.005946
36.403209 0.98665681 0.006466
36.421230 0.99881549 0.005636
36.445091 0.99498822 0.007628
36.467537 0.99154869 0.004715
36.472495 0.98286277 0.007948
36.494027 0.98772385 0.003642
36.516472 0.98355376 0.003406
36.524999 0.98513470 0.005259
36.532416 0.99553512 0.007292
36.552533 0.98905124 0.005635
36.553335 0.98802718 0.003334
36.559737 0.98796560 0.004177
36.583927 0.98284193 0.007444
36.609747 0.97211890 0.004619
36.664135 0.99285976 0.004271
36.686957 0.98469775 0.005382
36.687540 0.98679186 0.003955
36.689405 0.98503511 0.006946
36.721751 0.98578174 0.007813
36.725014 0.99041575 0.005498
36.744027 0.98201051 0.006774
36.762295 0.99179000 0.005961
36.783949 0.98364292 0.003685
36.797765 0.97843293 0.005062
36.818670 0.98391686 0.007718
36.827337 0.97962629 0.004724
36.848758 0.98822661 0.004416
36.890465 0.98230950 0.005694
36.912863 0.97880915 0.006557
36.942475 0.98792745 0.005736
36.980012 0.98275172 0.007532
36.980298 0.97826413 0.005162
37.012098 0.97654221 0.005079
37.017460 0.97985341 0.004451
37.025147 0.98213691 0.007840
37.032127 0.97534748 0.003797
37.049304 0.97809478 0.003419
37.055228 0.98091841 0.005103
37.063413 0.97623766 0.007736
37.097486 0.98670134 0.005338
37.108724 0.97710624 0.007193
37.114827 0.97842763 0.004952
37.163228 0.98589523 0.006228
37.163744 0.98186820 0.004634
37.173101 0.98289444 0.006153
37.183321 0.97621901 0.003432
37.191212 0.97089856 0.003122
37.195464 0.97733174 0.007515
37.209033 0.97958683 0.006824
37.254566 0.97618609 0.006838
37.256983 0.98743079 0.004904
37.331170 0.97805387 0.003808
37.336809 0.97769254 0.003061
37.340702 0.97917248 0.005552
37.342272 0.97303806 0.004983
37.383962 0.97286576 0.004545
37.391513 0.96625430 0.004969
37.401295 0.97210147 0.003777
37.443547 0.98255486 0.003080
37.462075 0.96986490 0.005499
37.494432 0.96744531 0.003069
37.514189 0.97712426 0.005870
37.524311 0.97369025 0.003601
37.547962 0.97840996 0.005258
37.567931 0.97295556 0.007784
37.579225 0.97287515 0.007123
37.597801 0.97421621 0.003725
37.606403 0.97824757 0.005291
37.608688 0.97711649 0.004245
37.653866 0.97952699 0.005885
37.667969 0.98321269 0.007221
37.726271 0.97252358 0.006930
37.777939 0.96428999 0.004722
37.812683 0.96993233 0.006845
37.824928 0.97306060 0.004768
37.848594 0.97513578 0.003950
37.850458 0.97784208 0.007215
37.915855 0.97619711 0.003467
37.990048 0.97549709 0.006680
38.021454 0.97332700 0.003326
38.037273 0.97778858 0.005555
38.053446 0.96744649 0.004235
38.057369 0.98113269 0.003781
38.058018 0.98475822 0.005985
38.110322 0.97883263 0.004172
38.125216 0.97891101 0.003260
38.146879 0.97778206 0.004971
38.183855 0.98228568 0.006030
38.244791 0.97643166 0.007526
38.247932 0.98556077 0.006856
38.263147 0.98232971 0.003970
38.265265 0.98424674 0.003040
38.276940 0.98495865 0.007220
38.290009 0.98340702 0.005644
38.290832 0.97984904 0.004619
38.296654 0.98160862 0.003437
38.364906 0.97859611 0.006025
38.387727 0.98444289 0.004607
38.398937 0.98358632 0.003469
38.400333 0.98141451 0.005000
38.402963 0.98531221 0.005036
38.421876 0.99510185 0.005729
38.430679 0.98392556 0.003712
38.452039 0.98092729 0.005385
38.474631 0.98288045 0.007085
38.502872 0.97394337 0.005806
38.508032 0.98753998 0.006540
38.601100 0.98010466 0.004444
38.640901 0.99568710 0.006243
38.647530 0.98433660 0.003606
38.668318 0.98301321 0.003057
38.726918 0.98442018 0.003071
38.728268 0.98390693 0.007849
38.735971 0.98905310 0.007824
38.736707 0.99397873 0.004737
38.774973 0.98335841 0.004372
38.792132 0.98597296 0.004401
38.842793 0.98587257 0.006113
38.845600 0.99300420 0.005026
38.865928 0.99662033 0.007490
38.880523 0.99160540 0.006826
38.920316 0.99348861 0.003444
38.927395 0.99357743 0.007400
38.958831 1.00012829 0.003591
38.970772 1.00019148 0.003479
38.996073 0.99838970 0.003215
39.003586 1.00257448 0.003215
39.013833 0.98915202 0.003161
39.064640 1.00156616 0.003319
39.093107 1.00233200 0.004729
39.095784 1.00830078 0.004433
39.150232 1.00430238 0.004896
39.158243 1.00536602 0.003914
39.214620 1.01604958 0.006960
39.225676 1.00431052 0.004538
39.261952 1.01613861 0.006491
39.266039 1.00501675 0.007292
39.271843 1.00954510 0.007609
39.319023 1.00464224 0.007555
39.433809 1.01914800 0.005474
39.459198 1.01644738 0.004044
39.462882 1.02322466 0.005354
39.507406 1.01495219 0.005150
39.540791 1.01452060 0.003751
39.545691 1.03278366 0.006932
39.572444 1.01598649 0.005628
39.594658 1.01312434 0.005844
39.616883 1.01324780 0.004901
39.635687 1.02094320 0.003772
39.636518 1.02797150 0.006354
39.658760 1.03220317 0.005393
39.715064 1.02139370 0.006320
39.716097 1.02598957 0.007054
39.735032 1.02092299 0.007184
39.755714 1.02567507 0.007612
39.756212 1.02496890 0.007823
39.768880 1.01764101 0.007863
39.818166 1.02269998 0.004443
39.824465 1.01806829 0.007592
39.834533 1.02170908 0.005014
39.868291 1.01657213 0.007358
39.881905 1.02717595 0.004222
39.926798 1.02086950 0.003785
39.956677 1.02615646 0.005412
39.977046 1.02905875 0.007434
40.005180 1.02465506 0.006099
40.051476 1.02374955 0.005509
40.068624 1.02862700 0.004228
40.112586 1.02514441 0.006270
40.125222 1.02282442 0.006552
40.128886 1.02756598 0.007262
40.142686 1.02382461 0.007569
40.168692 0.98455026 0.005492
40.194857 1.03516574 0.006361
40.212499 1.02379494 0.007398
40.214697 1.02825001 0.006300
40.215619 1.02664129 0.003116
40.225719 1.02163777 0.007028
40.240496 1.02351055 0.005967
40.306886 1.02364732 0.004268
40.307563 1.02585048 0.004410
40.333518 1.02610348 0.006061
40.375008 1.03158316 0.004843
40.399529 1.05225835 0.004318
40.407583 1.01605673 0.003182
40.424087 1.02150741 0.006566
40.457551 1.02607117 0.007393
40.481157 1.03200306 0.007699
40.489239 1.02558105 0.003952
40.498383 1.03062479 0.004267
40.501569 1.01911482 0.004146
40.545291 1.01581793 0.005752
40.574569 1.02432353 0.005069
40.579436 1.02199861 0.005860
40.621560 1.02412105 0.006022
40.639515 1.03041769 0.003762
40.643883 1.02135942 0.005205
40.651644 1.02397837 0.005900
40.680431 1.02389490 0.005392
40.708641 1.02150192 0.003076
40.735952 1.02563611 0.005921
40.746431 1.00563845 0.007722
40.747684 1.02163136 0.006070
40.752240 1.03036975 0.003286
40.781723 1.01749887 0.007526
40.809441 1.01979131 0.007573
40.815627 1.02138630 0.007825
40.869769 1.02907812 0.007596
40.901759 1.01900981 0.003495
40.908251 1.01244789 0.004332
40.918000 0.98589423 0.007455
40.947198 1.02075708 0.006642
40.948553 1.02622441 0.007058
40.983408 1.01837996 0.006454
40.985095 1.01386744 0.003071
41.007341 1.01815401 0.004446
41.011161 1.02651646 0.005980
41.013269 1.02008274 0.003460
41.018072 1.02186254 0.007191
41.021287 1.01645527 0.007798
41.027583 1.02067295 0.006841
41.028512 1.01947710 0.003213
41.029403 1.01078767 0.007662
41.059357 1.02615284 0.003571
41.076540 1.02139371 0.004872
41.079829 1.02545770 0.007126
41.110855 1.02341810 0.004246
41.146941 1.01074196 0.005256
41.163521 1.02250591 0.004565
41.170538 1.02658179 0.003355
41.217937 1.02107288 0.003868
41.255883 1.01225351 0.004697
41.279834 1.00949615 0.004578
41.286860 1.01470007 0.003812
41.314389 1.01196679 0.007418
41.318949 1.01088002 0.007351
41.321704 1.01677681 0.007844
41.324707 1.01675619 0.003878
41.366889 1.01255899 0.004665
41.400571 1.00596848 0.004677
41.403121 1.00694704 0.004886
41.404607 1.01239341 0.006592
41.460406 1.00920705 0.004440
41.462872 1.01214303 0.005316
41.525014 1.01614553 0.003929
41.546847 1.01142374 0.007636
41.582694 1.00349213 0.005357
41.611111 1.00468615 0.007569
41.611584 1.01306407 0.005801
41.624666 1.00284606 0.007092
41.646794 1.00146178 0.003196
41.648495 1.01132209 0.006725
41.695139 1.00704923 0.003400
41.696244 1.00946157 0.004065
41.713910 1.00413256 0.007554
41.721456 1.01352698 0.007669
41.768162 1.00348880 0.007620
41.792823 1.00964674 0.006532
41.801783 1.01056769 0.006860
41.853729 1.00539411 0.003244
41.891594 0.99662837 0.003369
41.926772 0.99965954 0.003652
41.935164 0.99195021 0.006218
41.944541 1.00149100 0.003425
41.961283 1.00206702 0.007448
42.033563 0.99867636 0.007601
42.038795 1.00743414 0.004791
42.040886 1.00085022 0.007433
42.076250 1.00235320 0.004457
42.119575 1.01732265 0.006764
42.131374 1.00666758 0.004041
42.157693 0.99904059 0.003234
42.161295 1.00158242 0.003123
42.163662 1.00599624 0.007598
42.191790 1.01014185 0.006786
42.267877 1.00001877 0.006809
42.289769 0.99805720 0.006282
42.293057 1.00239795 0.006741
42.298328 1.00147712 0.003910
42.336549 0.99886078 0.006239
42.340284 1.00518973 0.003584
42.341874 1.01323403 0.004895
42.370848 1.00462666 0.005112
42.372652 0.99805061 0.006689
42.396161 0.99988648 0.006168
42.404485 1.00544661 0.003348
42.432731 1.00453793 0.007656
42.498724 1.01163831 0.004173
42.524665 1.00623223 0.006933
42.563390 1.01121625 0.003320
42.598626 1.00544677 0.003500
42.602886 0.99580465 0.004648
42.646928 1.00459108 0.004769
42.654687 0.99819628 0.005475
42.657019 0.99778056 0.007287
42.667533 1.00302281 0.004828
42.672201 1.01019558 0.005680
42.691281 0.99967007 0.003292
42.718836 1.01062859 0.005095
42.763678 1.00668084 0.003994
42.777483 1.00306449 0.006793
42.783142 0.99613735 0.006655
42.797610 0.99938451 0.005563
42.797839 1.00893872 0.007513
42.877442 1.00646171 0.007008
42.892754 1.00243998 0.003529
42.917756 0.99890003 0.003201
42.921201 0.99727039 0.004457
42.921710 0.99995620 0.007015
42.932197 1.00868046 0.004944
42.936194 1.00133952 0.003833
42.936285 1.00072182 0.006101
42.936350 1.00184350 0.007445
42.954624 0.99833331 0.003708
42.962796 1.00590261 0.007787
42.988625 1.00204392 0.006689
42.993124 0.99539895 0.005072
43.069033 1.00274088 0.005115
43.096137 1.00190951 0.003989
43.101034 0.99805814 0.004011
43.120104 1.00378162 0.007605
43.121906 0.98718008 0.004752
43.136482 1.00650279 0.007798
43.142446 0.99853899 0.004604
43.143960 0.99045804 0.004145
43.172412 1.00613500 0.005091
43.196050 1.00080751 0.005576
43.210973 1.01036816 0.006804
43.229675 0.99127053 0.005407
43.259529 1.00311262 0.006273
43.266598 1.00616861 0.004873
43.267236 0.99819039 0.003712
43.274959 0.99270520 0.006371
43.275688 0.99392438 0.007425
43.300263 1.00201108 0.007072
43.305631 0.96307855 0.006712
43.313914 1.00328593 0.003712
43.316424 1.00317404 0.006793
43.341943 1.00804724 0.004332
43.362840 0.99382436 0.006045
43.383413 0.99193606 0.006202
43.386040 1.00033643 0.005961
43.400190 0.99584947 0.006694
43.455897 0.99472247 0.004734
43.467215 0.99909179 0.006879
43.479898 1.00066009 0.004868
43.493564 1.00439708 0.007286
43.506175 1.00321431 0.005932
43.520012 1.00856817 0.003231
43.533515 0.99948933 0.003977
43.561855 0.99076091 0.003035
43.564386 0.99483128 0.004643
43.587115 1.00319393 0.003752
43.589199 1.00065621 0.003841
43.598823 1.00370691 0.003691
43.639008 0.99138622 0.006693
43.656260 0.99915339 0.004788
43.680496 0.98951554 0.005014
43.705676 0.99991662 0.005853
43.746585 0.99660949 0.003144
43.767702 0.99905402 0.007646
43.776496 0.99073698 0.003160
43.808289 1.00173100 0.004216
43.857523 0.99621310 0.007567
43.860686 0.99758391 0.006369
43.887257 0.99510674 0.004944
43.953195 0.99452378 0.005318
43.961331 0.98656581 0.003617
44.031399 0.99041314 0.007041
44.037267 0.99895118 0.004488
44.046480 0.99927264 0.004194
44.049341 0.98983179 0.004134
44.130387 0.99650229 0.007744
44.131199 0.99049459 0.004599
44.182033 0.99550995 0.007473
44.183802 0.98728338 0.006638
44.195671 0.99390682 0.004138
44.210874 0.98637180 0.005179
44.218619 0.98323279 0.003127
44.231930 1.00188058 0.003375
44.233497 0.99698444 0.005143
44.238589 0.99718350 0.003176
44.245018 0.99309481 0.003938
44.263593 0.98905220 0.007712
44.292790 0.99019901 0.007587
44.301330 0.99545733 0.007960
44.307682 0.98816608 0.004487
44.315298 0.98040105 0.003345
44.319439 0.99703869 0.005559
44.319972 0.98622585 0.007085
44.327287 0.98566158 0.007844
44.335126 0.98450873 0.006700
44.338854 0.98056432 0.003157
44.389218 0.98610090 0.006958
44.401158 0.99293849 0.006590
44.465108 0.99195488 0.003674
44.465292 0.99839643 0.003069
44.470163 0.99417419 0.005249
44.470783 0.98469117 0.005688
44.522613 0.98963095 0.005828
44.552023 0.98386222 0.007362
44.577734 0.98408071 0.005687
44.579584 0.98645388 0.003990
44.583474 0.98998096 0.006090
44.648492 0.98476515 0.003166
44.649055 0.99813558 0.005429
44.651415 0.97778380 0.005037
44.659201 0.97773195 0.006940
44.703409 0.98628472 0.003076
44.712470 0.97177535 0.005115
44.717973 0.97797856 0.004089
44.726313 0.98261219 0.004681
44.735740 0.98200211 0.006765
44.741754 0.99046743 0.007919
44.751232 0.97596428 0.007276
44.774387 0.97517282 0.003127
44.789861 0.97601459 0.006011
44.802401 0.98219565 0.003665
44.872935 0.98636731 0.006747
44.894343 0.97631176 0.005592
44.895332 0.97615021 0.006960
44.960567 0.99024130 0.006391
44.987437 0.97553646 0.006312
44.990940 0.98072026 0.005592
45.004939 0.97358470 0.007722
45.040678 0.98049526 0.004934
45.083057 0.98304549 0.007710
45.101667 0.97649034 0.003488
45.123018 0.97917629 0.006067
45.133396 0.97022585 0.003077
45.146801 0.98351527 0.006794
45.147400 0.98163063 0.003167
45.279887 0.96878743 0.006390
45.281925 0.96907117 0.005790
45.354960 0.97777078 0.006918
45.422264 0.96731481 0.004145
45.423725 0.96480167 0.006136
45.425431 0.97409741 0.004708
45.427030 0.97034664 0.007398
45.454141 0.97642472 0.007716
45.464448 0.97963432 0.005236
45.465551 0.97188219 0.006043
45.485292 0.97155287 0.003107
45.497601 0.98052924 0.007737
45.534890 0.97174132 0.005789
45.549589 0.96758231 0.007915
45.554198 0.97071289 0.007283
45.555720 0.97844772 0.003078
45.564526 0.97188838 0.006815
45.567073 0.96303646 0.006070
45.569413 0.96680977 0.004507
45.650495 0.97569770 0.005869
45.656926 0.97575922 0.006261
45.664195 0.98048019 0.005490
45.688655 0.97795654 0.007386
45.693261 0.97464985 0.007028
45.764243 0.97475535 0.005128
45.782030 0.98338235 0.003403
45.795146 0.97831993 0.005424
45.804323 0.97564153 0.004926
45.824829 0.97151247 0.004361
45.843507 0.97897942 0.004876
45.866003 0.98216647 0.005850
45.893383 0.97760476 0.006150
45.937229 0.98100361 0.007122
45.940418 0.97616835 0.005092
45.955554 0.97591823 0.005506
45.965786 0.97790720 0.005196
45.981984 0.98094146 0.007681
46.011535 0.98095121 0.007778
46.011796 0.97814973 0.006389
46.028746 0.98350154 0.005481
46.048257 0.98021112 0.005184
46.061078 0.98859779 0.004819
46.078661 0.98215348 0.004505
46.151468 0.97678484 0.005262
46.174661 0.98478967 0.003880
46.176093 0.99002685 0.006765
46.213619 0.98369351 0.005345
46.234728 0.98120056 0.006003
46.262180 0.99192750 0.005544
46.287308 0.97887158 0.003115
46.294326 0.97572482 0.005541
46.321260 0.98670518 0.004895
46.334668 0.98467298 0.006772
46.350900 0.98834172 0.006267
46.365753 0.98775223 0.003397
46.401494 0.98445480 0.003782
46.436582 0.99210553 0.003316
46.440031 0.98765673 0.006896
46.446191 0.99105745 0.006432
46.492945 0.98771521 0.005686
46.502820 0.99396417 0.004339
46.533049 0.99647690 0.003807
46.541873 0.98633434 0.006242
46.550281 0.98973251 0.007804
46.555169 0.98865745 0.006862
46.582606 0.98990206 0.007384
46.585605 0.99549254 0.003949
46.589940 0.99783123 0.004172
46.591581 1.00305993 0.005044
46.597119 0.99464092 0.004358
46.629144 0.99426330 0.003265
46.633340 0.99071977 0.004697
46.646063 0.99189630 0.007928
46.655159 0.99569837 0.005644
46.660804 0.99859867 0.004925
46.678132 0.99126732 0.003437
46.678387 0.99793531 0.004928
46.678927 0.99649937 0.007182
46.688789 1.01689989 0.006536
46.741656 0.99572901 0.003411
46.764153 1.00360724 0.003390
46.779522 1.00094765 0.005657
46.781429 1.00565324 0.004659
46.781458 0.99920091 0.003645
46.820503 1.00209547 0.004830
46.826093 1.00043982 0.006648
46.840579 1.00046217 0.007074
46.844081 1.00789413 0.007358
46.894160 0.99991327 0.003465
46.920473 0.99807158 0.004997
46.931849 1.00259468 0.007698
46.941214 1.00038266 0.003608
46.969346 1.00520868 0.003128
47.013989 1.01134720 0.006876
47.027883 1.00684393 0.004411
47.031984 1.01255076 0.006999
47.036952 1.00082270 0.006323
47.049547 1.00247799 0.006351
47.064408 1.00776639 0.006611
47.106977 1.01242603 0.007766
47.107890 1.01002899 0.005914
47.144781 1.00671490 0.006925
47.162506 1.00458601 0.005380
47.170494 1.01129747 0.007008
47.171328 1.01662547 0.006491
47.205099 1.01371307 0.007490
47.231095 1.01302211 0.004741
47.255056 1.01399629 0.005565
47.264715 1.01219654 0.005123
47.283928 1.02069938 0.006444
47.320194 1.00818007 0.006992
47.360053 1.01479083 0.004785
47.367738 1.01748612 0.005719
47.385251 1.00930115 0.005087
47.392869 1.02596940 0.007838
47.404288 1.01035957 0.005380
47.419730 1.01642489 0.005783
47.430435 1.02969029 0.005684
47.438882 1.01288905 0.005020
47.439997 1.02343271 0.003346
47.445983 1.02206239 0.007936
47.480696 1.02500842 0.007338
47.521608 1.01118460 0.003166
47.546047 1.01887540 0.003679
47.560499 1.02728844 0.005622
47.567591 1.01257643 0.005238
47.569714 0.94682874 0.003135
47.570799 1.02158375 0.003400
47.601418 1.02135166 0.007543
47.618102 1.02123447 0.005335
47.620761 1.02434878 0.004456
47.727892 1.02542873 0.004818
47.746771 1.02729127 0.004350
47.773904 1.02851754 0.004822
47.792098 1.02259095 0.005743
47.800008 1.02356373 0.007298
47.814112 1.01639238 0.004273
47.836909 1.01932446 0.006158
47.859346 1.02421673 0.006953
47.872529 1.02872081 0.004066
47.896186 1.03163964 0.006457
47.928174 1.02343051 0.004670
47.933340 1.02364657 0.006601
48.002944 1.02812148 0.007472
48.050812 1.02606609 0.007274
48.076195 1.02492966 0.006521
48.089529 1.02501294 0.006368
48.089834 1.02445431 0.006383
48.105430 1.03053177 0.005790
48.111790 1.02838214 0.005132
48.140716 1.02698085 0.003513
48.146881 1.03144045 0.003585
48.179244 1.02463697 0.005744
48.184244 1.02480556 0.004271
48.186467 1.02982855 0.003130
48.188437 1.02672088 0.003446
48.254945 1.03508731 0.007185
48.306080 1.02987929 0.004014
48.326179 1.02672152 0.006123
48.329992 1.02659988 0.006502
48.358314 1.02420188 0.005288
48.389625 1.02882408 0.003572
48.434706 1.01552494 0.007623
48.440832 1.02235985 0.003314
48.442469 1.02294932 0.005249
48.445796 1.01991282 0.004721
48.473101 1.01922942 0.003964
48.487714 1.02250326 0.005500
48.509172 1.02381435 0.004049
48.515296 1.02459027 0.007009
48.557242 1.03400114 0.005538
48.566212 1.02701909 0.004805
48.578452 1.02674468 0.006677
48.611862 1.02500243 0.005442
48.613270 1.01366171 0.003996
48.613698 1.02696144 0.007544
48.688628 1.01658327 0.006387
48.696598 1.02637510 0.006050
48.710718 1.02585685 0.004367
48.726432 1.01502785 0.004567
48.812856 1.00693107 0.005861
48.819128 1.02505047 0.006510
48.833646 1.02150777 0.003486
48.841811 1.02306727 0.007591
48.842156 1.01388660 0.003148
48.846039 1.01412658 0.003024
48.848695 1.02610225 0.005522
48.922540 1.01615932 0.007337
48.952247 1.01351241 0.004515
48.956860 1.01793921 0.003234
48.974443 1.01746975 0.007565
48.977469 1.01363182 0.004889
49.006949 1.01849782 0.005731
49.032009 1.01653832 0.006656
49.033251 1.02393100 0.005360
49.043798 1.02086384 0.007430
49.083251 1.01644310 0.005124
49.140335 1.01763095 0.004875
49.140622 1.01106557 0.006066
49.172401 1.00873267 0.003468
49.186171 1.01847527 0.004683
49.238949 1.00797547 0.005349
49.251133 1.00864988 0.003613
49.265368 1.00436088 0.003126
49.300598 1.00822231 0.007496
49.305098 1.01149562 0.005821
49.305468 1.01888445 0.007407
49.347323 1.01156819 0.006855
49.374072 1.00940469 0.007088
49.389435 1.01874061 0.007145
49.399342 1.00453942 0.007832
49.410535 1.00856668 0.005934
49.449101 1.00053644 0.004101
49.459328 1.01073650 0.007979
49.487618 1.01017740 0.004850
49.500469 1.01210501 0.005762
49.533722 1.00755610 0.004797
49.548931 1.00515118 0.007734
49.583574 1.00681388 0.006306
49.603224 1.00476545 0.007299
49.619445 1.00004552 0.007890
49.622764 1.00251298 0.005643
49.649809 1.00928021 0.005969
49.655655 1.01477952 0.007427
49.703830 1.00625582 0.006141
49.767458 1.00908970 0.005515
49.781972 0.99963881 0.006833
49.837883 1.00894395 0.005655
49.852790 1.00109775 0.003017
49.862680 0.99979325 0.006473
49.878592 0.99751370 0.004765
49.949525 1.00563614 0.006752
49.949721 1.00287418 0.004863
49.950744 0.99446470 0.005891
49.988235 0.99494183 0.004376
49.994941 0.99572229 0.005920
