# Star 3 - Telescope tess - Campaign 1
# Time Flux Error
# days relative_flux relative_error
0.009146 0.99688631 0.006080
0.010624 0.99873005 0.005110
0.015175 1.00498847 0.004945
0.030145 1.00702926 0.007073
0.037662 1.00127010 0.007773
0.110727 0.99837102 0.003666
0.114338 0.99705490 0.003200
0.162112 1.00771374 0.005293
0.165543 1.00638840 0.006176
0.174384 1.00136768 0.007002
0.183833 1.00207469 0.004642
0.197864 1.01383001 0.005038
0.200925 1.00987936 0.004491
0.249520 1.01356933 0.007838
0.296044 1.00302097 0.003447
0.310152 1.01387373 0.007944
0.320347 1.01302731 0.006580
0.339835 1.00594480 0.005974
0.348597 1.01099386 0.003099
0.386095 1.00875225 0.007637
0.395451 1.01611558 0.003942
0.404323 1.01684690 0.003495
0.413437 1.01759443 0.004003
0.464482 1.01038796 0.007844
0.489143 1.01121884 0.005604
0.494176 1.01111437 0.005306
0.500617 1.00924789 0.005706
0.524165 1.02002701 0.005931
0.536676 1.01754471 0.006781
0.540629 1.02516678 0.005027
0.542104 1.01711903 0.007175
0.548339 1.02147115 0.005136
0.607120 1.01672137 0.004924
0.608065 1.01254143 0.007901
0.699819 1.02395137 0.005896
0.730302 1.01375862 0.005080
0.740106 1.02660818 0.003148
0.752721 1.02049798 0.003119
0.756373 1.01699249 0.007593
0.759868 1.02655687 0.006540
0.767526 1.03117780 0.004621
0.769476 1.01868236 0.005185
0.779563 1.02421071 0.004994
0.781615 1.01895789 0.003574
0.850116 1.02978341 0.003150
0.879399 1.01481548 0.003488
0.898410 1.01938868 0.004200
0.900891 1.02205354 0.004179
0.915809 1.02458708 0.004173
0.929517 1.02631790 0.005967
1.006326 1.01513828 0.005367
1.068929 0.95385858 0.003239
1.099250 1.02392878 0.007513
1.144642 1.03353465 0.003507
1.152346 1.01997197 0.007064
1.159865 1.01829915 0.003613
1.183489 1.02441659 0.005114
1.224615 1.02517113 0.003871
1.230944 1.03170238 0.007942
1.241653 1.02319506 0.003289
1.248892 1.02808570 0.004488
1.276874 1.02224070 0.005735
1.305781 1.02686962 0.005905
1.324686 1.03563108 0.005264
1.351541 1.01727551 0.004492
1.361145 1.03230518 0.005858
1.418859 1.02909745 0.003467
1.445404 1.02571719 0.003270
1.445512 1.02063841 0.005945
1.452776 1.02257320 0.003443
1.472931 1.02628402 0.006422
1.478113 1.03002649 0.004159
1.486230 1.02213170 0.004644
1.490302 1.02870853 0.005790
1.496379 1.03145640 0.003621
1.502856 1.02395735 0.004626
1.506988 1.03270021 0.003003
1.550627 1.02148571 0.007871
1.552828 1.02787948 0.005226
1.553013 1.03081599 0.007099
1.591085 1.02329797 0.005764
1.610066 1.02092271 0.004074
1.633231 1.03043676 0.005486
1.638638 1.02621857 0.004963
1.663336 1.03181533 0.004092
1.679355 1.02025345 0.006749
1.703393 1.03082317 0.003917
1.715362 1.02480492 0.005088
1.729565 1.02095500 0.006485
1.738211 1.02118769 0.005016
1.738501 1.01642853 0.007197
1.739646 1.02839247 0.003809
1.753789 1.02691054 0.005770
1.755696 1.03265095 0.005377
1.755797 1.02381331 0.007048
1.788373 1.01911559 0.004505
1.806434 1.01980660 0.005605
1.808481 1.01929032 0.003149
1.891282 1.00893822 0.007171
1.892233 1.01493673 0.004314
1.917853 1.01329205 0.005171
1.919241 1.02223464 0.005549
1.919583 1.02190911 0.005545
1.939415 1.02586921 0.006747
1.969927 1.01998100 0.006428
1.973577 1.01711258 0.006514
1.975701 1.02721712 0.004128
1.978681 1.01948952 0.003175
1.983930 1.01682849 0.007978
2.008690 1.01458022 0.003709
2.022203 1.01989618 0.005422
2.028693 1.01711606 0.006048
2.031550 1.01230941 0.006155
2.044874 1.01427702 0.003453
2.049650 1.01661834 0.004827
2.064595 1.01540703 0.007246
2.109036 1.01883345 0.006076
2.113761 1.01024349 0.005989
2.154636 1.01408895 0.003719
2.245344 1.01636523 0.003499
2.264560 1.00756479 0.004196
2.307384 1.01709637 0.003552
2.313381 1.02100937 0.007117
2.393794 1.01115382 0.007245
2.413410 1.01673419 0.007898
2.418426 1.00828975 0.004425
2.423524 1.01143927 0.006266
2.426346 1.00712535 0.006464
2.447178 1.01020665 0.003316
2.472156 1.01264976 0.003212
2.485092 1.01614029 0.005160
2.513156 1.01464074 0.003001
2.525954 1.00954567 0.004990
2.543278 1.01487503 0.004923
2.555475 1.00752758 0.003952
2.567252 1.00787127 0.006048
2.576385 1.00188109 0.004938
2.582110 1.01719571 0.004352
2.583971 1.00587689 0.004785
2.593701 1.00359379 0.005617
2.628981 1.00278730 0.005378
2.647679 1.00600888 0.007758
2.673949 1.00142032 0.005753
2.675379 1.01011058 0.004187
2.679019 1.01341687 0.003063
2.729431 1.00545916 0.007229
2.769240 1.00191653 0.005210
2.769692 1.00671070 0.006867
2.792118 1.01088007 0.003507
2.803899 1.01876182 0.004329
2.808029 1.01277970 0.003714
2.839740 1.00754221 0.003917
2.858189 1.00978474 0.004624
2.862588 1.00527399 0.004305
2.873192 1.01342717 0.003316
2.893585 1.00129949 0.007193
2.907517 1.00634187 0.006299
2.946183 1.00381843 0.004287
3.015126 1.00123495 0.004575
3.031220 1.00812397 0.007109
3.087356 1.00429056 0.006531
3.146458 0.99200904 0.004858
3.186822 1.04659155 0.007635
3.199467 1.00942727 0.005849
3.202848 1.00175921 0.003021
3.205250 1.00067981 0.004612
3.205331 1.00225610 0.005742
3.214957 1.01011278 0.004935
3.288875 0.99850605 0.006421
3.298929 1.00138425 0.003154
3.306773 0.99945823 0.005077
3.307243 1.00550020 0.006883
3.314075 1.00704312 0.007677
3.320128 0.98932574 0.006631
3.335719 0.99787363 0.003287
3.342039 1.00321811 0.006079
3.351590 0.99091026 0.004864
3.356332 0.99878430 0.006916
3.371494 0.99718455 0.007474
3.430763 1.00833832 0.005739
3.463383 1.00468319 0.003994
3.480621 1.00424372 0.003391
3.507039 0.99849895 0.006602
3.520473 1.00082309 0.007207
3.546540 0.99034428 0.005913
3.564315 0.99855970 0.006179
3.565996 0.99622792 0.007861
3.583261 0.99729823 0.005656
3.585466 0.97295610 0.005599
3.592468 1.00852547 0.007344
3.611907 1.00922420 0.007262
3.623541 0.99264387 0.006876
3.629589 1.00518574 0.004669
3.640687 1.00625301 0.005145
3.642212 0.99682288 0.004214
3.648192 1.00225372 0.007187
3.665184 0.99458617 0.005998
3.673061 1.00825818 0.006282
3.695310 1.00286147 0.005953
3.699737 1.00275565 0.004167
3.716308 1.01056284 0.006685
3.724320 1.00154956 0.007076
3.726601 0.99725134 0.007768
3.727112 0.99741942 0.007740
3.733421 0.99771215 0.003987
3.756453 0.99892610 0.006505
3.768527 0.99847707 0.007325
3.789574 1.00193020 0.007137
3.804626 1.00418725 0.006661
3.855007 0.99693666 0.005662
3.899077 1.00059040 0.003225
3.925911 0.99189155 0.007235
3.930962 1.00478076 0.003180
3.935438 0.99993119 0.004090
3.960115 1.00425165 0.006440
3.966248 0.99242082 0.005335
3.976311 0.99870325 0.003670
4.024843 1.00230018 0.006358
4.077552 0.99106433 0.003628
4.109915 1.00388080 0.006466
4.136122 0.99850328 0.007705
4.157871 1.00141130 0.004249
4.163281 1.00269183 0.004229
4.165265 0.99686898 0.003111
4.189474 0.99742120 0.003908
4.196548 1.00139868 0.003235
4.246406 1.00154190 0.006590
4.248116 1.01077464 0.005279
4.249833 0.99527213 0.003175
4.257033 0.99851028 0.005500
4.273527 0.99316837 0.003988
4.308352 1.00370902 0.005372
4.320696 1.00472761 0.005025
4.324268 1.00273285 0.007508
4.394124 0.98875281 0.004610
4.400219 0.99163204 0.007057
4.408798 0.99830603 0.005282
4.418922 0.99833813 0.007895
4.421856 1.00381303 0.003479
4.517406 1.00327403 0.006478
4.530912 1.00048497 0.007378
4.549561 0.98986508 0.005851
4.564228 0.99995996 0.004302
4.621949 1.00088647 0.004301
4.652635 1.00191919 0.005782
4.660236 0.99244137 0.003780
4.694794 1.00975730 0.003771
4.757845 0.99944039 0.006111
4.813514 0.99898507 0.006117
4.819591 0.99623129 0.006348
4.826515 0.99294859 0.005253
4.878123 0.98972362 0.003106
4.901138 0.99566212 0.003329
4.905622 0.99002950 0.003938
4.918602 0.99575648 0.004317
4.944043 0.99028975 0.005251
4.964741 0.98897782 0.007027
4.991945 0.99739240 0.004302
5.017481 0.99690932 0.006645
5.024481 1.00084256 0.007596
5.031635 0.98921448 0.006631
5.046652 0.98594231 0.007471
5.054330 1.00160310 0.004286
5.071525 1.00815161 0.004525
5.122665 1.00073148 0.003748
5.155452 0.99283947 0.007084
5.233804 0.99607701 0.003909
5.311132 0.99022872 0.004631
5.322747 0.98731786 0.006744
5.399201 0.98724391 0.003100
5.405344 0.98371516 0.005131
5.426659 0.98400739 0.005420
5.427178 0.98901314 0.005698
5.526253 0.98451954 0.004347
5.528433 0.98269986 0.006964
5.546872 0.98714103 0.003193
5.557053 0.98486457 0.005003
5.575319 0.87035410 0.004113
5.609869 0.98402745 0.005360
5.617984 0.98949146 0.003004
5.649770 0.99031243 0.006326
5.659154 0.98950182 0.003863
5.695902 0.98207843 0.004501
5.703891 0.98343201 0.005160
5.711204 0.98253780 0.003783
5.711472 0.98355541 0.003946
5.801988 0.97670519 0.006263
5.911748 0.97555313 0.003705
5.969404 0.97680975 0.003506
5.994603 0.97171828 0.007319
5.999018 0.97351230 0.006407
6.016510 0.98741201 0.006586
6.016852 0.98114731 0.005552
6.030551 0.98139328 0.005156
6.073486 0.97434970 0.006244
6.077003 0.97980257 0.006204
6.086858 0.97076466 0.003030
6.093540 0.97788525 0.004860
6.093993 0.97169246 0.006605
6.095570 0.96675102 0.003219
6.125767 0.98473906 0.004135
6.135601 0.97943621 0.003311
6.188249 0.97023833 0.005362
6.217232 0.97365133 0.007887
6.220867 0.97184169 0.005266
6.235522 0.97314121 0.006909
6.239840 0.97867903 0.004317
6.255340 0.97621987 0.004270
6.269386 0.97786141 0.003924
6.291074 0.97374560 0.007579
6.297388 0.97469167 0.004440
6.322556 0.96241061 0.003101
6.329888 0.97526478 0.007401
6.364276 0.96743447 0.005365
6.370859 0.97559168 0.005680
6.382514 0.97784814 0.003873
6.415445 0.97320363 0.007884
6.426959 0.96901716 0.006175
6.445499 0.97946909 0.006514
6.515125 0.97555363 0.005566
6.518660 0.97645980 0.007758
6.527840 0.97901476 0.005224
6.530525 0.97747035 0.004309
6.539435 0.98029083 0.007200
6.543955 0.97299622 0.005380
6.552667 0.97419026 0.006684
6.591172 0.97533615 0.007713
6.592491 0.97809001 0.005079
6.593726 0.97592739 0.003201
6.632931 0.97339404 0.005890
6.638345 0.97231372 0.005204
6.652110 0.96578354 0.005178
6.844083 0.97596991 0.005792
6.874915 0.97557504 0.004218
6.879185 0.97814764 0.005000
6.927241 0.98395734 0.003978
6.982119 0.97742094 0.003292
6.999265 0.98232074 0.005438
7.008551 0.98590586 0.007172
7.020853 0.98472468 0.004180
7.026007 0.97447370 0.006935
7.076197 0.98356529 0.005447
7.076978 0.97993849 0.006951
7.083622 0.97278625 0.007057
7.086066 0.98943040 0.006962
7.093217 0.97733101 0.004373
7.106373 0.98482667 0.003313
7.124410 0.98145214 0.003605
7.143556 0.97903875 0.007333
7.167325 0.98040836 0.005669
7.171423 0.99131123 0.005326
7.215235 0.97781191 0.005577
7.225038 0.97767421 0.005532
7.232821 0.98070850 0.004322
7.267675 0.97879908 0.006732
7.268989 0.98635681 0.005686
7.271076 0.98196391 0.006574
7.351537 0.98491479 0.005990
7.352579 0.98488917 0.005745
7.382856 0.98231868 0.004623
7.383560 0.99104605 0.006935
7.388409 0.98750263 0.003990
7.418735 0.98351593 0.005458
7.426383 0.99167970 0.003839
7.458622 0.99863629 0.003732
7.467604 0.98524655 0.004098
7.478334 0.98587046 0.005429
7.526966 0.99727295 0.007341
7.547969 0.99456322 0.007351
7.562943 0.98351558 0.004505
7.564579 0.99408006 0.003317
7.565090 0.98325700 0.003706
7.568281 0.99016458 0.005591
7.589751 0.99328850 0.007288
7.609337 1.00221945 0.004258
7.620206 0.99355376 0.003719
7.631098 0.99733011 0.005864
7.669549 1.00335286 0.006152
7.690681 1.00031680 0.007784
7.694317 0.99484661 0.006680
7.705832 0.99646948 0.006446
7.720287 1.00127270 0.003813
7.727260 0.98759864 0.005723
7.750291 1.00318973 0.005626
7.785736 0.99686320 0.004132
7.814383 1.00165613 0.006772
7.851777 1.00039158 0.007429
7.912372 1.00114930 0.004542
7.926132 1.00880813 0.004635
7.990758 1.00874134 0.006237
8.001424 1.00121571 0.003678
8.067229 1.02054123 0.003725
8.069928 0.99795058 0.006332
8.082157 1.00535908 0.003972
8.102305 1.00739043 0.006273
8.116946 1.01392016 0.004861
8.228563 1.01339252 0.004053
8.229572 1.01874218 0.007584
8.231231 1.01143868 0.006821
8.231353 1.01827152 0.005515
8.263107 1.00380897 0.005193
8.287935 1.01568592 0.003318
8.290996 1.01166505 0.004965
8.304689 1.01421720 0.004586
8.322157 1.02089321 0.004352
8.339454 1.01304456 0.006377
8.342515 1.00996643 0.005933
8.361633 1.01980883 0.003609
8.403806 1.02225076 0.004160
8.450191 1.00648807 0.004378
8.465173 1.02473486 0.007624
8.472405 1.02411657 0.007827
8.497521 1.02380756 0.003895
8.522034 1.02246595 0.003894
8.522535 1.02060397 0.004525
8.540250 1.03053912 0.007475
8.569408 1.03434987 0.006687
8.578142 1.02386723 0.005408
8.630709 1.02467781 0.005136
8.638732 1.02979690 0.006597
8.672559 1.02802480 0.005608
8.680370 1.02666744 0.004432
8.682137 1.01981007 0.007454
8.721995 1.03067955 0.005313
8.747880 1.02366272 0.005887
8.756983 1.02170545 0.006860
8.810517 1.02723881 0.004665
8.813602 1.03277603 0.006035
8.825112 1.02102208 0.003296
8.835832 1.02448336 0.004229
8.836474 0.88245285 0.006192
8.843846 1.01824521 0.006886
8.851393 1.02333659 0.003761
8.861521 1.03161765 0.006594
8.890429 1.02553160 0.007445
8.893129 1.03226173 0.004141
8.895902 1.03208008 0.003999
8.925457 1.03129452 0.005934
8.933444 1.03012313 0.003323
8.952775 1.02777185 0.004202
8.978861 1.03345874 0.007863
8.989913 1.01748946 0.006381
9.040526 1.02149052 0.007487
9.056585 1.02233533 0.007609
9.093290 1.02965508 0.007155
9.102924 1.03101358 0.007596
9.110887 1.02846896 0.003248
9.164499 1.03182386 0.004226
9.182231 1.02414621 0.007606
9.190877 1.01864863 0.005994
9.209872 1.00654941 0.003984
9.227517 1.02276116 0.004283
9.258089 1.02376308 0.003314
9.263394 1.01818339 0.004097
9.306221 1.02499683 0.006480
9.306274 1.02010541 0.004177
9.307714 1.02698766 0.003115
9.329091 1.02043742 0.006122
9.351659 1.02314564 0.007735
9.371602 1.02591798 0.007375
9.380247 1.02935704 0.003774
9.407842 1.03275336 0.006414
9.417917 1.01916295 0.004982
9.436065 1.02443614 0.003156
9.456360 1.02960993 0.003220
9.458951 1.03184799 0.004396
9.469601 1.02369996 0.005384
9.477017 1.02208837 0.006414
9.496669 1.02097078 0.007491
9.537491 1.02438715 0.004843
9.546509 1.02485222 0.006570
9.578213 1.02356860 0.005311
9.579173 1.02541648 0.004179
9.579638 1.01442807 0.006231
9.589005 1.02829091 0.006553
9.661530 1.01575992 0.004822
9.662850 1.02360169 0.004091
9.680119 1.03100871 0.003001
9.684917 1.02939165 0.005830
9.709773 1.01820103 0.004192
9.710236 1.02841411 0.003117
9.772625 1.01964623 0.004116
9.776923 1.01930579 0.005140
9.848031 1.01665736 0.003517
9.877018 1.01598767 0.005573
9.888617 1.02461943 0.005100
9.958374 1.02060731 0.006382
9.958751 1.01227302 0.004776
9.961615 1.01449665 0.003875
9.989008 1.00729906 0.006289
9.995822 1.00890436 0.005426
10.012159 1.01198608 0.004953
10.032542 1.00978287 0.007201
10.037432 1.01663307 0.005157
10.053114 1.01205641 0.007017
10.100689 1.01711872 0.006951
10.135654 1.00523930 0.006587
10.140281 1.01387881 0.003590
10.190198 1.01376617 0.004371
10.197999 1.00720101 0.006583
10.263911 1.01337494 0.007988
10.269408 1.01289122 0.007717
10.275536 1.01066338 0.005190
10.283440 1.02275965 0.003771
10.304088 1.00779920 0.005248
10.315594 1.00683612 0.005213
10.415326 1.00434073 0.004284
10.443249 1.00641270 0.003534
10.444782 1.01023437 0.003179
10.459488 1.00800791 0.004330
10.503960 1.00818252 0.007447
10.504708 0.99612447 0.004808
10.537874 1.00471555 0.005378
10.552457 1.01093352 0.007961
10.566865 1.00563165 0.003491
10.588519 1.01096379 0.004832
10.599065 1.00099950 0.007067
10.606401 1.01163240 0.003163
10.611100 1.00457470 0.005380
10.630679 1.00229194 0.003721
10.653238 1.00313285 0.003682
10.655100 1.00123302 0.004724
10.671551 1.00545359 0.003048
10.693686 1.00438525 0.004064
10.726366 0.99890714 0.004088
10.726423 1.00415129 0.006863
10.727723 1.01279741 0.003149
10.738234 0.94546061 0.005346
10.749045 1.00965475 0.007135
10.758995 0.99648342 0.003799
10.763530 1.03523526 0.006555
10.811264 0.99744142 0.005988
10.813237 1.00880006 0.007268
10.853621 0.99813404 0.004487
10.874938 1.00512775 0.005295
10.885563 1.00399434 0.006573
10.897083 1.00160574 0.005958
10.908199 1.00170685 0.006426
10.909925 1.00063742 0.006282
10.938994 0.99478825 0.006572
10.942213 0.99882747 0.005617
10.960790 1.00649007 0.003392
10.973596 1.00297025 0.004777
11.011795 1.00569980 0.003364
11.048075 1.00231017 0.006417
11.077030 1.00909925 0.005890
11.077530 1.00140279 0.003040
11.100616 1.00635218 0.003680
11.117043 1.06558995 0.007199
11.119061 1.00047957 0.005898
11.153537 0.99040913 0.007408
11.155142 1.00163918 0.004702
11.174103 0.99106817 0.004828
11.215050 0.99346532 0.007695
11.217484 1.00278097 0.007963
11.230846 1.00450190 0.004748
11.269013 1.00246059 0.005198
11.289673 0.99779370 0.004984
11.387179 0.99883797 0.005571
11.411449 1.00400541 0.005869
11.412595 0.99422948 0.004531
11.425217 0.99956942 0.007009
11.434499 1.00462352 0.005187
11.447825 1.00313978 0.005798
11.500745 1.00303414 0.003787
11.522651 0.99783309 0.006820
11.532609 1.00056698 0.005283
11.549975 1.00141818 0.006418
11.566761 0.99943237 0.004320
11.571515 1.00506636 0.004799
11.617937 1.00626147 0.004306
11.647186 1.00382095 0.006515
11.664956 1.00469609 0.007015
11.673526 1.00218436 0.004854
11.679372 0.99314240 0.007474
11.738407 0.99222249 0.005456
11.744468 0.99907989 0.005377
11.750063 1.00288835 0.007126
11.751213 0.98769677 0.003771
11.754883 1.00532572 0.006747
11.775629 1.00487711 0.006106
11.822793 0.98594979 0.005548
11.875380 0.98770443 0.005811
11.889946 0.98542869 0.004966
11.908386 0.99388910 0.003861
11.935584 0.99263006 0.003109
11.989437 0.99782744 0.004776
12.019730 1.00692838 0.007914
12.048186 1.00259453 0.005223
12.087852 1.00675018 0.003309
12.115006 1.00100427 0.003942
12.128519 0.99327854 0.005068
12.168946 0.99716614 0.006481
12.179868 0.99748293 0.003677
12.201215 1.00086000 0.007965
12.204733 0.99479492 0.004875
12.207415 0.99242723 0.004932
12.224750 0.99684835 0.005786
12.272749 0.99202938 0.005051
12.301757 1.00318875 0.006394
12.336856 0.99276313 0.003498
12.337796 0.99440557 0.007851
12.412793 0.99472892 0.003525
12.433542 0.99829440 0.003527
12.469416 0.98894943 0.006494
12.470850 0.99183376 0.007895
12.477148 1.00556185 0.007627
12.484229 0.99821069 0.007306
12.494250 0.99849298 0.007443
12.503128 0.99480965 0.004021
12.527332 0.99505302 0.004225
12.551570 0.99426144 0.003914
12.553437 0.99940175 0.004299
12.557971 0.99586238 0.003550
12.560486 0.99696604 0.006344
12.570912 1.00703822 0.004109
12.571892 1.00340193 0.005241
12.575120 1.00258109 0.006482
12.612745 0.99561925 0.004113
12.638180 0.99497786 0.007770
12.680437 0.99446694 0.006971
12.716238 0.99102416 0.003338
12.739257 0.99651895 0.005684
12.771894 1.00484084 0.007687
12.857611 0.99462276 0.003970
12.858688 0.98996417 0.005263
12.863551 0.99834935 0.005904
12.868810 1.00087204 0.006825
12.889197 1.00065205 0.004190
12.890640 0.98737034 0.006876
12.903759 0.98739103 0.006872
12.925106 0.99554010 0.004261
12.960992 0.98886235 0.004037
12.975105 0.98869666 0.007863
13.017115 0.99562867 0.006564
13.027318 0.98636021 0.004342
13.042635 0.99016805 0.003517
13.062058 0.98979714 0.005536
13.075218 0.98602271 0.004851
13.108235 0.99554445 0.005491
13.154297 0.98323053 0.007804
13.160811 0.99009010 0.004454
13.164523 0.99269403 0.007851
13.166306 0.98540295 0.007596
13.201957 0.98352410 0.007056
13.223178 0.98522267 0.006967
13.270203 0.98100256 0.004458
13.304278 0.98506463 0.004221
13.347984 0.98766799 0.006383
13.381125 0.98505111 0.006496
13.432162 0.98850861 0.006724
13.468645 0.98258722 0.004124
13.494011 0.97760273 0.003058
13.528494 0.97627713 0.005454
13.542936 0.98461553 0.007180
13.602995 0.97777086 0.006074
13.639221 0.98665709 0.003636
13.651265 0.97861444 0.006311
13.684831 0.97858286 0.007535
13.685100 0.98333194 0.006028
13.697603 0.97980197 0.003546
13.707646 0.98487570 0.007717
13.710693 0.97724689 0.006446
13.713086 0.98153809 0.005462
13.735561 0.98019009 0.007628
13.792270 0.98656910 0.003833
13.812598 0.97177232 0.007908
13.822957 0.97487555 0.006611
13.825566 0.96372939 0.005945
13.827003 0.98597162 0.003513
13.853382 0.97209755 0.006170
13.859468 0.97536185 0.003060
13.865869 0.98045362 0.006847
13.878318 0.98569530 0.006449
13.889394 0.97853151 0.005103
13.904185 0.97270004 0.006356
13.905435 0.97565408 0.003131
13.908634 0.98116560 0.003964
13.915022 0.97568387 0.005293
13.947564 0.96883437 0.007432
13.986793 0.98688648 0.006431
13.991347 0.97476702 0.003824
14.018616 0.97325592 0.006571
14.039349 0.97562424 0.004070
14.039590 0.97750569 0.004273
14.045729 0.97807682 0.004091
14.069256 0.97065783 0.006074
14.080360 0.97364079 0.003262
14.117186 0.97181926 0.004123
14.133048 0.96753299 0.006442
14.182475 0.96982090 0.004526
14.191583 0.97832855 0.007118
14.194522 0.96965696 0.004670
14.224661 0.97076860 0.007654
14.229600 0.97735047 0.003552
14.238044 0.97825127 0.006077
14.242527 0.97682139 0.006147
14.270830 0.97471519 0.005609
14.300619 0.97505994 0.006912
14.306121 0.98096659 0.004096
14.306858 0.98256542 0.004867
14.309861 0.97455375 0.007216
14.312862 0.98089199 0.004303
14.337345 0.97203828 0.006293
14.370053 0.97392684 0.003941
14.384034 0.97517762 0.006774
14.412088 0.97393413 0.005198
14.432232 0.98113666 0.006780
14.435977 0.97640350 0.006748
14.442481 0.97588317 0.005984
14.454219 1.00778831 0.006564
14.492326 0.96977193 0.005948
14.514711 0.97644544 0.003013
14.538111 0.97912203 0.003044
14.596609 0.97880284 0.004975
14.607386 0.96564786 0.003724
14.621028 0.97393921 0.005303
14.632635 0.96594043 0.004571
14.644381 0.97495962 0.004957
14.709394 0.97070542 0.007768
14.744072 0.98245812 0.007778
14.759005 0.97982521 0.007361
14.759164 0.98184505 0.007699
14.770422 0.98039438 0.003027
14.836235 0.98482368 0.003618
14.838543 0.98071091 0.003758
14.843025 0.97582623 0.003335
14.853874 0.97733818 0.003768
14.867943 0.97773586 0.007470
14.888000 0.97941728 0.005304
14.914893 0.98419651 0.007639
14.917842 0.97756627 0.006971
14.962657 0.97970254 0.007903
14.984402 0.98291740 0.004129
14.989319 0.98162193 0.005170
15.015910 0.97967162 0.005409
15.029092 0.97561903 0.005671
15.059484 0.97694693 0.005282
15.065375 0.97972374 0.004674
15.075830 0.98074325 0.005371
15.111784 0.97648958 0.005306
15.118968 0.98831474 0.004115
15.151719 0.98963222 0.003248
15.198197 0.99012992 0.007895
15.199847 0.98286144 0.003828
15.230927 0.99614974 0.006096
15.235638 0.99089715 0.005773
15.251342 0.98903674 0.003071
15.259985 0.99710828 0.007669
15.308614 0.99204273 0.004193
15.323593 0.99242301 0.003647
15.350669 0.99803023 0.006631
15.351713 0.98749771 0.007892
15.371178 0.99202114 0.007041
15.379051 0.98756285 0.007648
15.427464 0.98489507 0.003064
15.468170 0.99042929 0.005050
15.499429 0.99182348 0.005584
15.526190 1.00110116 0.006443
15.561133 0.99740043 0.004692
15.574560 0.99214741 0.005419
15.658821 1.00212072 0.006478
15.669023 1.01471345 0.006726
15.670094 1.00022995 0.006366
15.698649 0.99917727 0.006169
15.705778 1.00114562 0.006074
15.735175 1.00360162 0.006878
15.737384 1.01217280 0.007928
15.763778 1.01058880 0.004905
15.769731 1.00062848 0.005331
15.793314 1.00252205 0.007916
15.804865 0.99924943 0.004033
15.831853 1.01378384 0.006442
15.845112 1.01752293 0.005373
15.846476 1.00479296 0.003313
15.864943 1.01462284 0.003855
15.891245 1.00386766 0.004988
15.921703 1.00432687 0.006403
15.960907 1.00643645 0.003530
15.969303 1.00893581 0.007046
16.052708 1.01457263 0.007304
16.131267 1.01505439 0.007582
16.185555 1.01131956 0.006927
16.195655 1.01866045 0.003732
16.202491 1.01834643 0.005013
16.208880 1.01556974 0.004136
16.237451 0.96220465 0.006086
16.238963 1.01310354 0.006884
16.269133 1.00633051 0.007685
16.296517 1.01940884 0.004142
16.376223 1.02273057 0.007813
16.395348 1.01901006 0.006425
16.429076 1.02855124 0.007087
16.437406 1.02424244 0.004929
16.479130 1.01349395 0.007394
16.481819 1.01176044 0.004225
16.484876 1.02881377 0.006181
16.556440 1.02152147 0.005420
16.558948 1.01909096 0.005737
16.592429 1.01872617 0.005517
16.602156 1.02216982 0.003869
16.613196 1.02198604 0.005505
16.624523 1.01851010 0.005483
16.645430 1.01900712 0.007004
16.670760 1.02325088 0.005963
16.675016 1.02367113 0.003995
16.697599 1.02415075 0.004508
16.711358 1.02166841 0.007606
16.723324 1.03342173 0.005952
16.764174 1.02472960 0.005746
16.776304 1.02498355 0.004883
16.809949 1.03383177 0.005388
16.842374 1.02251354 0.003567
16.869069 1.03635211 0.007256
16.891734 1.02104544 0.005397
16.906049 1.02930314 0.004961
16.908890 1.02352447 0.006380
16.958803 1.02061988 0.005399
16.970069 1.01826509 0.005238
16.976388 1.02123286 0.006375
16.979360 1.02899872 0.004134
16.979364 1.02634809 0.007542
16.979610 1.03496529 0.007283
16.997220 1.02902478 0.005592
17.017772 1.02267002 0.006645
17.044174 1.02745419 0.003940
17.054444 1.02275401 0.004987
17.061581 1.03054837 0.004178
17.071438 1.02561952 0.006891
17.105545 1.02398590 0.006972
17.117364 1.03087415 0.005360
17.177885 1.03048724 0.005575
17.237069 1.02457520 0.005873
17.240086 1.02497996 0.007389
17.247220 1.02393336 0.003935
17.252006 1.02201626 0.005090
17.256727 1.02196047 0.003872
17.354226 1.02819009 0.005016
17.389065 1.01939528 0.007582
17.420822 1.01796494 0.005159
17.440814 1.02069853 0.005809
17.489443 1.05206628 0.005098
17.503415 1.02106444 0.006605
17.527059 1.01382760 0.006705
17.544483 1.01853955 0.005406
17.607589 1.01969111 0.004958
17.621166 1.02659740 0.005931
17.626076 1.01145467 0.004849
17.629296 1.01250328 0.005751
17.630188 1.01540390 0.006942
17.634873 1.01726963 0.005214
17.652197 1.02417224 0.004988
17.720091 1.02065917 0.004683
17.754456 1.01306253 0.007946
17.758194 1.01448757 0.005642
17.762397 1.01605152 0.005528
17.770944 1.02287311 0.003703
17.810544 1.02386936 0.006556
17.829082 1.01392253 0.003167
17.883696 1.01991075 0.003512
17.924713 1.01844722 0.003220
17.925726 1.00560131 0.005157
17.927043 1.01652020 0.004260
17.937684 1.01040880 0.006230
17.958702 1.00783420 0.006468
18.019452 1.00908181 0.005659
18.042261 1.00808176 0.007347
18.047320 1.01121128 0.003279
18.059371 1.00942793 0.005067
18.114608 1.00461740 0.006626
18.119905 1.00868255 0.005785
18.120850 1.01193581 0.007583
18.175459 1.00945798 0.005326
18.204135 0.99965092 0.006140
18.326818 1.00753218 0.004005
18.337050 1.00360725 0.004232
18.379953 0.99782141 0.005267
18.425828 1.00793505 0.005274
18.451680 1.00541689 0.003224
18.470467 1.00462293 0.005575
18.481095 1.00606749 0.004071
18.538853 0.99898187 0.004719
18.574823 0.99755477 0.005295
18.579696 1.00573054 0.005880
18.582150 1.00176887 0.003096
18.641551 1.00159893 0.007882
18.663542 1.00853375 0.007290
18.668226 1.00117696 0.006214
18.680665 1.00926854 0.007049
18.683593 1.00071301 0.006957
18.706221 1.00358397 0.007032
18.739076 1.01363495 0.007061
18.745668 1.01064161 0.005356
18.747153 0.99686991 0.005499
18.758605 1.00403654 0.004504
18.789191 0.99852271 0.003742
18.796377 1.00544613 0.007828
18.843678 0.99800479 0.006352
18.846752 0.99715246 0.003734
18.858056 1.00128190 0.005658
18.918018 1.00010016 0.004804
18.944695 0.99661368 0.004767
18.951673 1.00617608 0.006826
18.954721 0.99982961 0.007006
19.004259 1.06510844 0.005523
19.027020 0.98932394 0.003215
19.027732 0.99576851 0.004283
19.066356 1.00071660 0.005701
19.070685 1.00285322 0.006238
19.075191 1.00757032 0.004653
19.119007 1.00348302 0.005357
19.139741 0.99559933 0.006003
19.169254 1.00466028 0.006050
19.180272 1.00020198 0.006122
19.237988 0.99790906 0.004157
19.250795 1.00043355 0.004133
19.259806 1.09084813 0.003178
19.280372 1.00221562 0.005230
19.310158 0.99953311 0.005678
19.349609 1.00604028 0.005238
19.353536 1.00241926 0.003764
19.356464 0.99277311 0.004216
19.409005 0.99496155 0.007659
19.435726 0.99998091 0.004417
19.494132 1.00218992 0.004747
19.518166 1.00161216 0.004900
19.528261 0.99120666 0.003912
19.538616 1.00309513 0.004262
19.556636 1.00113870 0.007331
19.567448 1.00102914 0.007170
19.569150 1.00331696 0.003082
19.585312 1.00343212 0.006250
19.600186 1.00156221 0.003234
19.671487 0.99955005 0.007822
19.674976 0.99452992 0.005419
19.695093 1.00070361 0.004327
19.742089 1.00592680 0.004717
19.746336 0.99963422 0.007440
19.752683 0.99859759 0.007136
19.768595 1.00483971 0.006554
19.777563 0.99417891 0.004087
19.787656 1.00288351 0.006948
19.796717 1.00439403 0.004045
19.805621 0.99651681 0.007539
19.836967 0.99502915 0.003820
19.840094 0.99715094 0.003521
19.855241 0.99879932 0.007559
19.865762 1.00428664 0.006251
19.908813 1.00601406 0.004395
19.951025 0.99985021 0.003140
20.003685 1.00107623 0.004845
20.021602 1.00201876 0.007168
20.025772 1.00312009 0.007599
20.047036 0.99133107 0.005216
20.058693 0.99645911 0.004980
20.089625 1.00535262 0.004019
20.111161 1.00108099 0.004811
20.115454 1.00203413 0.007594
20.144999 0.99957284 0.006457
20.170474 0.99540623 0.003006
20.184923 0.99958772 0.006913
20.193315 0.99761232 0.006957
20.198238 0.99591176 0.004606
20.274090 0.99309951 0.004395
20.275583 1.00421808 0.006811
20.277820 0.99742828 0.003945
20.288342 1.00452287 0.005814
20.332180 0.99217708 0.006459
20.349322 0.99157655 0.003394
20.487196 1.00057121 0.005110
20.538643 1.00042929 0.005176
20.540266 0.99257157 0.006727
20.576616 0.99393176 0.007493
20.598724 0.98340789 0.005880
20.612091 0.99570748 0.007423
20.661954 0.99826203 0.003489
20.665561 0.99008093 0.003893
20.713181 0.98757306 0.004456
20.716005 0.98390576 0.005209
20.741855 0.98445416 0.004401
20.774772 0.98845402 0.007993
20.796119 0.98828689 0.006100
20.814713 0.99126348 0.007581
20.827148 0.98291714 0.006974
20.842403 0.98134494 0.005434
20.863792 0.98784015 0.004485
20.867857 0.98973026 0.003830
20.875416 0.98327061 0.003912
20.876136 0.99076787 0.007943
20.898876 0.98955964 0.004079
20.900162 0.98483500 0.005217
20.920120 0.98265092 0.007048
20.928774 0.98714575 0.005622
20.935028 0.98588433 0.007274
20.936758 0.98492781 0.005339
20.965810 0.98087901 0.005219
20.972262 0.99019411 0.003456
20.980362 0.99289964 0.003003
20.992771 0.98086449 0.004534
21.014711 0.98943983 0.007927
21.137953 0.99090346 0.005433
21.142139 0.98256223 0.003200
21.193530 0.98742926 0.005565
21.212069 0.98048415 0.005204
21.212281 0.99027872 0.004417
21.230832 0.98899363 0.006658
21.257029 0.98454260 0.005076
21.277856 0.97896447 0.004756
21.284458 0.98901296 0.007289
21.346689 0.99193396 0.007614
21.361463 0.97992246 0.006076
21.389287 0.98447298 0.007518
21.393036 0.98155393 0.006620
21.397421 1.07907699 0.006719
21.400488 0.97887962 0.004476
21.404844 0.97984835 0.005309
21.421724 0.98598474 0.003031
21.426878 0.97783131 0.007204
21.434685 0.98954810 0.005392
21.443449 0.97287308 0.003389
21.472398 0.98234610 0.005277
21.517480 0.98098113 0.005907
21.517982 0.97780310 0.007606
21.525072 0.97482299 0.003392
21.532132 0.98978027 0.005186
21.568452 0.97909682 0.005610
21.578384 0.98046184 0.004133
21.592464 0.97845820 0.006196
21.616361 1.00402123 0.003907
21.668351 0.97556885 0.006396
21.673636 0.97957735 0.005940
21.691606 0.97696664 0.004000
21.761170 0.97895097 0.005077
21.802713 0.96958464 0.004549
21.832043 0.97898465 0.004730
21.920908 0.97739981 0.003039
21.921898 0.96991046 0.004218
21.950889 0.97123367 0.004316
21.961349 0.98052318 0.007922
21.965127 0.97148574 0.006369
21.986341 0.97295594 0.005613
22.000633 0.97306495 0.003629
22.000957 0.97365944 0.005855
22.060616 0.96476836 0.006707
22.070046 0.96864321 0.003187
22.096098 0.97392621 0.003347
22.096900 0.97216494 0.005697
22.100095 0.97038943 0.005595
22.135458 0.97846098 0.005567
22.187102 0.98401579 0.004003
22.192486 0.97092697 0.006340
22.245521 0.97051317 0.007586
22.274030 0.97654315 0.004594
22.288263 0.96744374 0.003584
22.337546 0.97893022 0.006871
22.347477 0.97000654 0.005472
22.364633 0.97556317 0.007430
22.371875 0.98582287 0.005422
22.461813 0.97685487 0.004742
22.465279 0.97735932 0.005688
22.466216 0.98446510 0.003787
22.489235 0.97404033 0.004196
22.505648 0.97323143 0.005059
22.534020 0.97829851 0.006506
22.546616 0.98595046 0.004445
22.563395 0.97783018 0.005427
22.588736 0.96966652 0.003069
22.589241 0.98560256 0.003313
22.613103 0.97941724 0.005574
22.668042 0.98134641 0.007607
22.676316 0.97498888 0.003469
22.679978 0.98347101 0.003229
22.706041 0.97340997 0.006752
22.722180 0.97649872 0.005542
22.754695 0.98310173 0.003250
22.763621 0.98308114 0.003913
22.785800 0.98244279 0.006282
22.789958 0.98007430 0.007874
22.804062 0.97649810 0.006025
22.828670 0.98509105 0.005658
22.832322 0.99574008 0.006867
22.842968 0.98040306 0.007322
22.857833 0.98664730 0.004347
22.859609 0.98792326 0.003095
22.867527 0.98788817 0.004025
22.868955 0.99115313 0.004635
22.871500 0.97943122 0.004457
22.901233 0.98927030 0.003208
22.967461 0.98036306 0.005861
23.016291 0.98012368 0.007242
23.092007 0.99202922 0.006679
23.103524 0.99890902 0.005163
23.114354 0.98348025 0.007419
23.139876 0.98853004 0.003414
23.156584 0.99644756 0.006676
23.158128 0.98492809 0.005697
23.161297 1.00115826 0.006637
23.165075 0.99890740 0.006442
23.165511 0.98710375 0.006540
23.195916 0.99675238 0.003633
23.236345 0.98374974 0.003628
23.258905 0.99972152 0.005143
23.259558 0.98523238 0.005127
23.263006 1.00142534 0.006843
23.336188 0.99771660 0.003509
23.350520 1.00892569 0.006910
23.432910 1.00313086 0.006965
23.457983 1.00056671 0.007349
23.492943 1.00521671 0.005665
23.502485 1.01128679 0.005506
23.535507 1.00953288 0.005999
23.548771 1.00353977 0.005284
23.561498 1.00487043 0.005356
23.610443 1.01183044 0.007454
23.612496 0.99717536 0.007116
23.623961 1.00192944 0.005222
23.655040 1.01307683 0.007846
23.678504 1.01718078 0.004496
23.686988 1.00814874 0.005708
23.696851 1.01893075 0.004852
23.703106 1.01505628 0.007006
23.717467 1.01144361 0.007666
23.730356 1.01395048 0.007881
23.737569 1.01163878 0.005244
23.758278 1.00386578 0.006689
23.766425 1.01640509 0.003182
23.783396 1.01074566 0.004856
23.799200 1.01698479 0.005064
23.803735 1.01113204 0.003751
23.836723 1.02406953 0.006381
23.871031 1.01380323 0.005421
23.901418 1.02404640 0.006891
23.957362 1.01677837 0.004750
23.970479 1.00714229 0.007653
23.974122 1.00062549 0.007718
23.995348 1.01680734 0.006153
24.020448 1.01646433 0.006555
24.024306 1.02075753 0.006380
24.059839 1.06783860 0.004360
24.066937 1.02281833 0.005941
24.080631 1.01598969 0.005967
24.090853 1.02865462 0.006094
24.114464 1.01218777 0.007853
24.146503 1.02077315 0.006682
24.206896 1.02340690 0.006541
24.209575 1.01863464 0.007763
24.214841 1.01747101 0.006811
24.247387 1.02275237 0.003367
24.295456 1.02655174 0.006378
24.312795 1.02129615 0.007944
24.333031 1.02113759 0.004418
24.363722 1.02497618 0.004777
24.380026 1.01028012 0.006491
24.393714 1.01810773 0.004981
24.406250 1.02702030 0.005294
24.427850 1.02780782 0.006394
24.456307 1.02058756 0.006752
24.490535 1.02618766 0.006985
24.492662 1.02042760 0.006864
24.499267 1.02710385 0.007351
24.548386 1.02566657 0.004982
24.548451 1.02809649 0.005454
24.549162 1.02738129 0.005427
24.557589 1.01753621 0.004925
24.559030 1.02164751 0.003930
24.609454 1.02538477 0.003917
24.665511 1.02865463 0.007535
24.667159 1.02598540 0.007935
24.676848 1.02743312 0.007022
24.713766 1.02475883 0.005309
24.727164 1.03114194 0.005368
24.735858 1.03736879 0.005683
24.781559 1.02416425 0.005356
24.796575 1.02575469 0.007653
24.812121 1.02123055 0.005076
24.826387 1.02367283 0.007105
24.827333 1.02876614 0.003334
24.827619 1.01440952 0.006271
24.838960 1.02221180 0.007803
24.848477 1.01001679 0.003385
24.897203 1.02625787 0.007393
24.920115 1.02101184 0.006276
24.926089 1.02431561 0.006384
24.928609 1.02541254 0.003507
24.979760 1.03350485 0.006967
25.035808 1.02887374 0.005412
25.043323 1.01717697 0.007384
25.054329 1.00644369 0.003792
25.099805 1.02300869 0.005557
25.107630 1.02384052 0.005518
25.131886 1.02277240 0.003135
25.154807 1.02709820 0.004590
25.174188 1.02280498 0.006779
25.180993 1.03279602 0.003239
25.185454 1.01828495 0.005217
25.211591 1.02278828 0.006293
25.234711 1.01479748 0.005575
25.247554 1.01581392 0.003603
25.250285 1.02447656 0.007600
25.251593 1.02432366 0.003669
25.278338 1.01738888 0.006852
25.279683 1.02132250 0.006310
25.283365 1.01396696 0.006403
25.290974 1.02997037 0.003249
25.351212 1.02032376 0.007256
25.359631 1.03326304 0.006749
25.371788 1.02028991 0.007299
25.378853 1.01588323 0.007353
25.391138 1.02165882 0.006070
25.406977 1.01704752 0.006940
25.414880 1.02180887 0.007189
25.434554 1.02126588 0.004890
25.515643 1.01472180 0.007629
25.527619 1.01287310 0.004513
25.569237 1.01191999 0.007272
25.667724 1.01126250 0.005512
25.693247 1.01355917 0.004778
25.702297 1.02421944 0.004871
25.827256 1.01296519 0.007914
25.848644 1.01061081 0.004760
25.889741 1.01194146 0.006423
25.897761 1.00090996 0.006319
25.906993 1.00429142 0.005047
25.933602 1.01716414 0.004000
25.983186 1.01894357 0.005066
26.002975 1.01574125 0.006912
26.012294 1.01625517 0.004332
26.041276 1.01525303 0.005105
26.054199 1.00927682 0.006080
26.055067 1.00737028 0.004370
26.059725 1.00760594 0.004925
26.066967 1.00616412 0.005788
26.067027 1.00874870 0.006361
26.115859 1.00251020 0.005086
26.117758 1.00191013 0.007444
26.120680 1.00921995 0.003604
26.126206 1.01485520 0.003006
26.160188 0.99701664 0.007621
26.176334 1.00696018 0.004329
26.198286 1.00985681 0.003184
26.219475 1.00330874 0.007762
26.237004 1.00576548 0.007053
26.250938 1.00599710 0.006733
26.257941 0.99823332 0.004686
26.266062 1.00533707 0.005402
26.271094 0.99892104 0.004048
26.273168 1.00154680 0.004475
26.281135 1.00328046 0.007107
26.291413 1.00460507 0.004993
26.350393 1.00701736 0.006836
26.401252 1.00826806 0.007826
26.414589 0.99552984 0.005128
26.442231 1.00070057 0.006627
26.442278 0.99499114 0.007830
26.451117 0.99989276 0.005515
26.478145 1.00358670 0.006930
26.489185 1.00125630 0.003114
26.538577 1.00605328 0.006963
26.593347 1.00363231 0.003990
26.599006 1.00239775 0.007877
26.654325 1.01265555 0.005703
26.686901 0.99655459 0.004501
26.716417 1.00215226 0.004564
26.716532 1.00248967 0.006920
26.733876 1.00823207 0.003626
26.751397 1.00037205 0.006995
26.850178 1.00250257 0.006136
26.852294 0.99625464 0.004688
26.857581 0.99560237 0.005185
26.859997 1.00368680 0.004434
26.932308 0.99195448 0.007316
26.952306 0.99621348 0.006676
26.982293 1.00254995 0.003291
26.997398 0.99434373 0.006748
27.026352 1.00080617 0.006396
27.040860 0.99464859 0.006838
27.074998 0.99233255 0.003791
27.099491 1.00249793 0.003514
27.105056 1.03602437 0.003341
27.116633 1.00988147 0.006858
27.125034 1.00426846 0.007993
27.143431 1.00303797 0.004616
27.146576 1.00351847 0.005201
27.151606 0.99898977 0.005473
27.204473 1.00549106 0.005167
27.276205 0.99022921 0.005660
27.295316 0.99832232 0.007685
27.307993 1.00175644 0.007352
27.326998 0.99897943 0.007662
27.337179 1.00133302 0.007522
27.342289 1.00539497 0.004030
27.348453 0.99595784 0.005785
27.355304 0.99520107 0.007184
27.357624 1.00321761 0.005378
27.363687 0.99648962 0.006920
27.375085 0.99278124 0.007951
27.388642 0.99928783 0.004737
27.400011 1.00279738 0.005919
27.411955 0.99905215 0.004625
27.422415 0.99818679 0.005907
27.427937 0.99078951 0.005841
27.466324 0.99850791 0.005542
27.486721 0.99863679 0.006200
27.491914 0.99791867 0.006640
27.504735 1.00244593 0.007351
27.523887 0.99716986 0.003411
27.535958 0.99967530 0.007846
27.574954 0.99783089 0.003102
27.582262 1.00269223 0.006897
27.587009 1.00210752 0.007283
27.613575 0.99753556 0.005419
27.632434 1.00048897 0.004786
27.653642 1.00143036 0.006785
27.692659 1.00762190 0.006492
27.717463 0.99764806 0.007268
27.746788 1.00289814 0.006656
27.773211 0.99815824 0.003033
27.777823 0.99337958 0.006422
27.799573 1.00554993 0.007935
27.818147 0.99388429 0.004555
27.845102 0.99631747 0.004567
27.876958 0.99891151 0.007867
27.909867 1.00272033 0.004224
27.912067 1.00031365 0.007151
27.926348 0.99519874 0.003484
27.928609 0.98893480 0.005227
27.939447 0.99457996 0.005307
27.943266 0.99596965 0.007530
27.944371 0.99479403 0.006802
27.982633 0.98842165 0.005904
28.017329 1.00049563 0.006304
28.018106 0.99840455 0.003186
28.063683 0.99729320 0.005199
28.087254 0.99905281 0.003765
28.105942 0.99478482 0.004816
28.107930 0.98608253 0.003357
28.118352 0.99650091 0.004113
28.134099 0.99819276 0.003397
28.139208 1.00070052 0.003495
28.161644 1.00195140 0.003258
28.235842 0.99185794 0.003040
28.259695 0.99714931 0.006708
28.287437 0.99527449 0.007431
28.294067 1.00348940 0.004733
28.321980 0.98977068 0.007225
28.331871 0.99162262 0.003767
28.356898 0.99668306 0.007602
28.366563 0.99576459 0.005645
28.391054 0.98762130 0.005644
28.401478 0.99315364 0.005061
28.419637 0.98850882 0.003469
28.433280 0.99793302 0.003080
28.444685 0.99750403 0.004212
28.449736 0.99731439 0.005055
28.459162 0.99113676 0.005093
28.466507 0.98585183 0.005225
28.488938 0.99375375 0.005961
28.519016 1.13792306 0.006820
28.525666 0.98454141 0.004583
28.553035 0.99534086 0.007565
28.558998 0.99876922 0.003618
28.580803 0.99099003 0.003685
28.606958 0.99290199 0.003500
28.625020 0.99106382 0.004030
28.654069 0.98408844 0.007241
28.669247 0.99102927 0.004752
28.673427 0.98882547 0.005150
28.677863 0.99638228 0.006712
28.681541 0.98560289 0.006924
28.690892 0.98876198 0.004002
28.718058 0.98873004 0.006680
28.740928 0.98932688 0.004313
28.799533 0.99494116 0.004451
28.811422 0.98850356 0.007586
28.816910 0.98492706 0.006919
28.823832 0.99113647 0.005117
28.840753 0.99196260 0.003233
28.878575 0.97944346 0.004386
28.916031 0.98331302 0.004371
28.924623 0.98961515 0.005329
28.950136 0.98531754 0.004331
28.963298 0.98314709 0.006029
29.025868 0.98733031 0.003363
29.030927 0.98596648 0.007243
29.036532 0.97870601 0.003915
29.051031 0.98299971 0.007548
29.080942 0.98584656 0.006907
29.094824 0.98208904 0.004888
29.097077 0.98640227 0.005056
29.105857 0.97463258 0.007420
29.118475 0.98340496 0.007497
29.122195 0.98191514 0.004562
29.138967 0.97795893 0.007213
29.159534 0.97590684 0.005995
29.167484 0.97276066 0.004387
29.169494 0.98970294 0.003430
29.169666 0.97595902 0.003835
29.184796 0.96480438 0.006302
29.193019 0.98420462 0.004628
29.203117 0.98891140 0.007798
29.224289 0.98228313 0.006436
29.233184 0.97778012 0.004091
29.235385 0.97678677 0.003090
29.253455 0.98212141 0.004781
29.259406 0.98067196 0.007604
29.287603 0.97800558 0.005589
29.325162 0.98926937 0.007958
29.328418 0.98348491 0.003882
29.387773 0.97581980 0.004250
29.403226 0.98569095 0.006621
29.441123 0.96994268 0.005470
29.493758 0.97486547 0.006077
29.503662 0.97201648 0.007486
29.507164 0.97483163 0.006086
29.520824 0.96817649 0.004875
29.559652 0.96677331 0.004599
29.567227 0.98038657 0.006011
29.589207 0.97383093 0.006089
29.598316 0.97111779 0.004153
29.625286 0.97832693 0.003885
29.733600 0.97535556 0.005530
29.799518 0.97396628 0.003318
29.828588 0.96968034 0.005652
29.846012 0.97325481 0.004649
29.880426 0.97733952 0.003093
29.923567 0.97726122 0.005247
29.931756 0.97610421 0.005566
29.963681 0.96928285 0.006925
29.983953 0.88403722 0.004405
30.047692 0.96934203 0.007658
30.095039 0.98148813 0.005941
30.127232 0.97846800 0.007294
30.136351 0.97097697 0.003381
30.147362 0.97858709 0.006358
30.169303 0.97940208 0.004438
30.210559 0.97848787 0.004196
30.243022 0.97270450 0.003287
30.268380 0.97370311 0.006718
30.274785 0.97935702 0.004768
30.282984 0.97659523 0.005967
30.302955 0.98231814 0.007300
30.304817 0.98068021 0.006606
30.313610 0.97942355 0.004078
30.340743 0.97391324 0.006708
30.355934 0.97391883 0.007149
30.372269 0.97762838 0.007272
30.375433 0.97365999 0.003423
30.422610 0.98839226 0.004595
30.428184 0.98189900 0.005328
30.435426 0.98287599 0.005520
30.439517 0.97779897 0.007968
30.439903 0.97951476 0.007230
30.502909 0.97872506 0.004868
30.507520 0.97670151 0.007132
30.509633 0.97708580 0.003992
30.532935 0.97904370 0.006489
30.541474 0.97794255 0.004991
30.556241 0.96909141 0.007038
30.563604 0.98024252 0.007965
30.579435 0.98614766 0.005824
30.639125 0.98053948 0.004945
30.661020 0.97828376 0.007360
30.665524 0.97989277 0.005236
30.690741 0.99494506 0.004282
30.691504 0.98521669 0.006219
30.720432 0.99434275 0.007155
30.782491 0.97579994 0.006785
30.801422 0.98522076 0.007229
30.818431 0.98692579 0.007555
30.828018 0.99947589 0.007715
30.835759 0.99226106 0.006195
30.861676 0.98745893 0.004126
30.862194 0.98338376 0.003030
30.874984 0.98142752 0.005731
30.876475 0.99085436 0.005083
30.898133 0.98176007 0.005392
30.929763 0.99536192 0.006215
30.942076 0.99454444 0.003388
30.955621 0.98943975 0.004774
30.972602 0.98944016 0.004231
30.997005 0.99932429 0.007589
31.006256 0.98798670 0.007381
31.028493 0.99669666 0.003248
31.039334 0.99183463 0.005522
31.049030 0.99525752 0.007092
31.075324 0.99783590 0.005412
31.118823 1.00167233 0.007504
31.159802 1.00753360 0.003878
31.163548 1.00223119 0.004903
31.197474 0.99576727 0.005377
31.220717 0.99949858 0.004768
31.264930 1.00284255 0.004720
31.277634 1.00302250 0.006796
31.285365 1.00372491 0.007222
31.294976 1.01302099 0.007849
31.326831 1.00618237 0.007771
31.328478 1.00719838 0.006973
31.370022 1.01059234 0.005162
31.431448 1.00908011 0.004496
31.437988 1.00868186 0.003706
31.443823 1.00273158 0.004707
31.456249 1.01034362 0.006817
31.483556 1.00915654 0.003915
31.487125 1.00635270 0.003038
31.499256 1.01460468 0.003877
31.541758 1.00106250 0.004434
31.574916 1.01045241 0.004941
31.604347 1.01362485 0.004617
31.635421 1.01069743 0.003661
31.636534 1.00745748 0.003027
31.642346 1.01281565 0.005815
31.661888 1.01615343 0.005936
31.709303 1.01372330 0.006080
31.744445 1.01018859 0.003077
31.753539 1.00787562 0.006005
31.772397 1.01089429 0.006529
31.802217 1.00919999 0.003656
31.818220 1.04652971 0.005604
31.825379 1.02002205 0.006471
31.840648 1.01729001 0.005055
31.844621 1.02457532 0.006051
31.872277 1.01347872 0.004923
31.875598 1.01483154 0.005816
31.881494 1.01058643 0.007072
31.898332 1.02290982 0.004174
31.898664 1.03734816 0.007298
31.907392 1.01993708 0.007534
31.921899 1.01460082 0.006318
31.953947 1.02376964 0.005167
31.964828 1.03117454 0.004320
31.967479 1.01986356 0.004284
31.984166 1.01071821 0.005305
31.986437 1.03190997 0.007183
32.022130 1.02727326 0.005983
32.024849 1.02901325 0.004219
32.059587 1.02628140 0.005438
32.073222 1.02196302 0.007952
32.088587 1.01784210 0.007258
32.093104 1.02398875 0.003766
32.110347 1.02460120 0.004668
32.110908 1.02343339 0.005892
32.126728 1.02362127 0.004606
32.132541 1.02189021 0.004060
32.159009 1.01981136 0.004056
32.168733 1.02436360 0.007809
32.196157 1.02298449 0.005154
32.201113 1.02133121 0.003072
32.219900 1.02617360 0.003573
32.223875 1.01885566 0.006612
32.267737 1.02537683 0.007839
32.294553 1.03005490 0.007640
32.296283 1.02726397 0.007783
32.339217 1.01987228 0.007800
32.384139 1.02855638 0.004278
32.390394 1.02163852 0.004575
32.402685 1.02771372 0.005639
32.413845 1.02269225 0.005318
32.415510 1.01533427 0.003401
32.434187 1.02775679 0.003762
32.480621 1.02856365 0.007096
32.481417 1.02497100 0.004804
32.482126 1.02439747 0.004360
32.513902 1.02741344 0.003189
32.584146 1.01552926 0.007064
32.601372 1.01934169 0.006708
32.604823 1.02354019 0.007628
32.620881 1.02517258 0.007288
32.655356 1.02370635 0.003587
32.698165 1.02505585 0.003932
32.700198 1.02037598 0.004496
32.725617 1.02951687 0.004989
32.730104 1.02476761 0.007624
32.749900 1.01299004 0.003086
32.752688 1.02173469 0.003669
32.774765 1.02188846 0.005106
32.782328 1.02149836 0.006778
32.790646 1.01495997 0.007168
32.839621 1.02607168 0.005153
32.881220 1.01661881 0.003646
32.888562 1.02254874 0.007137
32.911303 1.03119029 0.004785
32.962877 1.02189491 0.007918
33.024361 1.02380330 0.004582
33.030268 1.02016537 0.007709
33.041163 1.02219423 0.007899
33.050375 1.01629659 0.005761
33.058556 1.02079539 0.003953
33.065152 1.02606571 0.005087
33.068490 1.02092831 0.006371
33.076032 1.02066235 0.005513
33.077999 1.02695062 0.003489
33.144703 1.02168299 0.006890
33.202904 1.02005514 0.004144
33.207792 1.02557989 0.005861
33.220154 1.01395417 0.003493
33.259603 1.01415167 0.004966
33.323183 1.02323146 0.003793
33.325910 1.01576575 0.008000
33.327128 1.01863478 0.004259
33.347887 1.01776676 0.004261
33.351326 1.01157927 0.003167
33.356177 0.98377191 0.004721
33.374118 1.01212291 0.007460
33.406412 1.02217023 0.007134
33.418962 1.01386195 0.004372
33.455402 1.01919290 0.005890
33.459104 1.01666466 0.005804
33.485070 1.01681956 0.006976
33.491715 1.01362197 0.004825
33.498605 1.00363656 0.006768
33.505823 1.01971372 0.007401
33.545609 1.00984536 0.003676
33.572440 1.01651472 0.007852
33.578908 1.00693526 0.006625
33.583268 1.00996201 0.007299
33.584856 1.01133282 0.007041
33.634230 1.01063788 0.005101
33.639147 1.00321265 0.004314
33.639717 1.01289314 0.006549
33.669664 1.01345296 0.005521
33.691752 1.00243183 0.004801
33.695309 1.00176405 0.003861
33.701316 1.01009930 0.004897
33.705733 1.00956665 0.007356
33.716262 1.00680136 0.003633
33.773932 1.00469980 0.006877
33.819039 1.00997939 0.004763
33.868456 1.01333713 0.006949
33.906556 1.00997808 0.003067
33.919800 1.00201325 0.007034
33.925131 1.01394247 0.004706
33.951546 1.00369488 0.007581
33.961461 1.00279090 0.003637
33.971152 1.00057493 0.003677
33.972912 1.00217864 0.003138
33.980197 1.00113299 0.004798
33.990245 1.00572340 0.004443
33.998620 1.01092938 0.003328
34.006449 1.00930147 0.006843
34.016668 1.00288015 0.007750
34.097057 1.00586133 0.005370
34.099100 0.99828024 0.003604
34.100158 1.00221963 0.004321
34.105673 0.99716343 0.006989
34.131781 1.00527747 0.007005
34.134240 1.00362660 0.007582
34.141847 1.00155491 0.004158
34.149109 1.01154474 0.007319
34.165411 1.00984428 0.004774
34.196189 1.00606298 0.007683
34.204122 0.99871355 0.007221
34.214842 0.99917611 0.007429
34.229411 1.00046445 0.005706
34.238452 1.00523192 0.005996
34.267117 0.99783066 0.007341
34.272199 0.99708978 0.004670
34.291392 1.00023139 0.003571
34.295670 0.99530341 0.005912
34.315609 1.00263167 0.006557
34.342428 1.00589329 0.005697
34.420497 0.99472169 0.006471
34.427654 1.00212099 0.003844
34.470177 0.99688204 0.005993
34.479509 0.99473395 0.006172
34.485819 1.00307284 0.006003
34.566562 0.99562277 0.003695
34.582706 0.99396962 0.005135
34.593768 0.99917381 0.004800
34.599921 1.00986947 0.006835
34.602314 0.99385785 0.006364
34.633787 0.99665064 0.004550
34.642607 1.01113975 0.003476
34.658538 0.99956929 0.007714
34.725075 1.00003473 0.003814
34.758890 0.99930428 0.004512
34.821702 1.00875866 0.005258
34.856250 0.99748875 0.004130
34.873468 1.00163573 0.007221
34.939727 0.99478292 0.004577
34.947551 1.01792516 0.006516
34.947849 0.99614211 0.003626
34.991769 0.99360443 0.005079
34.995559 1.00758848 0.005083
35.007506 0.99810047 0.006146
35.058172 0.99180378 0.006839
35.115313 1.00239675 0.006594
35.121633 1.00194168 0.006973
35.138589 1.00332572 0.007169
35.142457 1.00135203 0.007936
35.151378 0.99226266 0.007671
35.180069 1.00141142 0.004690
35.226376 0.99141549 0.004776
35.235613 1.01082163 0.006615
35.243339 0.99897738 0.004998
35.244233 1.00251787 0.007767
35.251969 0.99969534 0.006334
35.258033 1.00608996 0.004865
35.259270 0.99441364 0.007280
35.292872 0.99938631 0.003180
35.310690 0.98596773 0.005066
35.342970 0.99245569 0.005302
35.362713 0.99779869 0.007991
35.379604 0.99402179 0.006903
35.380245 1.00705258 0.003504
35.399226 0.99589166 0.004372
35.468153 1.00616417 0.005583
35.490857 0.99724634 0.006699
35.593683 0.99977472 0.005350
35.597489 1.00577765 0.006541
35.636295 1.00116029 0.005262
35.680419 0.99855394 0.004698
35.684163 1.00074099 0.006090
35.693263 1.00391453 0.003091
35.697828 1.00105509 0.003684
35.723850 0.99884678 0.006418
35.750660 1.00523392 0.005400
35.760167 1.00659072 0.006888
35.782162 0.97555582 0.006865
35.852367 1.00082784 0.005766
35.873288 0.99660852 0.005617
35.878083 1.00135459 0.006892
35.909734 1.00801773 0.003622
35.927302 1.00253741 0.006502
35.978129 0.99929187 0.005180
35.992341 1.09962538 0.007911
36.033574 1.00156633 0.006220
36.061410 0.99665264 0.003815
36.061951 1.00011011 0.003650
36.064430 0.99451921 0.003975
36.069611 0.98219205 0.006429
36.083797 1.00105026 0.006276
36.090043 0.99718667 0.004928
36.105687 1.00110841 0.004663
36.136569 1.00025716 0.007720
36.140962 0.99877630 0.006600
36.192780 0.99304358 0.003212
36.228569 0.99350344 0.003574
36.245878 0.98906125 0.003362
36.258194 0.99458918 0.005483
36.299648 0.99049358 0.007333
36.340350 1.05368693 0.007305
36.346445 0.99298097 0.006076
36.354123 0.99546941 0.007197
36.376821 0.98837058 0.004572
36.417709 0.98820551 0.004959
36.425024 0.99494978 0.005111
36.471326 0.98253815 0.006285
36.482164 0.99681178 0.003252
36.511169 0.98887438 0.007193
36.559682 0.98157153 0.004186
36.567631 0.98004295 0.007417
36.596268 0.99070346 0.004223
36.612372 0.98288785 0.003625
36.649648 0.98405081 0.006432
36.688589 0.98276988 0.003324
36.705071 0.98763276 0.007609
36.732240 0.99304934 0.006923
36.746879 0.99264086 0.003885
36.755209 0.98549678 0.003257
36.783800 0.98077989 0.005267
36.808418 0.97456158 0.003292
36.834804 0.98626209 0.006188
36.850443 0.97992842 0.005454
36.866380 0.98067800 0.004529
36.867195 0.98545241 0.004055
36.892413 0.98093971 0.006017
36.930444 0.98544665 0.006227
36.932642 0.97694914 0.005325
36.957957 0.98378830 0.005017
36.963980 0.97913895 0.004575
36.979994 0.98096627 0.004771
36.985767 0.97901334 0.003534
36.990808 0.97309675 0.005601
37.003742 0.97574310 0.003338
37.010582 0.98740965 0.004288
37.043798 0.97020564 0.005526
37.047007 0.97851187 0.005152
37.096738 0.97810470 0.006435
37.113193 0.98005741 0.004162
37.121216 0.97905881 0.004158
37.122450 0.97546376 0.005963
37.166228 0.97917069 0.005008
37.206846 0.98345768 0.003546
37.213649 0.97304455 0.004836
37.229436 0.97532303 0.006399
37.241519 0.96822726 0.003551
37.283370 0.96698124 0.007815
37.308337 0.96720668 0.004995
37.319903 0.97058470 0.007092
37.340745 0.96346600 0.006035
37.347226 0.98001856 0.003726
37.353596 0.97273395 0.007965
37.365229 0.97610220 0.003069
37.370022 0.97552342 0.005577
37.377506 0.97450516 0.007182
37.383440 0.93599532 0.003761
37.384869 0.97103300 0.007578
37.388323 0.97924346 0.003864
37.442531 0.98090279 0.005949
37.442931 0.92327947 0.003839
37.448351 0.97901862 0.007743
37.450404 0.97971891 0.003543
37.453135 0.96936073 0.005875
37.470594 0.97935963 0.005806
37.512509 0.97073243 0.007010
37.513453 0.98073123 0.003921
37.543780 0.97645122 0.007729
37.566455 0.97513085 0.007266
37.647579 0.97594955 0.006225
37.705437 0.95985970 0.004807
37.730730 0.97189511 0.007223
37.731994 0.97577129 0.003242
37.764421 0.96909878 0.005041
37.768427 0.97371073 0.007444
37.771934 0.97574862 0.003090
37.846551 0.97632915 0.004951
37.858758 1.05781495 0.007375
37.868442 0.96900070 0.004892
37.929682 0.97323587 0.003526
37.943434 0.97200456 0.004441
37.954876 0.97071941 0.003315
38.005583 0.97364515 0.005248
38.006523 0.96707274 0.006146
38.011048 0.96754992 0.005002
38.023175 0.97096212 0.004574
38.124151 0.97408639 0.005928
38.139678 0.97613984 0.004067
38.139929 0.97647114 0.005517
38.160127 0.97907395 0.003351
38.199371 0.98220494 0.003924
38.199645 0.98219449 0.007754
38.204366 0.96826523 0.004414
38.206870 0.98330164 0.007192
38.219973 0.97888105 0.004872
38.261627 0.98102901 0.005995
38.264193 0.98762622 0.006530
38.294346 0.98496037 0.004890
38.310817 0.97309967 0.006316
38.321716 0.97772211 0.006566
38.325480 0.97804362 0.005951
38.328641 0.97609580 0.003125
38.390938 0.98110238 0.005754
38.391299 0.97941426 0.006266
38.393399 0.97783014 0.004473
38.410321 0.97226854 0.005851
38.418979 0.98479517 0.005879
38.475295 0.99007165 0.007604
38.475723 0.98171221 0.004799
38.526645 0.98579373 0.006597
38.534076 0.98436926 0.005688
38.535150 0.99611767 0.005819
38.540404 0.99448857 0.006637
38.546748 0.99712256 0.006574
38.566160 0.99289579 0.006785
38.567084 0.98447628 0.004384
38.596140 0.98404901 0.003034
38.667197 0.98253785 0.005620
38.673646 0.98663683 0.004215
38.674932 0.98158949 0.003546
38.683853 0.99082711 0.003026
38.687846 1.00097659 0.004005
38.720424 0.98420311 0.006128
38.738551 0.99877158 0.004236
38.775160 0.99800401 0.003162
38.799370 0.98007600 0.006880
38.829456 0.99416454 0.005718
38.901924 0.99836599 0.006776
38.919669 0.99409946 0.004367
38.985252 0.95988216 0.003380
38.987815 1.00037600 0.007592
38.997125 0.99445422 0.004098
39.004829 1.00287460 0.004735
39.039562 0.99979876 0.007707
39.065096 1.00620276 0.003699
39.112025 1.00442624 0.004195
39.118961 1.00117860 0.005191
39.133527 1.00545882 0.004157
39.147395 1.01040474 0.007214
39.149749 1.00958364 0.003897
39.192176 1.00580299 0.005369
39.197603 1.00012321 0.003486
39.218909 1.01606453 0.003352
39.221311 1.01287261 0.005179
39.224962 1.00603657 0.005290
39.252131 1.00563415 0.003663
39.268252 1.04827429 0.007389
39.279893 1.01245499 0.003241
39.280698 1.00702676 0.003943
39.319029 1.01938103 0.007025
39.390565 1.01108041 0.007658
39.410005 1.01666651 0.006563
39.420353 1.00479065 0.006664
39.435918 1.02243255 0.003089
39.436128 1.02057062 0.003373
39.451172 1.01427114 0.004853
39.475530 1.01565891 0.004686
39.495103 1.01403271 0.007569
39.541667 1.01762000 0.007036
39.570419 1.01726175 0.005906
39.586445 1.02130374 0.007131
39.595792 1.01945145 0.005826
39.618965 1.01584554 0.003613
39.632916 1.02243398 0.006496
39.682494 1.03121697 0.006435
39.725133 1.01729348 0.006463
39.749105 1.02884227 0.004930
39.749398 1.01265130 0.004359
39.767004 1.02184384 0.005923
39.767729 1.02245410 0.004216
39.782301 1.02185559 0.005108
39.817425 1.01884817 0.005452
39.852709 1.01766867 0.006258
39.857991 1.03418227 0.003736
39.888166 1.02610005 0.006931
39.911148 1.02825058 0.005674
39.914953 1.02077903 0.007781
39.937081 1.01564677 0.004092
39.960377 1.02655469 0.007972
39.989161 1.02207257 0.007543
39.991583 1.02304378 0.004413
39.995749 1.01562612 0.006565
40.059119 1.02523649 0.003267
40.083047 1.01589264 0.005605
40.087867 0.99568486 0.003360
40.151707 1.01789200 0.007671
40.214266 1.03047246 0.005522
40.240730 1.01992255 0.005205
40.240846 1.02066143 0.004569
40.245645 1.02648200 0.005462
40.276269 1.02816063 0.003902
40.316795 1.02800679 0.003393
40.329031 1.02709487 0.007406
40.333243 1.02020622 0.004941
40.345533 1.02940799 0.004892
40.400965 1.02077009 0.007010
40.421759 1.02086304 0.005121
40.466733 1.03066917 0.005076
40.485442 1.02859065 0.004937
40.507599 1.03411858 0.007336
40.532904 1.02159418 0.004557
40.569146 1.02071477 0.005578
40.579442 1.03079216 0.006887
40.607712 1.03091807 0.007838
40.663059 1.02565305 0.005862
40.663762 1.01973116 0.005854
40.681252 1.02198741 0.004924
40.697501 1.02293204 0.007038
40.706649 1.02480346 0.007473
40.727798 1.03592844 0.007249
40.748923 1.02076345 0.003188
40.771777 1.01221013 0.006376
40.772736 1.03245644 0.005475
40.778833 1.01941042 0.004487
40.781944 1.01902211 0.005804
40.786967 1.01768824 0.005180
40.800251 1.02723537 0.004269
40.826692 1.01851588 0.005339
40.882105 1.02305159 0.005051
40.901749 1.01499526 0.004962
40.916065 1.02330419 0.003426
40.927016 1.01897205 0.004670
40.935223 1.01696800 0.007310
40.947282 1.02113211 0.006065
40.955671 1.01736310 0.003564
40.964875 1.02320257 0.007418
41.003617 1.01210138 0.004122
41.026242 1.01625538 0.004230
41.043775 1.01855105 0.003048
41.043859 1.02427768 0.004520
41.066113 1.01712305 0.006901
41.093854 1.01267225 0.007750
41.107687 1.01921377 0.007542
41.157378 1.02089234 0.004175
41.173801 1.01798659 0.003639
41.189438 1.01571413 0.007128
41.208650 1.02000302 0.003321
41.220613 1.00904034 0.003560
41.240583 1.01396737 0.003174
41.258688 1.01738984 0.004491
41.259629 1.01126955 0.005451
41.297388 1.01263823 0.007747
41.312046 1.01307055 0.003896
41.380233 1.00519203 0.007312
41.410524 1.01169566 0.007446
41.463072 1.00782552 0.007430
41.474911 1.01038182 0.004984
41.527721 1.00100891 0.006224
41.546551 1.00393287 0.004391
41.555808 1.00443856 0.007487
41.568651 1.00850323 0.006278
41.605575 1.00847947 0.006945
41.726520 1.00118880 0.006862
41.730380 0.99797965 0.006230
41.735891 1.00190186 0.006009
41.748144 1.00475045 0.005409
41.779430 1.00327375 0.004218
41.785615 1.00840862 0.007901
41.794810 0.99979479 0.007938
41.805345 0.99974280 0.007464
41.814856 1.00197394 0.006467
41.817957 1.01157492 0.006957
41.834923 0.99852848 0.007887
41.861303 1.00605399 0.003725
41.894670 0.97868939 0.006291
41.921615 1.00475428 0.005277
41.923460 1.00586165 0.007430
41.960326 1.00309096 0.007278
42.000315 1.00434186 0.007929
42.000431 1.00298473 0.003342
42.001177 0.99979491 0.007226
42.045404 1.00527789 0.003515
42.048031 0.99658862 0.004033
42.079288 0.99841536 0.006985
42.080717 0.99695328 0.006350
42.095974 1.00214858 0.005187
42.109095 1.00637224 0.006312
42.120211 0.99752874 0.006768
42.160819 1.00324770 0.003786
42.218299 1.00586625 0.004697
42.220791 0.99807614 0.007852
42.263718 1.00548745 0.004197
42.271367 0.99773160 0.003144
42.299022 1.00152796 0.005788
42.310634 1.00409680 0.003396
42.375848 1.00664813 0.003491
42.402225 1.00528447 0.007919
42.404966 1.00223247 0.006192
42.421587 0.99985915 0.006238
42.494203 1.00091359 0.006127
42.496167 0.99115197 0.007985
42.513540 1.00161468 0.004312
42.587358 1.00765406 0.005575
42.590318 1.00348138 0.006589
42.597282 1.00168786 0.006639
42.626631 0.99971629 0.004325
42.780954 1.00707513 0.007060
42.854913 0.99985425 0.005600
42.882569 0.99964014 0.006607
42.883955 1.00334069 0.005362
42.902878 0.99794536 0.004910
42.911805 0.99306858 0.004110
42.925194 0.99888723 0.007456
42.934757 1.00420243 0.007196
42.962781 0.99775440 0.006760
42.995263 0.99630778 0.004213
43.033974 1.00023500 0.005113
43.043811 1.00293184 0.007625
43.045563 0.99854030 0.007841
43.045983 0.99694094 0.003554
43.046460 1.00052533 0.004771
43.086052 0.99462070 0.004510
43.102389 0.99740326 0.005235
43.111235 1.00025559 0.003209
43.128587 1.00152933 0.005957
43.131639 1.00459264 0.004295
43.202286 1.00543820 0.005415
43.219465 1.00215742 0.007461
43.219846 1.00346340 0.004794
43.221034 0.99277818 0.004947
43.238097 1.00134412 0.007213
43.239606 1.05925583 0.007908
43.250078 1.01000685 0.003437
43.260631 1.00162863 0.005579
43.269929 0.98787035 0.007751
43.273944 0.99970660 0.004647
43.282445 0.98992955 0.005923
43.339231 1.00282060 0.006303
43.352292 1.00361134 0.003239
43.359012 0.99285969 0.006926
43.389463 0.99356690 0.005408
43.393359 0.99987024 0.007593
43.424878 0.99795239 0.006012
43.449183 0.99959287 0.006870
43.453471 1.00675667 0.003482
43.465458 0.99920839 0.004681
43.501990 0.99348182 0.004979
43.509582 1.00347097 0.005789
43.574661 0.99776002 0.007273
43.579999 0.99388091 0.007397
43.587973 0.99575451 0.006008
43.601225 1.00391013 0.003219
43.611119 1.00043604 0.004614
43.617319 1.00132700 0.003531
43.646606 1.00274781 0.006178
43.650090 1.00657768 0.003655
43.726746 0.99807867 0.005871
43.727227 0.99032528 0.003257
43.742587 0.99371648 0.005554
43.781880 1.00309674 0.004058
43.782360 1.00195817 0.005558
43.810432 0.99583393 0.003629
43.869844 0.99267047 0.004827
43.878574 0.98982903 0.006664
43.882341 1.00002888 0.007119
43.885401 0.99951496 0.006000
43.894269 1.00421812 0.007062
43.898095 0.94584983 0.005019
43.941696 0.99784312 0.006767
43.997650 0.99680726 0.007130
44.023354 0.99181810 0.003075
44.038853 0.99146692 0.006850
44.042587 0.99549968 0.003344
44.070777 0.99365379 0.007163
44.082429 0.99138606 0.005948
44.096086 0.99342392 0.006678
44.096970 0.99209543 0.006675
44.127052 0.99978047 0.007187
44.150037 1.00233248 0.006586
44.155566 0.99132487 0.007090
44.163053 0.98894003 0.007825
44.195466 0.99261588 0.007916
44.195530 0.99618719 0.004585
44.212435 0.99425996 0.003767
44.221994 0.99435145 0.004378
44.256305 0.99895899 0.003721
44.256316 0.99002528 0.007103
44.260730 0.98790945 0.004540
44.281280 0.98747163 0.005080
44.342133 0.99833115 0.007513
44.348647 0.99394960 0.003627
44.356616 0.98945562 0.004683
44.440039 0.98773477 0.004777
44.444761 0.99068957 0.003164
44.497165 0.99219572 0.006791
44.500448 0.98686800 0.004766
44.501337 0.98400992 0.005639
44.518516 0.98740194 0.005184
44.519789 0.98523674 0.007500
44.522228 0.98577027 0.005979
44.527228 0.98756638 0.004299
44.549988 0.97897904 0.004377
44.555289 0.99115443 0.007564
44.560855 0.98789735 0.006318
44.592706 0.97928134 0.004123
44.598076 0.98770129 0.007483
44.668558 0.98454530 0.007924
44.677294 0.98250237 0.006036
44.686726 0.98529567 0.003538
44.687585 0.98576074 0.003398
44.689511 0.98386645 0.006655
44.691303 0.97993722 0.004662
44.703694 0.98676852 0.006152
44.707490 0.98114092 0.003011
44.791164 0.98908215 0.007977
44.806688 0.98046334 0.003968
44.816946 0.98453861 0.007909
44.818457 0.98267287 0.004872
44.824236 0.98593420 0.007883
44.841648 0.98590127 0.005292
44.858154 0.98832844 0.004015
44.894682 0.97684387 0.005531
44.923159 0.97666938 0.004329
44.923811 0.96939526 0.006141
44.930723 0.98107444 0.005182
44.950488 0.98193959 0.004365
44.966248 0.97866924 0.004333
45.014432 0.97537295 0.003289
45.037515 0.97379682 0.004122
45.128806 0.97986721 0.005552
45.219123 0.97459152 0.005679
45.222707 0.97510605 0.007393
45.227991 0.97350680 0.005444
45.276017 0.97586770 0.004816
45.317756 0.98019566 0.004781
45.351215 0.97402145 0.007213
45.398166 0.97695744 0.007062
45.399328 0.97817637 0.007453
45.405748 0.96805801 0.004956
45.415351 0.96928852 0.006358
45.416771 0.97565729 0.005439
45.423473 0.97480567 0.004924
45.426565 0.97834377 0.003068
45.431399 0.97775502 0.007695
45.444331 0.98035739 0.006395
45.487329 0.97406646 0.006499
45.523926 0.97633371 0.004600
45.557718 0.97617716 0.006122
45.599900 0.98000104 0.003608
45.612135 0.97646702 0.007355
45.619387 0.97342722 0.006814
45.619940 0.97302152 0.004379
45.634335 0.97290238 0.007469
45.681968 0.97434717 0.004925
45.701151 0.97825234 0.003962
45.718851 0.97901968 0.007389
45.739793 0.97747050 0.004067
45.751656 0.97249803 0.006457
45.787611 0.97226787 0.004786
45.808352 0.98358187 0.003658
45.830930 0.98155893 0.007572
45.833417 0.97730385 0.004613
45.836019 0.98153596 0.006810
45.852553 0.97719838 0.006715
45.875434 0.97083362 0.003891
45.880574 0.96561253 0.005288
45.882481 0.97827076 0.007536
45.914264 0.97756330 0.003490
45.934209 0.97469105 0.006710
45.954856 0.97914326 0.007543
45.959006 0.97682187 0.005009
45.962171 0.96393464 0.006908
45.989481 0.98101288 0.003979
45.994337 0.98504598 0.003932
45.995756 0.97621294 0.007425
46.009138 0.97594495 0.004011
46.018587 0.97970642 0.006635
46.047417 0.97217927 0.006510
46.050625 0.98263489 0.006111
46.056882 0.97373586 0.007511
46.068712 0.93579147 0.007636
46.117648 0.98465436 0.007143
46.155878 0.97835288 0.007871
46.194386 0.98127062 0.003472
46.201585 0.98196612 0.005680
46.222274 0.98828618 0.006268
46.235655 1.01976136 0.003905
46.263578 0.98453609 0.007768
46.337980 0.97658705 0.003374
46.349430 0.98277261 0.007330
46.357516 0.98908545 0.005919
46.416236 0.99269666 0.004589
46.473101 0.99480367 0.003542
46.513451 1.00165351 0.004060
46.537825 0.99027321 0.005494
46.551652 0.99653414 0.003934
46.555791 0.99576054 0.005116
46.573125 0.99057138 0.006185
46.575530 1.00800998 0.006661
46.615264 1.00540482 0.006546
46.636875 0.99300809 0.007988
46.687336 0.99861971 0.006726
46.691795 0.99454322 0.006636
46.705951 0.99616909 0.003485
46.755797 1.00345076 0.005833
46.802559 0.99959981 0.003964
46.820979 1.00264558 0.003943
46.831803 1.00626663 0.005987
46.839151 0.98788455 0.003356
46.875314 0.99809054 0.006908
46.904509 1.00691764 0.003515
46.939627 1.00414856 0.004180
46.980163 1.00965678 0.005701
47.016419 1.00293044 0.006182
47.021036 1.00239966 0.003459
47.030263 1.00925316 0.003303
47.034154 1.01222409 0.005519
47.054498 1.00212784 0.005064
47.059042 1.01330485 0.006267
47.085057 1.01609423 0.007114
47.088685 1.00195381 0.007522
47.118325 1.01412261 0.007766
47.128673 1.00552801 0.005336
47.132655 1.00976202 0.004979
47.144822 1.00180402 0.007395
47.148675 1.00433208 0.007130
47.156811 1.00045504 0.005060
47.176392 1.00495411 0.007024
47.206843 1.01117856 0.004101
47.235115 1.01309827 0.004278
47.253495 1.01409330 0.007415
47.258990 1.01194282 0.003901
47.267268 1.00914346 0.003868
47.271148 1.00873427 0.005031
47.308363 1.01310651 0.005069
47.338558 1.01976082 0.006131
47.349405 1.02273209 0.005689
47.365473 1.01545804 0.003369
47.365539 1.01689192 0.007741
47.372851 1.01349117 0.006925
47.390200 1.01919948 0.004612
47.393790 1.02808117 0.004474
47.408552 1.01331638 0.004024
47.416346 1.01683806 0.003687
47.416491 1.02122886 0.007261
47.453117 1.01401545 0.004058
47.477123 0.97082969 0.007953
47.486685 1.01286067 0.005939
47.500154 1.02255415 0.003182
47.553513 1.02022637 0.004601
47.562782 1.02104956 0.006347
47.566398 1.01688906 0.006546
47.573984 1.01737927 0.005805
47.583614 1.02076763 0.007812
47.585772 1.01334383 0.004104
47.631516 1.02213773 0.004497
47.690287 1.02706916 0.004855
47.711835 1.02233955 0.007589
47.733241 1.02822153 0.007244
47.736911 1.01869792 0.004706
47.779956 1.02368750 0.004695
47.789561 1.01545583 0.004939
47.837470 1.02694458 0.005126
47.893634 1.02673507 0.005710
47.930516 1.02028213 0.007340
47.966467 1.02474031 0.006004
47.968104 1.03134024 0.007818
47.976335 1.02879941 0.004733
47.977923 1.02038914 0.004835
47.984706 1.02286230 0.005189
47.996253 1.02324017 0.003040
48.004938 1.01821071 0.004476
48.016595 1.03169276 0.005796
48.034679 1.02673044 0.003472
48.042053 1.02676260 0.007099
48.050771 1.02459470 0.004190
48.052025 1.02113882 0.007882
48.064320 1.02052506 0.003796
48.095818 1.03017904 0.006354
48.111510 1.02655975 0.004615
48.152132 1.02310171 0.005437
48.170278 1.03587129 0.005605
48.178769 1.03693644 0.003922
48.196170 1.02363746 0.004930
48.210953 1.02780871 0.004800
48.216535 1.01525490 0.003204
48.239173 1.02675230 0.005270
48.241640 1.03395586 0.004075
48.258242 1.02920008 0.006964
48.274773 1.03464587 0.003134
48.311077 1.01684639 0.005094
48.339286 1.02599786 0.003035
48.341271 1.02070187 0.007543
48.348756 1.02202934 0.007986
48.368715 1.01738648 0.007325
48.428414 1.03184784 0.003055
48.434411 1.02817163 0.007373
48.435028 1.01403093 0.006065
48.439955 1.02696549 0.006580
48.443390 1.02075660 0.005020
48.448549 1.01766221 0.004968
48.463179 1.02871655 0.005320
48.549575 1.02780726 0.003695
48.575876 1.01860634 0.007292
48.577549 1.02670764 0.007778
48.594901 1.02682210 0.005584
48.607218 1.02605490 0.003241
48.642242 1.01646815 0.004657
48.656041 1.02620242 0.004017
48.671295 1.01760704 0.006420
48.674722 1.07524242 0.006034
48.684647 1.02733139 0.003898
48.689678 1.01923645 0.003364
48.702630 1.00635114 0.004108
48.706551 1.02542478 0.005854
48.752579 1.01916923 0.006261
48.787773 1.01380695 0.007175
48.796177 1.02482550 0.005671
48.822614 1.00908145 0.005445
48.823156 1.01481387 0.007743
48.828490 1.02113877 0.005521
48.862188 1.01458228 0.006892
48.873217 1.01434390 0.006671
48.925168 1.02694899 0.003355
48.948917 1.01471320 0.004584
49.001840 1.01283671 0.007989
49.135133 1.00809280 0.006015
49.146113 1.00506921 0.004407
49.149689 1.00822321 0.007318
49.157065 1.01312636 0.007869
49.176124 1.01195124 0.005176
49.189749 1.00823757 0.003031
49.216776 1.00793525 0.006331
49.248081 1.00828719 0.006370
49.295204 1.00361500 0.004022
49.318020 1.01648057 0.004843
49.345214 1.00393993 0.003804
49.353670 1.01390917 0.005185
49.415936 1.01128483 0.005190
49.467961 0.99634350 0.003161
49.475447 1.00458323 0.003548
49.477765 1.00391778 0.005533
49.478197 1.00836704 0.005521
49.484593 1.00546516 0.007534
49.497817 1.00411612 0.006067
49.521263 1.00780949 0.004103
49.526266 1.00641962 0.004576
49.529431 1.00478336 0.004590
49.558953 1.01173934 0.006581
49.575774 1.00530105 0.007570
49.595230 1.00506613 0.005176
49.598701 1.00812255 0.003562
49.607677 1.00752632 0.006690
49.609312 1.00111700 0.004559
49.640775 1.00943788 0.003654
49.679656 1.00303831 0.004347
49.689644 0.99451721 0.007528
49.703400 1.00735610 0.003410
49.707544 0.99364140 0.007293
49.717063 1.01028585 0.006756
49.727973 0.99871604 0.004089
49.799702 1.00306303 0.006535
49.846001 1.00558503 0.004186
49.854688 0.99517119 0.006230
49.863268 0.99763781 0.006597
49.907853 0.99792598 0.006198
49.935976 0.99355511 0.004372
49.938108 0.99855799 0.005267
49.964519 1.00949693 0.004489
49.977724 0.99772099 0.005907
49.996312 1.00731685 0.006179
