# Time (days)	Flux	Error
0.000000	1.000273	0.001734
0.031250	1.017613	0.001347
0.062500	0.992508	0.001661
0.093750	1.007405	0.001337
0.125000	1.010957	0.001097
0.156250	1.019003	0.001458
0.187500	1.020660	0.002828
0.218750	1.027186	0.002331
0.250000	1.023898	0.001955
0.281250	1.026236	0.001356
0.312500	1.023249	0.001153
0.343750	1.023657	0.002229
0.375000	1.031453	0.001061
0.406250	1.031363	0.002752
0.437500	1.035677	0.002135
0.468750	1.032781	0.001237
0.500000	1.036739	0.002322
0.531250	1.027327	0.001380
0.562500	1.031118	0.001048
0.593750	1.017229	0.001282
0.625000	1.028620	0.002617
0.656250	1.019770	0.002368
0.687500	1.015125	0.002893
0.718750	1.027300	0.001080
0.750000	1.026880	0.002492
0.781250	1.032670	0.001623
0.812500	1.014368	0.002866
0.843750	1.002061	0.001480
0.875000	1.007664	0.002987
0.906250	1.018722	0.002518
0.937500	1.004693	0.001765
0.968750	1.003861	0.001800
1.000000	0.993436	0.002801
1.031250	0.991781	0.002976
1.062500	0.993636	0.002321
1.093750	1.000382	0.002830
1.125000	1.007426	0.001219
1.156250	0.982919	0.001267
1.187500	0.985636	0.002791
1.218750	0.981443	0.002179
1.250000	0.987612	0.001771
1.281250	0.966569	0.001944
1.312500	0.987809	0.002690
1.343750	0.968522	0.002462
1.375000	0.971248	0.002496
1.406250	0.973897	0.002190
1.437500	0.977145	0.002566
1.468750	0.979033	0.002001
1.500000	0.970306	0.002998
1.531250	0.968880	0.002498
1.562500	0.964456	0.001245
1.593750	0.981425	0.001440
1.625000	0.976370	0.001330
1.656250	0.976128	0.001678
1.687500	0.982080	0.001343
1.718750	0.963207	0.002543
1.750000	0.965626	0.002085
1.781250	0.973998	0.001030
1.812500	0.986934	0.002780
1.843750	0.985041	0.001682
1.875000	0.996375	0.001830
1.906250	0.990202	0.002005
1.937500	0.995855	0.002536
1.968750	0.995276	0.002297
2.000000	0.992770	0.001043
2.031250	0.988849	0.001083
2.062500	1.003090	0.001738
2.093750	1.007648	0.001520
2.125000	1.013344	0.001097
2.156250	1.013640	0.001069
2.187500	1.012383	0.002012
2.218750	1.013876	0.001203
2.250000	1.023673	0.002769
2.281250	1.030790	0.002450
2.312500	1.024353	0.001658
2.343750	1.028849	0.002437
2.375000	1.030825	0.002137
2.406250	1.038458	0.001732
2.437500	1.029676	0.002669
2.468750	1.029467	0.001955
2.500000	1.020752	0.002082
2.531250	1.036798	0.002871
2.562500	1.041131	0.001138
2.593750	1.026476	0.002067
2.625000	1.025086	0.002589
2.656250	1.054391	0.001694
2.687500	1.027368	0.002869
2.718750	1.023563	0.002241
2.750000	1.017925	0.001639
2.781250	1.016344	0.002057
2.812500	1.017866	0.001220
2.843750	1.017846	0.001363
2.875000	1.011283	0.002734
2.906250	1.005818	0.001454
2.937500	1.003938	0.001355
2.968750	0.988029	0.002906
3.000000	1.007535	0.002719
3.031250	0.985934	0.001844
3.062500	0.994359	0.002538
3.093750	0.992835	0.002232
3.125000	0.990416	0.002766
3.156250	0.996607	0.001331
3.187500	0.990527	0.001879
3.218750	0.984953	0.002054
3.250000	0.996832	0.002430
3.281250	0.978861	0.001132
3.312500	0.980083	0.002917
3.343750	0.976322	0.001798
3.375000	0.962154	0.002581
3.406250	0.980131	0.001361
3.437500	0.967148	0.001353
3.468750	0.969657	0.002788
3.500000	0.969764	0.002878
3.531250	0.982105	0.002282
3.562500	0.970034	0.001487
3.593750	0.975765	0.001782
3.625000	0.964380	0.001392
3.656250	0.985388	0.001289
3.687500	0.989867	0.002420
3.718750	0.979119	0.001570
3.750000	0.970462	0.001211
3.781250	0.981007	0.001139
3.812500	0.989396	0.002333
3.843750	0.975796	0.002358
3.875000	0.991653	0.001594
3.906250	0.991301	0.002935
3.937500	0.999255	0.002611
3.968750	0.979361	0.002354
4.000000	0.993170	0.001598
4.031250	0.999645	0.002602
4.062500	1.001344	0.002042
4.093750	1.001396	0.001462
4.125000	1.014951	0.002902
4.156250	1.026559	0.001347
4.187500	1.018494	0.001644
4.218750	1.018078	0.002765
4.250000	1.021199	0.001945
4.281250	1.018951	0.001943
4.312500	1.004972	0.001693
4.343750	1.020364	0.002198
4.375000	1.024301	0.001787
4.406250	1.032928	0.002352
4.437500	1.019157	0.001956
4.468750	1.012251	0.001586
4.500000	1.021499	0.001841
4.531250	1.022947	0.002176
4.562500	1.016974	0.001133
4.593750	1.017965	0.001712
4.625000	1.023224	0.002335
4.656250	1.012237	0.002062
4.687500	1.022596	0.001900
4.718750	1.030217	0.001176
4.750000	1.012945	0.002266
4.781250	1.010026	0.002551
4.812500	1.014790	0.001744
4.843750	1.013938	0.001268
4.875000	1.014109	0.001701
4.906250	0.997815	0.002062
4.937500	1.006123	0.001725
4.968750	1.003873	0.001046
5.000000	0.982540	0.002351
5.031250	0.994094	0.002707
5.062500	0.994522	0.002226
5.093750	1.000967	0.002349
5.125000	0.978098	0.001206
5.156250	0.990318	0.001331
5.187500	0.979208	0.001450
5.218750	0.982856	0.002843
5.250000	0.979668	0.002135
5.281250	0.979151	0.001734
5.312500	0.984485	0.002286
5.343750	0.991005	0.002719
5.375000	0.985030	0.002915
5.406250	0.987476	0.002219
5.437500	0.975386	0.001963
5.468750	0.983704	0.002279
5.500000	0.977285	0.002810
5.531250	0.985055	0.002112
5.562500	0.985969	0.001688
5.593750	0.976751	0.002762
5.625000	0.975779	0.001472
5.656250	0.975070	0.002296
5.687500	0.988252	0.002327
5.718750	0.999100	0.002951
5.750000	0.983192	0.001511
5.781250	0.984434	0.002763
5.812500	0.987612	0.002375
5.843750	1.003018	0.001690
5.875000	0.998469	0.002025
5.906250	0.997709	0.001505
5.937500	0.991168	0.002907
5.968750	1.002273	0.002961
6.000000	0.986820	0.002316
6.031250	1.008723	0.002139
6.062500	0.995261	0.001557
6.093750	1.004731	0.002678
6.125000	1.011444	0.002700
6.156250	1.000120	0.001572
6.187500	1.015842	0.002528
6.218750	1.010752	0.002595
6.250000	1.010353	0.002471
6.281250	1.026641	0.002941
6.312500	1.015656	0.001516
6.343750	1.016160	0.002379
6.375000	1.018616	0.002387
6.406250	1.018261	0.002158
6.437500	1.013164	0.002714
6.468750	1.010798	0.002945
6.500000	1.019709	0.001473
6.531250	1.030354	0.002546
6.562500	1.018261	0.002378
6.593750	1.004109	0.002833
6.625000	1.006432	0.001356
6.656250	1.000794	0.001400
6.687500	1.011191	0.001454
6.718750	1.012406	0.002146
6.750000	1.009014	0.001903
6.781250	0.995738	0.002928
6.812500	0.998891	0.002643
6.843750	1.016276	0.002834
6.875000	0.998923	0.002279
6.906250	0.999792	0.002903
6.937500	0.996278	0.001130
6.968750	0.984622	0.002307
7.000000	1.013187	0.001966
7.031250	0.992776	0.002180
7.062500	0.997175	0.001520
7.093750	0.988072	0.002724
7.125000	0.992536	0.002801
7.156250	0.981963	0.001654
7.187500	0.985935	0.002505
7.218750	0.999827	0.001140
7.250000	0.991157	0.001514
7.281250	0.993395	0.002848
7.312500	0.993087	0.001297
7.343750	0.981150	0.002883
7.375000	0.979438	0.002565
7.406250	0.982120	0.002808
7.437500	0.982894	0.002013
7.468750	1.001240	0.002826
7.500000	0.985648	0.001827
7.531250	0.985679	0.002758
7.562500	0.989005	0.002686
7.593750	0.991653	0.001913
7.625000	1.000731	0.002412
7.656250	0.993933	0.001485
7.687500	0.987466	0.002597
7.718750	0.999686	0.001224
7.750000	0.992496	0.001575
7.781250	0.986771	0.002216
7.812500	1.004688	0.002506
7.843750	1.006833	0.002211
7.875000	1.004460	0.002601
7.906250	1.003954	0.001511
7.937500	0.998877	0.001176
7.968750	1.001279	0.001376
8.000000	1.000681	0.002883
8.031250	1.007742	0.001207
8.062500	1.000452	0.001106
8.093750	1.005712	0.002733
8.125000	1.009426	0.002316
8.156250	1.001452	0.002360
8.187500	1.012662	0.001904
8.218750	1.012646	0.002328
8.250000	1.011805	0.002244
8.281250	1.015031	0.002308
8.312500	1.005252	0.001506
8.343750	1.009352	0.002789
8.375000	1.008963	0.002283
8.406250	1.005761	0.002432
8.437500	0.999817	0.001498
8.468750	1.004943	0.002841
8.500000	1.008724	0.001748
8.531250	1.016512	0.002540
8.562500	1.007157	0.002415
8.593750	1.007032	0.001063
8.625000	1.009995	0.002636
8.656250	0.999991	0.002659
8.687500	0.998414	0.002019
8.718750	1.009251	0.002612
8.750000	0.997795	0.001125
8.781250	1.000870	0.001519
8.812500	0.994522	0.001413
8.843750	0.985799	0.001119
8.875000	1.004113	0.002932
8.906250	0.979491	0.001742
8.937500	0.987245	0.001647
8.968750	0.975137	0.001839
9.000000	0.990030	0.002491
9.031250	0.993684	0.001461
9.062500	0.989653	0.001085
9.093750	0.991523	0.001290
9.125000	0.987221	0.001661
9.156250	0.980766	0.002936
9.187500	0.996140	0.002055
9.218750	0.992156	0.001453
9.250000	1.000638	0.002487
9.281250	0.994355	0.001592
9.312500	0.985896	0.001336
9.343750	0.988878	0.002815
9.375000	0.984941	0.001523
9.406250	0.991950	0.002393
9.437500	0.989861	0.002980
9.468750	0.993891	0.002276
9.500000	0.994475	0.001354
9.531250	0.994379	0.002543
9.562500	0.992919	0.001352
9.593750	0.991041	0.001124
9.625000	0.995703	0.001462
9.656250	0.997896	0.002463
9.687500	1.007093	0.001501
9.718750	1.011108	0.002941
9.750000	1.004190	0.002473
9.781250	1.016542	0.002532
9.812500	0.998691	0.001118
9.843750	1.015485	0.001929
9.875000	1.000014	0.001940
9.906250	1.001189	0.002708
9.937500	1.018063	0.001339
9.968750	1.010197	0.001373
10.000000	1.014304	0.002771
10.031250	1.020041	0.001023
10.062500	1.015594	0.001218
10.093750	1.007280	0.001741
10.125000	1.002880	0.001804
10.156250	1.008377	0.002436
10.187500	1.006731	0.001889
10.218750	1.008890	0.002797
10.250000	1.002647	0.002033
10.281250	1.000895	0.002046
10.312500	1.009501	0.002817
10.343750	1.009674	0.001050
10.375000	1.008308	0.001366
10.406250	1.000827	0.001733
10.437500	1.005565	0.001765
10.468750	1.007322	0.002791
10.500000	1.005094	0.002392
10.531250	1.010564	0.002916
10.562500	1.008055	0.001827
10.593750	0.993672	0.001720
10.625000	0.997868	0.002191
10.656250	0.987914	0.001776
10.687500	0.999375	0.001265
10.718750	0.992023	0.001253
10.750000	0.989725	0.002694
10.781250	0.982688	0.001789
10.812500	0.981250	0.002340
10.843750	0.992830	0.002462
10.875000	0.984398	0.002461
10.906250	0.998590	0.001247
10.937500	0.985283	0.002768
10.968750	0.972941	0.002000
11.000000	0.992588	0.001158
11.031250	1.002068	0.002312
11.062500	0.991931	0.002919
11.093750	0.988253	0.002025
11.125000	0.989873	0.002409
11.156250	1.003750	0.002989
11.187500	0.998351	0.002759
11.218750	0.983716	0.001255
11.250000	0.982666	0.001966
11.281250	0.998826	0.002745
11.312500	0.991145	0.001706
11.343750	0.997409	0.001697
11.375000	0.992569	0.001043
11.406250	0.989880	0.001727
11.437500	0.985468	0.001599
11.468750	1.002088	0.002075
11.500000	0.995647	0.001177
11.531250	0.995851	0.001406
11.562500	1.009203	0.002484
11.593750	0.992985	0.001431
11.625000	1.012776	0.001078
11.656250	0.999823	0.001052
11.687500	1.011273	0.002650
11.718750	1.009226	0.001354
11.750000	1.002748	0.001718
11.781250	1.016202	0.001484
11.812500	1.016593	0.001599
11.843750	1.014318	0.001179
11.875000	1.000686	0.001216
11.906250	1.009109	0.001696
11.937500	1.014329	0.001060
11.968750	1.015235	0.002789
12.000000	1.008320	0.001518
12.031250	1.012827	0.002751
12.062500	1.012862	0.001341
12.093750	1.005556	0.001360
12.125000	1.011127	0.001276
12.156250	1.008406	0.002292
12.187500	1.013096	0.002776
12.218750	1.025632	0.002217
12.250000	1.000259	0.002860
12.281250	1.004587	0.001803
12.312500	1.027506	0.002726
12.343750	1.008785	0.002877
12.375000	0.996284	0.002117
12.406250	1.003497	0.001640
12.437500	0.989469	0.001235
12.468750	0.994399	0.001843
12.500000	0.998087	0.002927
12.531250	0.993073	0.002112
12.562500	0.994647	0.001443
12.593750	1.014075	0.001122
12.625000	0.987888	0.001959
12.656250	0.996794	0.001531
12.687500	0.996374	0.002698
12.718750	0.992214	0.002239
12.750000	0.990117	0.002346
12.781250	1.000068	0.001042
12.812500	0.984180	0.002956
12.843750	0.987027	0.001296
12.875000	0.984300	0.001647
12.906250	0.984964	0.001638
12.937500	0.978880	0.002586
12.968750	0.972082	0.002262
13.000000	0.995187	0.002079
13.031250	0.997212	0.002886
13.062500	0.976665	0.002469
13.093750	0.995473	0.001383
13.125000	0.986426	0.001835
13.156250	0.985905	0.001298
13.187500	0.995539	0.002311
13.218750	1.003831	0.001528
13.250000	1.001349	0.002714
13.281250	0.998893	0.002398
13.312500	0.992966	0.002200
13.343750	0.980575	0.002497
13.375000	1.006777	0.001425
13.406250	0.996152	0.002570
13.437500	0.974521	0.001413
13.468750	0.995079	0.002233
13.500000	0.994529	0.001029
13.531250	0.995262	0.002110
13.562500	1.011431	0.001939
13.593750	1.006125	0.001057
13.625000	1.010160	0.002065
13.656250	1.015593	0.002073
13.687500	1.017318	0.001309
13.718750	1.024595	0.001531
13.750000	1.012873	0.002685
13.781250	1.024852	0.002379
13.812500	1.001123	0.001928
13.843750	1.016541	0.002082
13.875000	1.026098	0.002122
13.906250	1.018684	0.001954
13.937500	1.024751	0.002771
13.968750	1.020498	0.002661
14.000000	1.010497	0.001745
14.031250	1.005310	0.001061
14.062500	1.011243	0.001202
14.093750	1.003719	0.001688
14.125000	1.012163	0.001500
14.156250	1.010533	0.001312
14.187500	1.007213	0.002365
14.218750	1.005449	0.002469
14.250000	1.005071	0.002389
14.281250	1.030586	0.001439
14.312500	0.998537	0.001099
14.343750	1.010640	0.002619
14.375000	0.990524	0.001831
14.406250	1.007464	0.002856
14.437500	0.992151	0.002134
14.468750	0.996825	0.002701
14.500000	1.001934	0.001155
14.531250	0.985215	0.001541
14.562500	1.002430	0.002369
14.593750	1.001069	0.002741
14.625000	0.993661	0.001503
14.656250	1.005872	0.002019
14.687500	0.985281	0.002844
14.718750	0.993608	0.002072
14.750000	0.997571	0.002929
14.781250	0.988269	0.001465
14.812500	0.984300	0.002964
14.843750	0.987718	0.001917
14.875000	0.986421	0.002582
14.906250	0.981727	0.001808
14.937500	0.997520	0.001042
14.968750	0.993496	0.002738
15.000000	0.975039	0.002084
15.031250	0.991668	0.002727
15.062500	0.971012	0.002090
15.093750	0.984287	0.002584
15.125000	0.991766	0.001726
15.156250	0.975874	0.001078
15.187500	0.985291	0.001347
15.218750	0.984059	0.001059
15.250000	0.987316	0.002817
15.281250	0.991572	0.001495
15.312500	0.996652	0.002127
15.343750	0.988336	0.001736
15.375000	0.998604	0.001523
15.406250	0.987764	0.002579
15.437500	0.985885	0.001191
15.468750	1.006423	0.001542
15.500000	0.988171	0.002909
15.531250	1.004596	0.002682
15.562500	0.991191	0.002521
15.593750	1.010620	0.001392
15.625000	1.000537	0.002018
15.656250	0.998833	0.001236
15.687500	1.013584	0.002399
15.718750	1.003336	0.002520
15.750000	1.009335	0.001512
15.781250	1.006818	0.001597
15.812500	1.016443	0.002193
15.843750	1.005077	0.002245
15.875000	1.017646	0.001383
15.906250	1.013657	0.001500
15.937500	1.008735	0.002608
15.968750	1.024911	0.002331
16.000000	1.008950	0.001835
16.031250	1.020702	0.002271
16.062500	1.011160	0.001796
16.093750	1.004696	0.001208
16.125000	1.010735	0.001960
16.156250	1.005805	0.001932
16.187500	0.997661	0.001948
16.218750	1.016350	0.001383
16.250000	1.001923	0.002016
16.281250	1.012375	0.001144
16.312500	1.004970	0.002137
16.343750	1.006406	0.002420
16.375000	1.007441	0.002160
16.406250	1.003917	0.002354
16.437500	1.001955	0.002820
16.468750	1.001332	0.001064
16.500000	0.996894	0.002873
16.531250	0.994550	0.001234
16.562500	0.998532	0.001999
16.593750	1.004083	0.001179
16.625000	1.004825	0.001319
16.656250	1.005883	0.002368
16.687500	0.998241	0.002306
16.718750	0.990092	0.002818
16.750000	0.991284	0.002840
16.781250	0.998785	0.002386
16.812500	0.976983	0.001693
16.843750	0.982108	0.002933
16.875000	0.987428	0.002362
16.906250	0.990466	0.002496
16.937500	0.986828	0.001956
16.968750	0.987805	0.002292
17.000000	0.993334	0.002326
17.031250	0.979082	0.001350
17.062500	0.999088	0.002692
17.093750	0.969074	0.001236
17.125000	0.987916	0.002335
17.156250	0.989912	0.001750
17.187500	0.983590	0.002554
17.218750	0.987752	0.001422
17.250000	0.983186	0.001479
17.281250	0.988668	0.002816
17.312500	0.992371	0.001083
17.343750	0.997429	0.001154
17.375000	0.983264	0.002893
17.406250	1.000435	0.001434
17.437500	0.987061	0.001126
17.468750	0.999322	0.001999
17.500000	0.993025	0.001734
17.531250	0.993337	0.001245
17.562500	0.997710	0.001017
17.593750	1.007120	0.002517
17.625000	1.005543	0.002771
17.656250	1.000280	0.002906
17.687500	1.007305	0.002054
17.718750	1.004397	0.002052
17.750000	0.999646	0.001894
17.781250	1.001507	0.002459
17.812500	1.020648	0.002005
17.843750	1.012272	0.001131
17.875000	0.997482	0.002043
17.906250	1.011863	0.002958
17.937500	1.007927	0.001733
17.968750	1.017309	0.002517
18.000000	1.002699	0.002651
18.031250	1.015264	0.002657
18.062500	1.005684	0.001621
18.093750	1.002600	0.001066
18.125000	1.009085	0.002424
18.156250	1.005053	0.001805
18.187500	1.008208	0.001056
18.218750	1.015605	0.002656
18.250000	1.004417	0.002881
18.281250	1.006120	0.001919
18.312500	0.990565	0.001194
18.343750	1.004633	0.002684
18.375000	1.003545	0.002042
18.406250	1.009523	0.001292
18.437500	1.014215	0.002426
18.468750	1.005628	0.002490
18.500000	1.007990	0.002897
18.531250	1.001344	0.001062
18.562500	1.004422	0.002013
18.593750	1.003286	0.001050
18.625000	0.992826	0.002853
18.656250	0.997462	0.002230
18.687500	0.997123	0.002985
18.718750	0.990027	0.002315
18.750000	0.988062	0.001888
18.781250	0.994063	0.002896
18.812500	1.002113	0.002310
18.843750	1.000140	0.002483
18.875000	1.006115	0.002467
18.906250	0.982774	0.002825
18.937500	0.998166	0.001668
18.968750	0.989177	0.002904
19.000000	0.982209	0.002306
19.031250	0.985874	0.001041
19.062500	0.992517	0.001180
19.093750	0.993591	0.001903
19.125000	1.004904	0.001371
19.156250	0.996381	0.001991
19.187500	1.000362	0.001382
19.218750	0.987979	0.002971
19.250000	1.000596	0.002268
19.281250	1.006726	0.002205
19.312500	0.997837	0.001923
19.343750	0.997550	0.001434
19.375000	0.984439	0.001327
19.406250	0.995122	0.002554
19.437500	0.988479	0.001329
19.468750	0.997786	0.001899
19.500000	0.997660	0.002910
19.531250	0.990136	0.001618
19.562500	0.992069	0.002814
19.593750	0.995028	0.002993
19.625000	0.999985	0.002031
19.656250	0.990708	0.002562
19.687500	0.996471	0.002833
19.718750	1.005994	0.001174
19.750000	0.988009	0.001603
19.781250	0.987228	0.002296
19.812500	0.995559	0.002082
19.843750	0.994148	0.001591
19.875000	0.996763	0.002182
19.906250	1.011046	0.001495
19.937500	1.009839	0.001074
19.968750	1.001752	0.002903
20.000000	0.999118	0.001277
20.031250	1.003835	0.001586
20.062500	1.015607	0.001278
20.093750	1.002231	0.001426
20.125000	1.009440	0.002462
20.156250	1.003423	0.002073
20.187500	1.004878	0.001180
20.218750	1.012782	0.001592
20.250000	0.999763	0.002046
20.281250	1.003592	0.002556
20.312500	1.018725	0.002928
20.343750	1.005238	0.002899
20.375000	1.000525	0.001082
20.406250	1.014264	0.002188
20.437500	0.993161	0.001397
20.468750	1.011615	0.001181
20.500000	1.000175	0.002673
20.531250	0.998459	0.001131
20.562500	0.997000	0.002424
20.593750	1.004611	0.001959
20.625000	1.003990	0.001047
20.656250	1.006167	0.002359
20.687500	1.006826	0.002311
20.718750	0.995187	0.002393
20.750000	1.010815	0.002211
20.781250	1.005728	0.002374
20.812500	1.005662	0.001856
20.843750	1.007846	0.002561
20.875000	1.001527	0.002491
20.906250	1.002078	0.001972
20.937500	1.000204	0.001596
20.968750	1.010931	0.002929
21.000000	1.005383	0.002965
21.031250	0.997319	0.001818
21.062500	1.004333	0.001685
21.093750	1.006331	0.002827
21.125000	1.007603	0.002257
21.156250	1.003693	0.001576
21.187500	1.006791	0.002524
21.218750	0.991785	0.001181
21.250000	0.982559	0.001922
21.281250	0.995027	0.002469
21.312500	0.999246	0.001590
21.343750	0.986806	0.002663
21.375000	0.992061	0.002156
21.406250	0.990784	0.001602
21.437500	0.997011	0.002650
21.468750	0.995610	0.001969
21.500000	0.983725	0.001938
21.531250	0.980199	0.001758
21.562500	0.991838	0.001015
21.593750	0.999612	0.002073
21.625000	0.995838	0.001038
21.656250	0.981300	0.002418
21.687500	0.989297	0.002404
21.718750	0.993976	0.001780
21.750000	0.985408	0.002988
21.781250	0.992003	0.002736
21.812500	0.989593	0.001995
21.843750	0.989482	0.002636
21.875000	0.987793	0.001339
21.906250	0.982409	0.002825
21.937500	1.001515	0.002563
21.968750	0.999910	0.002147
22.000000	0.989683	0.002281
22.031250	0.993611	0.001296
22.062500	0.987142	0.001103
22.093750	0.990991	0.002096
22.125000	1.007831	0.001955
22.156250	1.009995	0.002939
22.187500	1.005621	0.002302
22.218750	1.001951	0.002815
22.250000	1.006856	0.002837
22.281250	0.997827	0.001652
22.312500	1.007252	0.002984
22.343750	0.999011	0.001094
22.375000	1.012545	0.001502
22.406250	1.012464	0.002574
22.437500	1.007764	0.002947
22.468750	1.008348	0.001402
22.500000	0.999904	0.002577
22.531250	1.015009	0.001139
22.562500	1.003085	0.001472
22.593750	1.021077	0.002069
22.625000	1.019756	0.002403
22.656250	1.008982	0.002165
22.687500	1.008115	0.002359
22.718750	1.017179	0.002072
22.750000	1.022566	0.002548
22.781250	1.003664	0.001905
22.812500	1.013460	0.001418
22.843750	1.003586	0.001891
22.875000	1.020970	0.002806
22.906250	1.014158	0.002390
22.937500	1.017763	0.001389
22.968750	1.015618	0.001278
23.000000	1.011528	0.002313
23.031250	1.000486	0.001201
23.062500	1.006569	0.001574
23.093750	1.003153	0.002181
23.125000	1.003230	0.002695
23.156250	1.001146	0.001379
23.187500	1.011277	0.002030
23.218750	1.003773	0.002554
23.250000	1.008329	0.001935
23.281250	0.987863	0.001059
23.312500	1.014542	0.002571
23.343750	1.000400	0.002031
23.375000	0.993771	0.001039
23.406250	0.982327	0.001230
23.437500	0.995369	0.001965
23.468750	0.981339	0.001188
23.500000	1.000202	0.002462
23.531250	0.993320	0.002846
23.562500	0.977250	0.002015
23.593750	0.980023	0.002636
23.625000	0.986468	0.002811
23.656250	0.963665	0.002821
23.687500	0.992712	0.002451
23.718750	0.983906	0.001216
23.750000	0.979934	0.002848
23.781250	0.981417	0.002353
23.812500	0.982866	0.002927
23.843750	0.996444	0.002819
23.875000	0.984369	0.001095
23.906250	0.982409	0.001980
23.937500	0.990691	0.001965
23.968750	0.984229	0.002872
24.000000	0.984949	0.001258
24.031250	0.973461	0.001414
24.062500	0.994757	0.001064
24.093750	0.994783	0.002180
24.125000	0.993758	0.002845
24.156250	0.987237	0.002934
24.187500	0.989812	0.001012
24.218750	0.996430	0.002195
24.250000	0.992354	0.001033
24.281250	0.999506	0.002207
24.312500	0.994984	0.002399
24.343750	1.013973	0.001955
24.375000	1.001207	0.002859
24.406250	1.003600	0.001207
24.437500	1.001581	0.001017
24.468750	1.014605	0.002536
24.500000	1.010803	0.001379
24.531250	1.005841	0.002649
24.562500	1.009733	0.002643
24.593750	1.010596	0.002138
24.625000	1.012407	0.001188
24.656250	1.022180	0.002600
24.687500	1.025742	0.001555
24.718750	1.013090	0.001458
24.750000	1.018901	0.001375
24.781250	1.014193	0.002799
24.812500	1.027272	0.002552
24.843750	1.028071	0.002063
24.875000	1.017134	0.001929
24.906250	1.015340	0.002071
24.937500	1.013927	0.001758
24.968750	1.015621	0.001137
25.000000	1.013425	0.001782
25.031250	1.007610	0.002986
25.062500	1.012324	0.001655
25.093750	1.016254	0.001724
25.125000	1.013578	0.001620
25.156250	1.011712	0.002653
25.187500	1.017437	0.001059
25.218750	1.009491	0.001136
25.250000	1.004436	0.001706
25.281250	1.004016	0.002421
25.312500	0.993133	0.002487
25.343750	0.987743	0.002062
25.375000	0.996346	0.001403
25.406250	0.999147	0.001043
25.437500	0.998634	0.002210
25.468750	0.996185	0.001972
25.500000	0.995187	0.001688
25.531250	0.986686	0.002488
25.562500	0.979321	0.001312
25.593750	0.999071	0.001063
25.625000	0.981961	0.002526
25.656250	0.980510	0.001831
25.687500	0.979001	0.002815
25.718750	0.975340	0.002390
25.750000	0.992865	0.001744
25.781250	0.966449	0.002602
25.812500	0.973949	0.001608
25.843750	0.973494	0.001171
25.875000	0.982103	0.001774
25.906250	0.975726	0.002915
25.937500	0.977773	0.001033
25.968750	0.975562	0.001602
26.000000	0.976786	0.002964
26.031250	0.983146	0.001074
26.062500	0.977843	0.001980
26.093750	0.985216	0.002308
26.125000	0.985999	0.001565
26.156250	0.983258	0.002845
26.187500	0.998076	0.002466
26.218750	0.991586	0.001065
26.250000	1.000071	0.001371
26.281250	0.991923	0.002764
26.312500	1.001835	0.001533
26.343750	1.014947	0.001115
26.375000	1.006544	0.001704
26.406250	1.003027	0.001071
26.437500	1.012330	0.001131
26.468750	1.013713	0.002952
26.500000	1.016523	0.001770
26.531250	1.000496	0.001614
26.562500	1.009006	0.001612
26.593750	1.005619	0.001502
26.625000	1.006970	0.001215
26.656250	1.009856	0.001224
26.687500	1.019469	0.001593
26.718750	1.026606	0.002621
26.750000	1.023544	0.001532
26.781250	1.019523	0.001325
26.812500	1.026538	0.001776
26.843750	1.019666	0.001007
26.875000	1.020960	0.002932
26.906250	1.030168	0.002950
26.937500	1.019829	0.002148
26.968750	1.018079	0.002256
27.000000	1.026241	0.001483
27.031250	1.018453	0.001065
27.062500	1.016546	0.001740
27.093750	1.018952	0.002473
27.125000	1.025806	0.002131
27.156250	1.018066	0.002770
27.187500	1.011358	0.001931
27.218750	1.008390	0.002626
27.250000	1.016215	0.002183
27.281250	1.002906	0.002322
27.312500	0.997266	0.002437
27.343750	1.014146	0.002792
27.375000	0.993657	0.002184
27.406250	1.003852	0.001865
27.437500	0.996840	0.002087
27.468750	0.988055	0.001814
27.500000	0.995883	0.001952
27.531250	0.977865	0.002073
27.562500	0.987898	0.002076
27.593750	0.986563	0.001975
27.625000	0.990340	0.001031
27.656250	0.982970	0.001309
27.687500	0.981285	0.002552
27.718750	0.975583	0.002612
27.750000	0.983966	0.002274
27.781250	0.986440	0.001495
27.812500	0.983153	0.002748
27.843750	0.986709	0.002350
27.875000	0.976361	0.001013
27.906250	0.978542	0.001440
27.937500	0.981514	0.002621
27.968750	0.977443	0.002422
28.000000	0.980741	0.001560
28.031250	0.971075	0.002900
28.062500	0.988885	0.002507
28.093750	0.995484	0.002987
28.125000	0.973998	0.001220
28.156250	0.980432	0.001849
28.187500	0.986971	0.002454
28.218750	0.989531	0.001881
28.250000	0.986073	0.002417
28.281250	0.993308	0.001762
28.312500	0.997093	0.002393
28.343750	1.004913	0.002326
28.375000	1.000271	0.002577
28.406250	1.007663	0.001752
28.437500	0.998112	0.001996
28.468750	1.011274	0.002103
28.500000	1.002985	0.002008
28.531250	1.008089	0.001033
28.562500	1.024471	0.002766
28.593750	1.013162	0.002811
28.625000	1.020918	0.002567
28.656250	1.029997	0.002742
28.687500	1.007117	0.001734
28.718750	1.024008	0.002258
28.750000	1.011266	0.002214
28.781250	1.016308	0.002278
28.812500	1.020749	0.002277
28.843750	1.013262	0.002463
28.875000	1.026047	0.002659
28.906250	1.012055	0.002567
28.937500	1.017865	0.002139
28.968750	1.002829	0.001527
29.000000	1.020798	0.001431
29.031250	1.020758	0.001219
29.062500	1.019384	0.001766
29.093750	1.012053	0.001163
29.125000	1.008026	0.002622
29.156250	1.003057	0.002828
29.187500	1.006879	0.001802
29.218750	1.003996	0.001768
29.250000	1.009641	0.001763
29.281250	0.998335	0.002272
29.312500	1.000686	0.002462
29.343750	1.000923	0.001590
29.375000	0.999923	0.001475
29.406250	1.004936	0.001686
29.437500	0.978538	0.001478
29.468750	1.006518	0.001049
29.500000	0.996041	0.001039
29.531250	0.985986	0.001973
29.562500	0.981152	0.002262
29.593750	0.986176	0.001486
29.625000	0.980990	0.001231
29.656250	0.987385	0.002634
29.687500	0.974311	0.001433
29.718750	0.978015	0.002771
29.750000	0.971397	0.002783
29.781250	0.985063	0.001921
29.812500	0.970342	0.001015
29.843750	0.972308	0.001972
29.875000	0.980153	0.001699
29.906250	0.969089	0.002031
29.937500	0.985623	0.002891
29.968750	0.971293	0.001135
30.000000	0.983357	0.002955
30.031250	0.967600	0.002946
30.062500	0.987239	0.002690
30.093750	0.973948	0.001556
30.125000	0.987616	0.001977
30.156250	0.984545	0.002713
30.187500	0.996737	0.002831
30.218750	0.995180	0.002561
30.250000	1.000826	0.001652
30.281250	0.985993	0.001327
30.312500	0.999220	0.002268
30.343750	1.005652	0.001896
30.375000	1.002999	0.001570
30.406250	1.000375	0.002299
30.437500	0.993210	0.002302
30.468750	1.011341	0.001635
30.500000	1.020680	0.002620
30.531250	0.998361	0.002025
30.562500	0.994991	0.002903
30.593750	1.015466	0.002505
30.625000	1.005925	0.001771
30.656250	1.010488	0.002012
30.687500	1.022160	0.001155
30.718750	1.013323	0.002926
30.750000	1.030684	0.002495
30.781250	1.021254	0.002679
30.812500	1.016108	0.002766
30.843750	1.009389	0.002168
30.875000	1.025363	0.002418
30.906250	1.016687	0.001248
30.937500	1.018314	0.002470
30.968750	1.023920	0.001725
31.000000	1.002148	0.001836
31.031250	1.014122	0.001822
31.062500	1.020580	0.001545
31.093750	1.010663	0.002026
31.125000	1.011747	0.001800
31.156250	1.011578	0.002272
31.187500	1.011226	0.001303
31.218750	1.010831	0.001186
31.250000	1.012948	0.001384
31.281250	0.998274	0.001421
31.312500	1.007433	0.002715
31.343750	1.007223	0.002458
31.375000	1.001129	0.002851
31.406250	0.986945	0.001673
31.437500	0.995911	0.001663
31.468750	0.985929	0.001310
31.500000	0.987361	0.001316
31.531250	0.986208	0.001617
31.562500	0.988859	0.002446
31.593750	0.990889	0.002326
31.625000	0.987933	0.002803
31.656250	0.992141	0.002385
31.687500	0.984818	0.002789
31.718750	0.993707	0.001492
31.750000	0.980418	0.001549
31.781250	0.980816	0.002755
31.812500	0.977949	0.001752
31.843750	0.983008	0.001519
31.875000	0.985707	0.002580
31.906250	0.982097	0.002249
31.937500	0.983131	0.002059
31.968750	0.982080	0.001020
32.000000	0.990667	0.002820
32.031250	0.984466	0.002909
32.062500	0.997237	0.002043
32.093750	0.987249	0.002117
32.125000	0.990286	0.002242
32.156250	0.984381	0.001533
32.187500	0.987897	0.002360
32.218750	1.000089	0.001581
32.250000	0.998201	0.001720
32.281250	0.995574	0.002033
32.312500	1.003243	0.001601
32.343750	1.008154	0.001712
32.375000	1.007576	0.001072
32.406250	1.006840	0.002900
32.437500	1.007867	0.001927
32.468750	1.012670	0.001832
32.500000	1.009382	0.002668
32.531250	1.003642	0.002301
32.562500	1.012459	0.002288
32.593750	1.012619	0.002161
32.625000	1.020396	0.001259
32.656250	1.028854	0.001361
32.687500	1.011206	0.001154
32.718750	1.014237	0.002230
32.750000	1.033370	0.002645
32.781250	1.020183	0.002229
32.812500	1.017260	0.002576
32.843750	1.007338	0.001120
32.875000	1.024172	0.001269
32.906250	1.006417	0.001981
32.937500	1.004867	0.001772
32.968750	1.012209	0.002269
33.000000	1.010406	0.001343
33.031250	0.997481	0.002527
33.062500	1.011700	0.001821
33.093750	1.001889	0.001586
33.125000	0.993174	0.002313
33.156250	0.995232	0.001289
33.187500	0.998002	0.002493
33.218750	0.995879	0.001388
33.250000	0.989917	0.001070
33.281250	0.991979	0.002848
33.312500	0.981745	0.001384
33.343750	0.993376	0.001830
33.375000	0.992849	0.002191
33.406250	0.995237	0.001249
33.437500	0.979505	0.001053
33.468750	0.981848	0.001019
33.500000	0.978370	0.001423
33.531250	0.982080	0.002818
33.562500	0.991567	0.002880
33.593750	0.990196	0.001916
33.625000	0.988050	0.001583
33.656250	0.969998	0.001658
33.687500	0.999129	0.002943
33.718750	0.990151	0.002244
33.750000	0.985423	0.001725
33.781250	0.975292	0.002513
33.812500	0.974628	0.001462
33.843750	0.986678	0.001316
33.875000	0.992742	0.001280
33.906250	1.004738	0.002830
33.937500	0.990249	0.002616
33.968750	0.988186	0.002985
34.000000	0.978813	0.002873
34.031250	1.002518	0.002616
34.062500	0.988666	0.002541
34.093750	1.004492	0.002349
34.125000	1.005677	0.002192
34.156250	0.990927	0.002891
34.187500	1.006436	0.001112
34.218750	1.000266	0.002944
34.250000	1.001592	0.002348
34.281250	0.991102	0.001380
34.312500	1.002951	0.001396
34.343750	1.015098	0.001866
34.375000	1.010409	0.001804
34.406250	1.010486	0.001035
34.437500	1.006009	0.001518
34.468750	1.002635	0.002370
34.500000	1.008343	0.002311
34.531250	1.024534	0.001209
34.562500	1.017924	0.002543
34.593750	1.032526	0.002660
34.625000	1.007759	0.001305
34.656250	1.011854	0.001193
34.687500	1.017003	0.001299
34.718750	1.008034	0.002926
34.750000	1.012149	0.001745
34.781250	1.018009	0.001016
34.812500	1.012820	0.001621
34.843750	1.015825	0.001685
34.875000	1.002838	0.001465
34.906250	0.995038	0.001954
34.937500	0.999699	0.001559
34.968750	1.013820	0.001509
35.000000	1.002649	0.001805
35.031250	1.000287	0.001518
35.062500	1.001283	0.002147
35.093750	0.996689	0.001871
35.125000	0.993380	0.002693
35.156250	0.984797	0.002395
35.187500	0.993893	0.002778
35.218750	0.999371	0.001582
35.250000	1.003572	0.002128
35.281250	0.986302	0.001167
35.312500	0.978087	0.001438
35.343750	0.990100	0.002044
35.375000	0.992252	0.002210
35.406250	0.987410	0.001809
35.437500	0.984347	0.001914
35.468750	0.983998	0.001024
35.500000	0.991932	0.001045
35.531250	0.992705	0.001593
35.562500	0.980389	0.002535
35.593750	0.986987	0.002304
35.625000	0.984573	0.002194
35.656250	0.991675	0.002827
35.687500	0.980252	0.001565
35.718750	1.004083	0.001697
35.750000	0.985206	0.002178
35.781250	1.001508	0.002351
35.812500	0.982559	0.002290
35.843750	0.998991	0.001735
35.875000	0.991832	0.002081
35.906250	1.001339	0.001216
35.937500	1.001470	0.002287
35.968750	0.994305	0.001043
36.000000	0.989072	0.002167
36.031250	1.011175	0.002067
36.062500	1.012421	0.002068
36.093750	1.006010	0.001718
36.125000	1.006982	0.002935
36.156250	0.998928	0.002209
36.187500	1.009986	0.001110
36.218750	1.018731	0.001769
36.250000	1.022008	0.001239
36.281250	1.018161	0.001701
36.312500	1.009376	0.002154
36.343750	1.032253	0.002002
36.375000	1.017266	0.002639
36.406250	1.033279	0.002205
36.437500	1.029187	0.002239
36.468750	1.015126	0.002365
36.500000	1.017952	0.001495
36.531250	1.011554	0.001494
36.562500	1.013436	0.001149
36.593750	1.027342	0.002763
36.625000	1.034358	0.001345
36.656250	1.009008	0.002313
36.687500	1.017991	0.002261
36.718750	1.019042	0.002544
36.750000	1.007511	0.001155
36.781250	1.011277	0.002137
36.812500	1.010536	0.001247
36.843750	1.000405	0.001300
36.875000	1.001809	0.002488
36.906250	0.994861	0.001242
36.937500	1.012336	0.001075
36.968750	0.989331	0.002421
37.000000	0.984885	0.001172
37.031250	1.001551	0.001180
37.062500	0.998827	0.002811
37.093750	0.990434	0.001194
37.125000	0.997616	0.002158
37.156250	0.999060	0.001167
37.187500	0.996412	0.001638
37.218750	0.979197	0.002855
37.250000	0.984701	0.002651
37.281250	0.979444	0.001179
37.312500	0.969456	0.001303
37.343750	0.985137	0.001879
37.375000	0.979767	0.001375
37.406250	0.967718	0.001955
37.437500	0.980424	0.001306
37.468750	0.968876	0.002055
37.500000	0.980028	0.002673
37.531250	0.972244	0.001361
37.562500	0.971904	0.002332
37.593750	0.976011	0.001676
37.625000	0.990577	0.002537
37.656250	0.986773	0.001693
37.687500	0.995790	0.001279
37.718750	0.988256	0.001224
37.750000	0.975709	0.001778
37.781250	0.990736	0.002578
37.812500	0.986464	0.002145
37.843750	0.993335	0.001338
37.875000	0.994903	0.001594
37.906250	1.000471	0.002471
37.937500	0.997154	0.002583
37.968750	0.996889	0.002750
38.000000	1.006387	0.001560
38.031250	1.016119	0.002064
38.062500	1.014678	0.001285
38.093750	1.005019	0.002211
38.125000	1.020740	0.002141
38.156250	1.028358	0.001019
38.187500	1.014992	0.001837
38.218750	1.018499	0.002800
38.250000	1.024169	0.001278
38.281250	1.018633	0.001610
38.312500	1.031266	0.001877
38.343750	1.022862	0.002750
38.375000	1.021776	0.002454
38.406250	1.022856	0.001191
38.437500	1.035013	0.002269
38.468750	1.020134	0.002960
38.500000	1.030188	0.002549
38.531250	1.022728	0.002951
38.562500	1.015557	0.001373
38.593750	1.011987	0.001311
38.625000	1.015329	0.002061
38.656250	1.014291	0.002231
38.687500	1.011943	0.001560
38.718750	1.015809	0.001814
38.750000	1.018555	0.002610
38.781250	0.997978	0.002885
38.812500	1.003255	0.002738
38.843750	1.005870	0.002916
38.875000	1.000541	0.002080
38.906250	0.995714	0.001923
38.937500	0.996434	0.002989
38.968750	0.994872	0.001516
39.000000	0.975367	0.002714
39.031250	0.996535	0.002033
39.062500	0.978418	0.001543
39.093750	0.980902	0.002787
39.125000	0.984827	0.002477
39.156250	0.977246	0.001315
39.187500	0.970972	0.002579
39.218750	0.969209	0.002692
39.250000	0.974026	0.001266
39.281250	0.982713	0.002868
39.312500	0.975464	0.001513
39.343750	0.971009	0.001113
39.375000	0.983003	0.001398
39.406250	0.971399	0.002327
39.437500	0.968148	0.002904
39.468750	0.977371	0.002619
39.500000	0.970890	0.002660
39.531250	0.971905	0.001982
39.562500	0.977602	0.001971
39.593750	0.989867	0.002862
39.625000	0.963267	0.002675
39.656250	0.974096	0.001426
39.687500	0.974349	0.002845
39.718750	0.988032	0.001054
39.750000	0.985657	0.001496
39.781250	0.992970	0.002185
39.812500	0.992308	0.001485
39.843750	0.996600	0.001267
39.875000	0.998597	0.002005
39.906250	0.997834	0.002701
39.937500	0.996789	0.002430
39.968750	1.006189	0.002083
40.000000	1.017709	0.002522
40.031250	0.999813	0.002508
40.062500	1.019576	0.001146
40.093750	1.004588	0.001542
40.125000	1.014584	0.002722
40.156250	1.015958	0.001563
40.187500	1.028283	0.001148
40.218750	1.017439	0.001007
40.250000	1.031530	0.001650
40.281250	1.038191	0.001019
40.312500	1.035119	0.001356
40.343750	1.031050	0.002556
40.375000	1.042124	0.002623
40.406250	1.026436	0.002358
40.437500	1.021049	0.002243
40.468750	1.031386	0.001539
40.500000	1.027630	0.002356
40.531250	1.026979	0.001519
40.562500	1.011526	0.002624
40.593750	1.023789	0.002828
40.625000	1.019577	0.002109
40.656250	1.020971	0.002250
40.687500	1.023136	0.001847
40.718750	1.006319	0.001494
40.750000	1.010911	0.001667
40.781250	1.011965	0.002550
40.812500	0.994080	0.002683
40.843750	1.006872	0.001136
40.875000	1.017911	0.002766
40.906250	1.004185	0.001420
40.937500	1.008979	0.002099
40.968750	0.991426	0.001127
41.000000	0.984346	0.001834
41.031250	0.982010	0.002058
41.062500	0.985292	0.001967
41.093750	0.974600	0.002179
41.125000	0.982799	0.002626
41.156250	0.995514	0.002106
41.187500	0.987093	0.001278
41.218750	0.976674	0.001049
41.250000	0.970702	0.001902
41.281250	0.954660	0.002877
41.312500	0.971709	0.001850
41.343750	0.956423	0.001755
41.375000	0.953475	0.002472
41.406250	0.971928	0.001836
41.437500	0.971094	0.002940
41.468750	0.966302	0.001651
41.500000	0.967777	0.001644
41.531250	0.967232	0.001730
41.562500	0.981341	0.002725
41.593750	0.975655	0.002296
41.625000	0.971324	0.002046
41.656250	0.978549	0.001000
41.687500	0.991260	0.002847
41.718750	0.999942	0.002343
41.750000	0.985742	0.002623
41.781250	0.988711	0.002382
41.812500	0.996448	0.001647
41.843750	1.005640	0.001090
41.875000	1.002769	0.001986
41.906250	0.999184	0.001917
41.937500	0.993452	0.002712
41.968750	1.015065	0.001337
42.000000	1.020105	0.002127
42.031250	1.005743	0.001068
42.062500	1.023288	0.002724
42.093750	1.007954	0.002792
42.125000	1.030830	0.002273
42.156250	1.013546	0.002546
42.187500	1.017177	0.002449
42.218750	1.028107	0.002754
42.250000	1.032674	0.001616
42.281250	1.030944	0.002449
42.312500	1.031416	0.001861
42.343750	1.030817	0.001096
42.375000	1.033384	0.002941
42.406250	1.029859	0.001793
42.437500	1.033224	0.002894
42.468750	1.020565	0.002849
42.500000	1.031336	0.002391
42.531250	1.029076	0.002329
42.562500	1.025051	0.002992
42.593750	1.029133	0.001963
42.625000	1.017889	0.002685
42.656250	1.025918	0.002918
42.687500	1.007380	0.002199
42.718750	1.007687	0.002293
42.750000	1.007065	0.002409
42.781250	1.005104	0.001608
42.812500	1.000247	0.001618
42.843750	0.997470	0.001274
42.875000	0.990589	0.002508
42.906250	0.996662	0.002548
42.937500	0.990623	0.002679
42.968750	0.994994	0.001512
43.000000	0.989152	0.001903
43.031250	0.998973	0.001640
43.062500	0.982298	0.002908
43.093750	0.977108	0.002704
43.125000	0.970034	0.002030
43.156250	0.986152	0.001550
43.187500	0.969700	0.002625
43.218750	0.977825	0.002307
43.250000	0.979983	0.001842
43.281250	0.969869	0.001147
43.312500	0.959846	0.003000
43.343750	0.976870	0.002716
43.375000	0.970464	0.002153
43.406250	0.969008	0.001573
43.437500	0.975321	0.002981
43.468750	0.977974	0.001406
43.500000	0.969469	0.001727
43.531250	0.971707	0.001607
43.562500	0.986049	0.002367
43.593750	0.976276	0.001062
43.625000	0.988531	0.001285
43.656250	0.980083	0.002084
43.687500	0.984780	0.001330
43.718750	0.965785	0.002940
43.750000	0.983807	0.001079
43.781250	0.992681	0.002666
43.812500	0.998253	0.001545
43.843750	0.997560	0.002247
43.875000	0.996169	0.002913
43.906250	1.003524	0.002289
43.937500	0.995093	0.002827
43.968750	1.005433	0.001711
44.000000	1.008521	0.002444
44.031250	1.003703	0.001514
44.062500	1.012110	0.001457
44.093750	1.025500	0.001885
44.125000	1.014770	0.001656
44.156250	1.023949	0.002853
44.187500	1.022697	0.001588
44.218750	1.024869	0.001181
44.250000	1.026715	0.001521
44.281250	1.033541	0.001352
44.312500	1.018136	0.002717
44.343750	1.019962	0.001212
44.375000	1.031935	0.002280
44.406250	1.028533	0.002065
44.437500	1.033786	0.002080
44.468750	1.034167	0.002754
44.500000	1.039271	0.001254
44.531250	1.022379	0.002777
44.562500	1.021994	0.001916
44.593750	1.013072	0.001329
44.625000	1.025268	0.001868
44.656250	1.015948	0.001073
44.687500	1.009912	0.002868
44.718750	1.016780	0.001961
44.750000	1.000853	0.002462
44.781250	0.998566	0.002580
44.812500	1.000018	0.002411
44.843750	0.993177	0.002660
44.875000	1.008661	0.002788
44.906250	1.009984	0.002938
44.937500	0.992431	0.002180
44.968750	0.998753	0.001980
45.000000	0.987423	0.001431
45.031250	0.989809	0.001633
45.062500	0.988114	0.001649
45.093750	0.983214	0.001123
45.125000	0.981056	0.002309
45.156250	0.987459	0.001946
45.187500	0.983201	0.002627
45.218750	0.977444	0.001953
45.250000	0.984547	0.001706
45.281250	0.991550	0.001122
45.312500	0.975008	0.001414
45.343750	0.980948	0.001588
45.375000	0.972704	0.002544
45.406250	0.973644	0.001777
45.437500	0.970402	0.001492
45.468750	0.976751	0.002658
45.500000	0.978025	0.001816
45.531250	0.963389	0.001989
45.562500	0.980153	0.002906
45.593750	0.975462	0.002604
45.625000	0.983461	0.002817
45.656250	0.983157	0.002553
45.687500	0.981046	0.002503
45.718750	0.990003	0.002007
45.750000	0.987078	0.002585
45.781250	0.978055	0.001088
45.812500	0.987181	0.001926
45.843750	1.003477	0.001211
45.875000	1.002204	0.002960
45.906250	1.005969	0.002785
45.937500	0.994931	0.002294
45.968750	1.007141	0.002542
46.000000	1.011620	0.001138
46.031250	1.011418	0.001046
46.062500	1.016420	0.002145
46.093750	1.013796	0.001690
46.125000	1.015323	0.001687
46.156250	1.020598	0.001389
46.187500	1.029834	0.002352
46.218750	1.024899	0.002595
46.250000	1.017386	0.002935
46.281250	1.023114	0.002476
46.312500	1.022646	0.001929
46.343750	1.022053	0.002168
46.375000	1.021778	0.002435
46.406250	1.016362	0.001599
46.437500	1.019408	0.001727
46.468750	1.028226	0.002887
46.500000	1.030229	0.002005
46.531250	1.025200	0.002144
46.562500	1.022273	0.001132
46.593750	1.027476	0.002653
46.625000	1.017412	0.001134
46.656250	1.015069	0.002315
46.687500	1.002945	0.002773
46.718750	1.003147	0.001771
46.750000	1.009890	0.002122
46.781250	1.005816	0.001822
46.812500	0.997133	0.002298
46.843750	0.998496	0.002619
46.875000	1.004013	0.002906
46.906250	0.994377	0.001855
46.937500	1.012634	0.002757
46.968750	0.999359	0.002241
47.000000	0.992975	0.001990
47.031250	0.988537	0.002304
47.062500	0.997339	0.002561
47.093750	0.992286	0.001761
47.125000	0.991369	0.001840
47.156250	1.001838	0.002588
47.187500	0.987165	0.002516
47.218750	0.979598	0.001690
47.250000	0.981910	0.001203
47.281250	0.969486	0.002499
47.312500	0.982883	0.001948
47.343750	0.976480	0.002532
47.375000	0.988554	0.002505
47.406250	0.990133	0.002947
47.437500	0.991528	0.001787
47.468750	0.985872	0.002016
47.500000	0.985066	0.002313
47.531250	0.973995	0.002340
47.562500	0.986884	0.002602
47.593750	0.986509	0.001531
47.625000	0.979441	0.002008
47.656250	0.995736	0.002767
47.687500	0.989862	0.002906
47.718750	0.989472	0.002965
47.750000	0.997697	0.001175
47.781250	1.003120	0.001491
47.812500	1.003336	0.001620
47.843750	1.006041	0.001794
47.875000	0.990655	0.001934
47.906250	0.992894	0.002287
47.937500	1.007270	0.001933
47.968750	0.999865	0.001244
48.000000	1.005047	0.001535
48.031250	1.014341	0.002246
48.062500	0.995782	0.001226
48.093750	1.015485	0.002316
48.125000	1.006616	0.001071
48.156250	1.013000	0.002384
48.187500	1.017565	0.002805
48.218750	1.031237	0.002518
48.250000	1.007555	0.002135
48.281250	1.001572	0.002646
48.312500	1.013542	0.001971
48.343750	1.023714	0.001941
48.375000	1.013492	0.001406
48.406250	1.015110	0.001689
48.437500	1.011716	0.001324
48.468750	1.022589	0.002203
48.500000	1.012849	0.002385
48.531250	1.010702	0.001211
48.562500	1.012062	0.001968
48.593750	1.018283	0.002493
48.625000	1.011085	0.001558
48.656250	1.005034	0.001875
48.687500	0.994224	0.001254
48.718750	1.018262	0.001294
48.750000	1.015783	0.001242
48.781250	0.997067	0.001233
48.812500	0.998255	0.002030
48.843750	0.994600	0.001536
48.875000	0.993156	0.002014
48.906250	0.987441	0.002936
48.937500	0.993439	0.001211
48.968750	0.987383	0.002502
49.000000	0.995053	0.001571
49.031250	0.992846	0.002828
49.062500	0.995063	0.002512
49.093750	0.997237	0.002911
49.125000	0.991391	0.002116
49.156250	0.980401	0.002121
49.187500	0.991005	0.001802
49.218750	1.000969	0.001698
49.250000	0.995097	0.002371
49.281250	0.996438	0.001114
49.312500	0.990268	0.001142
49.343750	0.978689	0.001891
49.375000	0.990765	0.001437
49.406250	0.990748	0.002432
49.437500	1.001922	0.001349
49.468750	0.978775	0.001769
49.500000	0.993354	0.002491
49.531250	0.999237	0.001310
49.562500	0.991760	0.001260
49.593750	0.995557	0.001895
49.625000	0.986891	0.001786
49.656250	0.999858	0.001252
49.687500	0.995254	0.001797
49.718750	0.991461	0.002329
49.750000	1.010304	0.002295
49.781250	1.013282	0.002601
49.812500	1.005103	0.001602
49.843750	1.002065	0.001051
49.875000	1.003802	0.001313
49.906250	1.007269	0.002555
49.937500	0.993121	0.001354
49.968750	0.982718	0.002228
50.000000	1.001326	0.002027
50.031250	1.000454	0.001864
50.062500	1.011972	0.001897
50.093750	1.004828	0.002346
50.125000	1.004725	0.001287
50.156250	1.001041	0.001821
50.187500	1.003356	0.002821
50.218750	1.005365	0.002412
50.250000	1.006098	0.002128
50.281250	1.018097	0.002311
50.312500	1.012484	0.002515
50.343750	1.010551	0.001408
50.375000	1.008544	0.002642
50.406250	1.007206	0.002537
50.437500	1.008971	0.001395
50.468750	1.003546	0.002706
50.500000	1.005546	0.001654
50.531250	1.007247	0.002057
50.562500	1.005373	0.001706
50.593750	1.006143	0.001601
50.625000	0.992359	0.002864
50.656250	0.995013	0.001388
50.687500	0.998870	0.002499
50.718750	1.005453	0.001301
50.750000	0.999876	0.001987
50.781250	1.000637	0.001875
50.812500	1.002406	0.001110
50.843750	0.990503	0.002586
50.875000	1.000541	0.002991
50.906250	1.005916	0.002761
50.937500	0.987146	0.001645
50.968750	0.996035	0.002336
51.000000	1.000093	0.002867
51.031250	0.987665	0.002631
51.062500	0.997775	0.002776
51.093750	1.009482	0.001906
51.125000	1.009867	0.002060
51.156250	1.002227	0.001392
51.187500	0.994925	0.001828
51.218750	1.007047	0.001552
51.250000	0.988303	0.002801
51.281250	0.993137	0.001309
51.312500	0.996928	0.002417
51.343750	0.994469	0.002671
51.375000	0.996288	0.001657
51.406250	1.002233	0.001639
51.437500	0.999668	0.001993
51.468750	0.998961	0.002269
51.500000	1.000886	0.001207
51.531250	0.983835	0.002912
51.562500	0.998506	0.001751
51.593750	0.994676	0.001343
51.625000	1.006642	0.001538
51.656250	1.005316	0.002137
51.687500	1.005780	0.001677
51.718750	1.000958	0.001260
51.750000	1.010909	0.001196
51.781250	0.996498	0.001184
51.812500	1.004491	0.001888
51.843750	1.013002	0.002839
51.875000	1.008157	0.002065
51.906250	1.007814	0.001083
51.937500	0.986848	0.002193
51.968750	0.997049	0.002721
52.000000	0.996202	0.001596
52.031250	0.989554	0.001527
52.062500	0.993447	0.002212
52.093750	0.992519	0.002734
52.125000	1.003854	0.002411
52.156250	1.000240	0.002521
52.187500	1.003035	0.001081
52.218750	0.999505	0.001807
52.250000	1.002058	0.001819
52.281250	1.005234	0.001253
52.312500	1.009867	0.002213
52.343750	0.996921	0.002250
52.375000	1.000662	0.002271
52.406250	0.998535	0.002063
52.437500	0.987745	0.001394
52.468750	1.001805	0.002769
52.500000	0.984510	0.002228
52.531250	0.993383	0.002191
52.562500	0.989995	0.001597
52.593750	0.996413	0.001127
52.625000	0.990080	0.001280
52.656250	0.997558	0.002815
52.687500	1.002371	0.001457
52.718750	1.005881	0.002251
52.750000	0.999619	0.002719
52.781250	0.985672	0.001041
52.812500	1.001429	0.001526
52.843750	1.001727	0.001211
52.875000	0.992843	0.002219
52.906250	0.993402	0.002082
52.937500	0.999722	0.001795
52.968750	1.005455	0.002539
53.000000	0.997784	0.002127
53.031250	1.002724	0.001058
53.062500	0.992652	0.002151
53.093750	0.997439	0.002620
53.125000	1.002632	0.002624
53.156250	0.983827	0.002253
53.187500	1.006400	0.002250
53.218750	0.991399	0.002537
53.250000	1.009230	0.001173
53.281250	0.996035	0.002286
53.312500	0.995444	0.002271
53.343750	1.004123	0.001432
53.375000	1.004376	0.001108
53.406250	1.006624	0.002606
53.437500	1.005577	0.001541
53.468750	1.009469	0.002322
53.500000	1.000390	0.001925
53.531250	1.004599	0.002121
53.562500	1.013713	0.001454
53.593750	1.016090	0.001775
53.625000	1.010451	0.001551
53.656250	1.025157	0.002313
53.687500	0.995620	0.002904
53.718750	1.012637	0.002176
53.750000	1.003806	0.002184
53.781250	1.013245	0.001648
53.812500	1.016635	0.001815
53.843750	1.006514	0.001089
53.875000	1.000025	0.001111
53.906250	0.992627	0.002278
53.937500	1.007271	0.001523
53.968750	0.997688	0.001748
54.000000	1.012369	0.002183
54.031250	1.007614	0.001686
54.062500	0.999194	0.001437
54.093750	0.998350	0.002035
54.125000	1.005599	0.001170
54.156250	1.025447	0.002850
54.187500	1.000020	0.002512
54.218750	0.989983	0.002734
54.250000	1.001144	0.001542
54.281250	0.986935	0.002966
54.312500	1.002540	0.002528
54.343750	0.993700	0.002760
54.375000	0.999924	0.001781
54.406250	0.997784	0.001587
54.437500	0.997790	0.002781
54.468750	1.006581	0.002642
54.500000	1.001690	0.002649
54.531250	0.999875	0.002903
54.562500	0.996610	0.002206
54.593750	0.993538	0.002863
54.625000	0.993831	0.001832
54.656250	0.985738	0.001599
54.687500	0.995772	0.002994
54.718750	0.991699	0.002856
54.750000	0.985006	0.001199
54.781250	0.989371	0.002398
54.812500	0.996752	0.001331
54.843750	0.983876	0.002236
54.875000	0.992114	0.001835
54.906250	0.988929	0.001517
54.937500	0.994448	0.001330
54.968750	0.996078	0.001571
55.000000	0.992165	0.002259
55.031250	1.003004	0.002924
55.062500	0.989596	0.001697
55.093750	0.991205	0.001556
55.125000	1.003577	0.002533
55.156250	0.996142	0.001923
55.187500	0.997627	0.001902
55.218750	1.001019	0.002768
55.250000	1.004761	0.001881
55.281250	0.993426	0.001780
55.312500	0.999519	0.002228
55.343750	1.009109	0.002735
55.375000	1.010933	0.002806
55.406250	1.008331	0.001452
55.437500	0.994701	0.002091
55.468750	1.000449	0.002810
55.500000	1.005371	0.001784
55.531250	1.015717	0.002097
55.562500	1.007764	0.001632
55.593750	1.017364	0.001851
55.625000	1.006797	0.002707
55.656250	1.009861	0.001336
55.687500	1.007773	0.001550
55.718750	1.004902	0.001958
55.750000	1.022235	0.002993
55.781250	0.991420	0.001810
55.812500	1.008988	0.002356
55.843750	1.007304	0.002128
55.875000	1.000786	0.002522
55.906250	1.010317	0.001182
55.937500	1.004673	0.002351
55.968750	0.993423	0.001922
56.000000	0.996215	0.001573
56.031250	1.017240	0.001135
56.062500	0.997972	0.002594
56.093750	0.989724	0.001428
56.125000	1.002811	0.001655
56.156250	1.009490	0.001978
56.187500	0.998498	0.001782
56.218750	1.014046	0.002236
56.250000	1.002743	0.001906
56.281250	1.017076	0.002823
56.312500	0.994129	0.001495
56.343750	0.998742	0.002162
56.375000	0.998060	0.002232
56.406250	0.998239	0.001377
56.437500	0.986180	0.002391
56.468750	0.985920	0.002916
56.500000	0.988883	0.002514
56.531250	0.986031	0.001555
56.562500	0.986108	0.002091
56.593750	0.979624	0.001056
56.625000	0.988885	0.001148
56.656250	0.996340	0.002538
56.687500	0.990452	0.002983
56.718750	0.992121	0.002428
56.750000	0.987264	0.001455
56.781250	0.997672	0.002936
56.812500	0.990519	0.002077
56.843750	0.988184	0.002503
56.875000	0.989753	0.002202
56.906250	0.984490	0.002378
56.937500	0.990623	0.001068
56.968750	0.995552	0.001776
57.000000	1.001476	0.002065
57.031250	1.006165	0.002413
57.062500	0.994323	0.001086
57.093750	0.990949	0.002391
57.125000	1.005489	0.001020
57.156250	0.990446	0.001763
57.187500	1.007761	0.001881
57.218750	0.988951	0.001114
57.250000	1.004168	0.001050
57.281250	0.987078	0.002879
57.312500	0.989245	0.002524
57.343750	1.001042	0.002080
57.375000	1.006692	0.001044
57.406250	0.992870	0.002475
57.437500	1.011195	0.002560
57.468750	0.999110	0.001190
57.500000	1.019400	0.001624
57.531250	0.996802	0.001920
57.562500	1.007282	0.002328
57.593750	1.000405	0.002365
57.625000	1.006012	0.001878
57.656250	1.003129	0.002796
57.687500	1.016513	0.002319
57.718750	1.006811	0.001553
57.750000	0.998742	0.001037
57.781250	1.012262	0.001076
57.812500	0.995749	0.001683
57.843750	0.997256	0.002678
57.875000	1.010054	0.002673
57.906250	1.012697	0.001254
57.937500	1.008626	0.002484
57.968750	1.021361	0.002826
58.000000	1.013617	0.001649
58.031250	0.997323	0.002050
58.062500	0.987591	0.002319
58.093750	1.009987	0.002261
58.125000	1.003062	0.001567
58.156250	0.991838	0.002106
58.187500	1.001551	0.001976
58.218750	0.988982	0.002491
58.250000	0.987482	0.002967
58.281250	1.020123	0.002715
58.312500	0.990794	0.002277
58.343750	0.985026	0.001772
58.375000	1.013395	0.002618
58.406250	0.999281	0.001159
58.437500	0.999566	0.001379
58.468750	1.007445	0.001416
58.500000	1.008215	0.002732
58.531250	1.000987	0.001210
58.562500	0.980146	0.002359
58.593750	0.999253	0.002735
58.625000	0.998976	0.002224
58.656250	0.990724	0.002444
58.687500	0.989237	0.001580
58.718750	0.999933	0.002173
58.750000	1.004126	0.002799
58.781250	0.988054	0.002703
58.812500	0.987299	0.001848
58.843750	0.999006	0.002290
58.875000	0.985647	0.001080
58.906250	0.984629	0.002112
58.937500	0.997753	0.002868
58.968750	0.989469	0.001953
59.000000	0.993427	0.002840
59.031250	1.000465	0.002849
59.062500	0.997530	0.002637
59.093750	1.007133	0.001435
59.125000	0.990834	0.001222
59.156250	0.999797	0.001317
59.187500	0.991634	0.001294
59.218750	0.998602	0.002072
59.250000	0.982342	0.001641
59.281250	0.989927	0.001576
59.312500	0.984834	0.001132
59.343750	1.008577	0.001313
59.375000	0.998917	0.001527
59.406250	1.001202	0.001182
59.437500	1.004944	0.001547
59.468750	0.997054	0.001722
59.500000	0.990922	0.002129
59.531250	1.006892	0.001991
59.562500	0.992993	0.001739
59.593750	1.003468	0.001889
59.625000	0.997787	0.002828
59.656250	0.997468	0.001728
59.687500	1.001076	0.001181
59.718750	0.997723	0.001603
59.750000	1.009279	0.001221
59.781250	1.002103	0.002460
59.812500	0.990401	0.001595
59.843750	0.999107	0.001163
59.875000	1.006809	0.002632
59.906250	1.005651	0.001849
59.937500	0.996482	0.002734
59.968750	1.010871	0.001474
