# Time (days)	Flux	Error
0.000000	1.017304	0.002230
0.031250	0.995590	0.001382
0.062500	0.983813	0.002864
0.093750	0.996167	0.001531
0.125000	0.998695	0.002344
0.156250	0.989582	0.002963
0.187500	1.000071	0.002093
0.218750	0.988343	0.001587
0.250000	0.997589	0.001320
0.281250	0.990614	0.002691
0.312500	1.001115	0.001084
0.343750	0.985081	0.002466
0.375000	0.988974	0.001855
0.406250	1.003248	0.002440
0.437500	0.979227	0.002190
0.468750	0.990189	0.002760
0.500000	0.989114	0.001200
0.531250	0.991335	0.001775
0.562500	1.002313	0.002083
0.593750	0.997045	0.001298
0.625000	0.991626	0.001039
0.656250	0.986887	0.001849
0.687500	0.980475	0.001414
0.718750	0.988565	0.002886
0.750000	0.992675	0.002672
0.781250	0.988915	0.002594
0.812500	0.993098	0.002570
0.843750	0.983724	0.002975
0.875000	0.990909	0.001884
0.906250	0.977618	0.001896
0.937500	0.981531	0.002203
0.968750	0.976422	0.001946
1.000000	0.977910	0.002175
1.031250	0.979223	0.002590
1.062500	0.983524	0.001994
1.093750	0.971233	0.001148
1.125000	0.970010	0.002470
1.156250	0.973763	0.001624
1.187500	0.976048	0.002011
1.218750	0.967123	0.001831
1.250000	0.975438	0.001510
1.281250	0.970351	0.001136
1.312500	0.976362	0.002013
1.343750	0.978437	0.001788
1.375000	0.970035	0.001584
1.406250	0.970960	0.001309
1.437500	0.983171	0.002716
1.468750	0.972622	0.002714
1.500000	0.964519	0.001957
1.531250	0.979473	0.001692
1.562500	0.965340	0.001979
1.593750	0.965223	0.002323
1.625000	0.973157	0.001600
1.656250	0.964609	0.001279
1.687500	0.974340	0.002609
1.718750	0.977152	0.001330
1.750000	0.958826	0.002883
1.781250	0.949145	0.002053
1.812500	0.956906	0.001366
1.843750	0.954737	0.002377
1.875000	0.956200	0.001846
1.906250	0.982462	0.001491
1.937500	0.950789	0.002815
1.968750	0.952546	0.001806
2.000000	0.953676	0.001050
2.031250	0.968328	0.001682
2.062500	0.960401	0.002411
2.093750	0.960213	0.001984
2.125000	0.958177	0.001902
2.156250	0.968459	0.001524
2.187500	0.950252	0.001619
2.218750	0.941566	0.001903
2.250000	0.968886	0.001829
2.281250	0.968029	0.001622
2.312500	0.948074	0.001257
2.343750	0.960483	0.001901
2.375000	0.966758	0.002870
2.406250	0.958664	0.002882
2.437500	0.965913	0.001631
2.468750	0.958441	0.002298
2.500000	0.961147	0.001796
2.531250	0.971300	0.002028
2.562500	0.975636	0.002451
2.593750	0.958869	0.002469
2.625000	0.977744	0.001083
2.656250	0.954467	0.001140
2.687500	0.979368	0.001818
2.718750	0.964320	0.001273
2.750000	0.961200	0.002495
2.781250	0.973577	0.001519
2.812500	0.974215	0.001943
2.843750	0.969591	0.002302
2.875000	0.973304	0.002204
2.906250	0.977306	0.001289
2.937500	0.969128	0.001921
2.968750	0.965846	0.002292
3.000000	0.964917	0.002149
3.031250	0.975199	0.001419
3.062500	0.977402	0.002889
3.093750	0.966394	0.002551
3.125000	0.983074	0.001657
3.156250	0.994152	0.001155
3.187500	0.979591	0.001190
3.218750	0.988531	0.001424
3.250000	0.979759	0.002923
3.281250	0.990646	0.001835
3.312500	0.978451	0.002727
3.343750	0.980362	0.001839
3.375000	0.994936	0.001093
3.406250	0.983775	0.002508
3.437500	0.984547	0.001160
3.468750	0.991840	0.002881
3.500000	0.992025	0.001963
3.531250	0.986003	0.002059
3.562500	0.980309	0.001331
3.593750	0.999454	0.002593
3.625000	0.995253	0.001565
3.656250	0.995193	0.001280
3.687500	0.992583	0.002412
3.718750	0.994077	0.001236
3.750000	0.985395	0.001268
3.781250	0.995072	0.001952
3.812500	0.979548	0.002133
3.843750	0.993599	0.002966
3.875000	0.999079	0.001302
3.906250	0.995806	0.002731
3.937500	1.002348	0.001646
3.968750	0.990557	0.002475
4.000000	0.999228	0.001389
4.031250	0.991202	0.001226
4.062500	0.994194	0.002188
4.093750	0.994014	0.002411
4.125000	0.995892	0.001687
4.156250	0.987883	0.002492
4.187500	1.005889	0.001276
4.218750	0.988007	0.001224
4.250000	1.013330	0.001461
4.281250	0.998102	0.001263
4.312500	0.985802	0.002015
4.343750	1.001060	0.001862
4.375000	0.997122	0.002684
4.406250	0.994196	0.001763
4.437500	0.991055	0.001674
4.468750	1.004320	0.002573
4.500000	0.995710	0.001240
4.531250	1.000575	0.001731
4.562500	1.016457	0.001463
4.593750	0.997149	0.001008
4.625000	0.990682	0.001305
4.656250	0.999047	0.001390
4.687500	0.994170	0.001714
4.718750	1.012851	0.002630
4.750000	1.002540	0.001532
4.781250	0.988625	0.001053
4.812500	1.004698	0.002571
4.843750	0.990549	0.002220
4.875000	1.004663	0.002928
4.906250	0.998648	0.002275
4.937500	0.989552	0.002539
4.968750	1.000517	0.001829
5.000000	0.994782	0.001961
5.031250	1.004758	0.001632
5.062500	0.998906	0.002012
5.093750	1.001151	0.002617
5.125000	1.006061	0.001452
5.156250	0.989062	0.002447
5.187500	0.996582	0.001408
5.218750	1.005655	0.001638
5.250000	0.993600	0.002539
5.281250	1.001544	0.002432
5.312500	0.997179	0.002563
5.343750	0.996722	0.002975
5.375000	0.991460	0.002198
5.406250	0.993210	0.002604
5.437500	1.010712	0.002651
5.468750	1.008093	0.002524
5.500000	1.003032	0.002244
5.531250	0.989046	0.001286
5.562500	1.008159	0.001800
5.593750	1.008240	0.002184
5.625000	1.008523	0.002996
5.656250	0.997264	0.001393
5.687500	1.002380	0.002886
5.718750	0.993847	0.002067
5.750000	0.995327	0.002111
5.781250	0.996731	0.002856
5.812500	1.004880	0.001502
5.843750	1.013064	0.001877
5.875000	1.006031	0.002435
5.906250	0.986957	0.001920
5.937500	0.996986	0.001649
5.968750	1.008008	0.001391
6.000000	0.991396	0.001912
6.031250	0.999447	0.001075
6.062500	1.006146	0.002486
6.093750	1.012599	0.001198
6.125000	1.009700	0.001822
6.156250	1.014381	0.002484
6.187500	0.995256	0.001689
6.218750	1.002493	0.001983
6.250000	0.993669	0.001300
6.281250	1.000967	0.001768
6.312500	0.990320	0.002742
6.343750	0.993332	0.001538
6.375000	1.002485	0.001704
6.406250	1.000665	0.001337
6.437500	1.000586	0.001310
6.468750	1.007110	0.002233
6.500000	0.998625	0.002344
6.531250	0.993048	0.002959
6.562500	0.985816	0.001757
6.593750	1.004188	0.002741
6.625000	1.004864	0.002966
6.656250	1.009978	0.001354
6.687500	1.000393	0.002755
6.718750	1.003386	0.001520
6.750000	0.995648	0.002065
6.781250	1.006030	0.002495
6.812500	0.990640	0.001078
6.843750	0.998085	0.001529
6.875000	1.002054	0.001582
6.906250	1.001870	0.001902
6.937500	0.998756	0.001068
6.968750	1.006782	0.002362
7.000000	1.000907	0.002652
7.031250	1.007942	0.002345
7.062500	0.986568	0.002055
7.093750	0.992996	0.002847
7.125000	1.003368	0.002790
7.156250	1.007627	0.001745
7.187500	1.010172	0.002400
7.218750	1.005801	0.002278
7.250000	0.997361	0.001467
7.281250	0.998387	0.002782
7.312500	0.984995	0.002996
7.343750	1.013635	0.002474
7.375000	0.997606	0.001163
7.406250	0.995559	0.001461
7.437500	1.007376	0.001234
7.468750	0.992227	0.001419
7.500000	1.000738	0.002021
7.531250	0.997001	0.001214
7.562500	0.999552	0.002927
7.593750	0.990049	0.001588
7.625000	1.000517	0.001483
7.656250	0.990887	0.001392
7.687500	0.993546	0.001157
7.718750	1.002609	0.001467
7.750000	1.003245	0.001584
7.781250	0.993110	0.002380
7.812500	1.000751	0.002012
7.843750	1.001314	0.001785
7.875000	1.004293	0.002388
7.906250	0.999824	0.002751
7.937500	0.996915	0.001091
7.968750	0.999570	0.001145
8.000000	0.999759	0.001340
8.031250	1.004402	0.002509
8.062500	1.001887	0.001012
8.093750	0.989981	0.001564
8.125000	0.997095	0.001643
8.156250	1.011341	0.002897
8.187500	1.005583	0.002931
8.218750	1.001709	0.002179
8.250000	0.994926	0.001255
8.281250	1.001273	0.002037
8.312500	0.998530	0.001617
8.343750	0.995074	0.001497
8.375000	0.990233	0.002998
8.406250	0.992953	0.001698
8.437500	1.001374	0.002909
8.468750	0.996669	0.002826
8.500000	1.007003	0.001254
8.531250	1.003934	0.002293
8.562500	0.998246	0.002002
8.593750	0.996697	0.001390
8.625000	0.995421	0.001086
8.656250	1.003187	0.002950
8.687500	0.993915	0.002400
8.718750	0.985579	0.002684
8.750000	0.991852	0.001941
8.781250	1.002372	0.001658
8.812500	0.999295	0.001158
8.843750	0.996657	0.001318
8.875000	0.989209	0.002803
8.906250	0.993436	0.001015
8.937500	1.006920	0.001441
8.968750	0.982008	0.002342
9.000000	0.991810	0.002422
9.031250	0.991468	0.002416
9.062500	0.988919	0.002110
9.093750	0.995818	0.001526
9.125000	0.989979	0.002982
9.156250	0.997259	0.002274
9.187500	0.980494	0.002101
9.218750	0.985971	0.001024
9.250000	0.990432	0.002280
9.281250	0.982809	0.001524
9.312500	0.978841	0.001862
9.343750	0.991583	0.002785
9.375000	0.995489	0.002114
9.406250	0.979277	0.002513
9.437500	0.984492	0.002944
9.468750	0.993480	0.001161
9.500000	0.991252	0.002872
9.531250	0.988061	0.002282
9.562500	0.996945	0.002711
9.593750	0.982259	0.002415
9.625000	0.983909	0.002407
9.656250	0.993624	0.001053
9.687500	0.986113	0.001959
9.718750	0.979090	0.002873
9.750000	0.987567	0.001898
9.781250	0.969325	0.001411
9.812500	0.967886	0.001856
9.843750	0.970828	0.001303
9.875000	0.983667	0.002611
9.906250	0.987824	0.001785
9.937500	0.985220	0.002126
9.968750	0.983192	0.001890
10.000000	0.974568	0.002197
10.031250	0.971416	0.002286
10.062500	0.974619	0.001839
10.093750	0.978640	0.002465
10.125000	0.976669	0.001359
10.156250	0.981545	0.001608
10.187500	0.974573	0.001477
10.218750	0.982130	0.002349
10.250000	0.973830	0.001045
10.281250	0.955407	0.002106
10.312500	0.977145	0.002488
10.343750	0.977257	0.001959
10.375000	0.977158	0.002769
10.406250	0.958715	0.002553
10.437500	0.970937	0.001069
10.468750	0.961081	0.002286
10.500000	0.974199	0.001770
10.531250	0.970486	0.002167
10.562500	0.958884	0.002468
10.593750	0.966395	0.002781
10.625000	0.968962	0.002546
10.656250	0.979087	0.002190
10.687500	0.955007	0.001226
10.718750	0.980895	0.001544
10.750000	0.964837	0.001378
10.781250	0.962912	0.001825
10.812500	0.965646	0.002540
10.843750	0.968940	0.001052
10.875000	0.954648	0.001873
10.906250	0.963244	0.002429
10.937500	0.960324	0.001198
10.968750	0.966445	0.001920
11.000000	0.962881	0.001305
11.031250	0.947973	0.002977
11.062500	0.953572	0.001929
11.093750	0.956699	0.002877
11.125000	0.946746	0.002243
11.156250	0.951717	0.001471
11.187500	0.949307	0.001510
11.218750	0.953211	0.001375
11.250000	0.949701	0.001432
11.281250	0.955808	0.002982
11.312500	0.949099	0.002579
11.343750	0.941701	0.001188
11.375000	0.955580	0.002057
11.406250	0.953439	0.002689
11.437500	0.939220	0.002770
11.468750	0.966402	0.001525
11.500000	0.948481	0.001929
11.531250	0.947186	0.001446
11.562500	0.942439	0.001408
11.593750	0.951710	0.002370
11.625000	0.939873	0.002322
11.656250	0.957060	0.002527
11.687500	0.943814	0.002742
11.718750	0.967467	0.001018
11.750000	0.952262	0.001890
11.781250	0.952476	0.001108
11.812500	0.956039	0.002512
11.843750	0.947226	0.002755
11.875000	0.944756	0.001439
11.906250	0.942709	0.002734
11.937500	0.942022	0.001465
11.968750	0.931662	0.001453
12.000000	0.948879	0.002868
12.031250	0.953038	0.002682
12.062500	0.938200	0.001463
12.093750	0.943237	0.001194
12.125000	0.944046	0.001468
12.156250	0.952217	0.002184
12.187500	0.940984	0.001281
12.218750	0.945821	0.002145
12.250000	0.949447	0.001214
12.281250	0.938629	0.001809
12.312500	0.944833	0.002686
12.343750	0.940701	0.001075
12.375000	0.941081	0.002528
12.406250	0.948923	0.001070
12.437500	0.936440	0.002971
12.468750	0.944055	0.002948
12.500000	0.933607	0.002298
12.531250	0.932045	0.001057
12.562500	0.928505	0.001195
12.593750	0.937211	0.001156
12.625000	0.948898	0.001572
12.656250	0.953603	0.001514
12.687500	0.953353	0.002527
12.718750	0.940145	0.002270
12.750000	0.941426	0.002320
12.781250	0.932536	0.002277
12.812500	0.936078	0.001011
12.843750	0.939709	0.002289
12.875000	0.949107	0.001500
12.906250	0.951719	0.001933
12.937500	0.943328	0.001683
12.968750	0.944804	0.001147
13.000000	0.930456	0.002665
13.031250	0.946480	0.002598
13.062500	0.934716	0.002606
13.093750	0.950393	0.002059
13.125000	0.951529	0.002785
13.156250	0.956081	0.001305
13.187500	0.943961	0.001430
13.218750	0.946891	0.002432
13.250000	0.954049	0.002427
13.281250	0.942635	0.001281
13.312500	0.942138	0.002642
13.343750	0.942361	0.002367
13.375000	0.945971	0.001995
13.406250	0.937900	0.001592
13.437500	0.946496	0.002895
13.468750	0.958801	0.002226
13.500000	0.954125	0.002351
13.531250	0.956228	0.001122
13.562500	0.956645	0.001222
13.593750	0.950174	0.002024
13.625000	0.954900	0.001400
13.656250	0.957013	0.001024
13.687500	0.950774	0.001324
13.718750	0.959502	0.001153
13.750000	0.951981	0.001381
13.781250	0.962194	0.001777
13.812500	0.963556	0.002885
13.843750	0.965521	0.002238
13.875000	0.971184	0.002637
13.906250	0.957195	0.002298
13.937500	0.974261	0.002854
13.968750	0.965832	0.001184
14.000000	0.959390	0.002316
14.031250	0.965846	0.002363
14.062500	0.965717	0.001025
14.093750	0.966553	0.001413
14.125000	0.965286	0.002785
14.156250	0.980750	0.001553
14.187500	0.966525	0.002273
14.218750	0.958703	0.002032
14.250000	0.972311	0.002432
14.281250	0.985133	0.002939
14.312500	0.972183	0.001515
14.343750	0.972613	0.001892
14.375000	0.970417	0.002892
14.406250	0.975355	0.001338
14.437500	0.969472	0.002674
14.468750	0.987832	0.002922
14.500000	0.981356	0.002424
14.531250	0.983849	0.001797
14.562500	0.968069	0.002027
14.593750	0.990574	0.001230
14.625000	0.970639	0.002457
14.656250	0.990899	0.001513
14.687500	0.988417	0.001646
14.718750	0.991819	0.001659
14.750000	0.982581	0.001234
14.781250	0.983867	0.001041
14.812500	0.991364	0.002094
14.843750	0.993745	0.001995
14.875000	0.979753	0.001052
14.906250	0.993895	0.002504
14.937500	0.990476	0.002061
14.968750	1.002493	0.001406
15.000000	0.994928	0.001754
15.031250	0.984705	0.002134
15.062500	1.006755	0.001025
15.093750	0.992143	0.002948
15.125000	0.989496	0.002840
15.156250	0.999460	0.001926
15.187500	0.997452	0.001791
15.218750	1.003369	0.001553
15.250000	1.007818	0.002811
15.281250	0.986826	0.002627
15.312500	0.996904	0.001398
15.343750	0.986435	0.001589
15.375000	1.007521	0.001646
15.406250	0.992859	0.001442
15.437500	0.994040	0.002757
15.468750	0.996304	0.001553
15.500000	0.994344	0.002076
15.531250	1.001186	0.001338
15.562500	1.002860	0.002423
15.593750	0.997542	0.002900
15.625000	0.991921	0.001875
15.656250	0.994872	0.001630
15.687500	0.995000	0.002402
15.718750	1.008195	0.002703
15.750000	0.993733	0.002373
15.781250	0.994740	0.002829
15.812500	0.989916	0.002135
15.843750	1.000148	0.001784
15.875000	1.004724	0.002290
15.906250	1.000863	0.002306
15.937500	1.000427	0.002630
15.968750	0.997724	0.002490
16.000000	0.990593	0.002583
16.031250	0.992141	0.001584
16.062500	1.007024	0.002606
16.093750	0.989982	0.002009
16.125000	0.987975	0.002753
16.156250	0.995435	0.002652
16.187500	0.992783	0.001128
16.218750	1.004422	0.002535
16.250000	1.005327	0.002089
16.281250	1.007110	0.001377
16.312500	1.001409	0.002470
16.343750	1.007714	0.002977
16.375000	1.002982	0.002683
16.406250	0.998718	0.002997
16.437500	0.983279	0.002320
16.468750	1.007562	0.001338
16.500000	1.003147	0.001610
16.531250	0.993012	0.001111
16.562500	1.000559	0.002552
16.593750	1.002402	0.002375
16.625000	0.979064	0.001556
16.656250	1.004608	0.002408
16.687500	0.997620	0.002843
16.718750	1.003400	0.001725
16.750000	1.013911	0.001881
16.781250	0.989952	0.001724
16.812500	1.000565	0.002034
16.843750	1.010897	0.001318
16.875000	0.992822	0.001415
16.906250	1.007422	0.002179
16.937500	0.999574	0.002754
16.968750	0.993445	0.001741
17.000000	1.013959	0.001374
17.031250	1.008744	0.002560
17.062500	0.997212	0.001368
17.093750	1.000309	0.002231
17.125000	1.002858	0.001214
17.156250	0.994249	0.001820
17.187500	1.007025	0.002399
17.218750	1.008144	0.001719
17.250000	1.003062	0.002318
17.281250	0.995141	0.002979
17.312500	0.998217	0.002744
17.343750	0.996396	0.002034
17.375000	1.002651	0.001838
17.406250	0.981627	0.002338
17.437500	0.996338	0.001418
17.468750	0.998297	0.002769
17.500000	1.000569	0.002670
17.531250	0.998459	0.002934
17.562500	1.011267	0.002256
17.593750	1.001663	0.001774
17.625000	1.002329	0.001679
17.656250	1.004325	0.001324
17.687500	1.001796	0.002787
17.718750	1.001397	0.001357
17.750000	0.995743	0.001702
17.781250	1.009115	0.002590
17.812500	1.029409	0.002346
17.843750	1.010282	0.002580
17.875000	1.000210	0.002213
17.906250	0.992274	0.001145
17.937500	0.998860	0.002903
17.968750	0.999146	0.002324
18.000000	1.003085	0.002052
18.031250	0.984319	0.001417
18.062500	1.003807	0.002141
18.093750	1.003301	0.002465
18.125000	1.006230	0.002574
18.156250	1.003284	0.001139
18.187500	0.999749	0.002663
18.218750	0.997741	0.002023
18.250000	0.993836	0.002297
18.281250	1.010368	0.002143
18.312500	1.000317	0.002600
18.343750	0.997150	0.001035
18.375000	1.003811	0.001081
18.406250	0.999215	0.001609
18.437500	0.997300	0.002081
18.468750	0.994424	0.002696
18.500000	0.997982	0.002044
18.531250	0.998727	0.001597
18.562500	0.997045	0.002088
18.593750	0.987682	0.002042
18.625000	0.998906	0.002058
18.656250	1.004100	0.001815
18.687500	1.004931	0.001567
18.718750	0.999370	0.001127
18.750000	1.002767	0.001543
18.781250	1.011828	0.002831
18.812500	1.002671	0.001949
18.843750	0.989003	0.001740
18.875000	1.009579	0.002528
18.906250	0.997418	0.001054
18.937500	0.996195	0.001136
18.968750	1.001414	0.001208
19.000000	0.997610	0.002629
19.031250	0.990610	0.002442
19.062500	0.999705	0.001819
19.093750	0.997704	0.002240
19.125000	1.003440	0.001394
19.156250	1.003966	0.002111
19.187500	0.986164	0.002901
19.218750	1.000200	0.001646
19.250000	0.997838	0.002878
19.281250	1.001892	0.002307
19.312500	1.011118	0.001734
19.343750	1.003849	0.002593
19.375000	0.995121	0.002241
19.406250	1.006930	0.001359
19.437500	0.999631	0.002383
19.468750	0.998798	0.002921
19.500000	1.002850	0.001431
19.531250	0.992834	0.001100
19.562500	1.002840	0.002978
19.593750	0.994225	0.001262
19.625000	1.006808	0.001767
19.656250	1.009093	0.002494
19.687500	0.990417	0.002628
19.718750	0.995698	0.001998
19.750000	0.994355	0.002220
19.781250	0.987800	0.001315
19.812500	0.994582	0.001490
19.843750	0.996775	0.001121
19.875000	1.000889	0.002368
19.906250	1.007793	0.001404
19.937500	1.007245	0.001376
19.968750	0.997213	0.001556
20.000000	1.003451	0.002045
20.031250	1.010616	0.002975
20.062500	1.007146	0.001372
20.093750	1.000470	0.001430
20.125000	0.999089	0.002499
20.156250	1.008765	0.001671
20.187500	0.995078	0.001500
20.218750	1.001590	0.002104
20.250000	1.002544	0.002096
20.281250	0.989719	0.001260
20.312500	0.991925	0.001436
20.343750	1.007804	0.002126
20.375000	1.011098	0.002808
20.406250	0.999753	0.002715
20.437500	0.998025	0.001172
20.468750	1.000346	0.001632
20.500000	1.000743	0.002287
20.531250	0.996030	0.001813
20.562500	0.993164	0.002104
20.593750	1.005338	0.001937
20.625000	1.012928	0.001824
20.656250	1.003027	0.002570
20.687500	0.994503	0.002797
20.718750	0.996846	0.002612
20.750000	1.006328	0.002546
20.781250	0.998908	0.001729
20.812500	0.995523	0.002851
20.843750	1.001590	0.002926
20.875000	0.999381	0.001949
20.906250	0.993292	0.002422
20.937500	0.992387	0.001488
20.968750	1.000212	0.001070
21.000000	1.003037	0.001246
21.031250	1.009998	0.001498
21.062500	1.005238	0.002916
21.093750	1.005468	0.002151
21.125000	0.995426	0.002534
21.156250	1.005316	0.001934
21.187500	0.999119	0.002473
21.218750	0.999662	0.002278
21.250000	0.988087	0.002755
21.281250	1.001236	0.002787
21.312500	0.997362	0.001882
21.343750	0.998090	0.001805
21.375000	1.005476	0.001332
21.406250	1.007979	0.001781
21.437500	1.001341	0.001370
21.468750	0.996245	0.002013
21.500000	1.001100	0.001072
21.531250	1.001496	0.001050
21.562500	1.002083	0.002115
21.593750	1.001606	0.002723
21.625000	0.999415	0.001283
21.656250	0.994855	0.001695
21.687500	1.012013	0.001594
21.718750	0.999726	0.001814
21.750000	1.000107	0.001577
21.781250	1.000137	0.002891
21.812500	1.000314	0.002635
21.843750	1.004206	0.001602
21.875000	1.017065	0.002220
21.906250	1.004607	0.002372
21.937500	0.983196	0.002812
21.968750	0.991105	0.001118
22.000000	0.999174	0.002073
22.031250	1.002231	0.002733
22.062500	1.011566	0.002269
22.093750	0.995739	0.002048
22.125000	1.015784	0.001056
22.156250	1.010018	0.001889
22.187500	0.998737	0.001258
22.218750	0.987613	0.002316
22.250000	1.001014	0.001509
22.281250	0.998335	0.002425
22.312500	0.999528	0.001518
22.343750	0.996560	0.002058
22.375000	0.999175	0.001652
22.406250	0.990376	0.002253
22.437500	1.003675	0.002777
22.468750	1.012126	0.001567
22.500000	1.000760	0.001981
22.531250	1.007297	0.001299
22.562500	1.005675	0.002993
22.593750	1.005961	0.001544
22.625000	1.006622	0.002744
22.656250	1.002882	0.002989
22.687500	1.003350	0.001712
22.718750	1.013103	0.001020
22.750000	1.000942	0.002775
22.781250	0.993807	0.001570
22.812500	0.996835	0.001283
22.843750	1.002975	0.002046
22.875000	0.997944	0.002963
22.906250	0.997564	0.001279
22.937500	0.987751	0.002284
22.968750	0.999697	0.002802
23.000000	1.005313	0.002686
23.031250	0.997835	0.002329
23.062500	0.996964	0.002151
23.093750	0.994643	0.001498
23.125000	1.001902	0.001702
23.156250	1.011726	0.001922
23.187500	0.993353	0.002643
23.218750	0.997924	0.001756
23.250000	0.997023	0.001229
23.281250	0.997987	0.002195
23.312500	0.997874	0.002213
23.343750	1.004844	0.001597
23.375000	0.991652	0.001872
23.406250	0.999676	0.002987
23.437500	0.992799	0.001639
23.468750	1.006894	0.002571
23.500000	1.003272	0.001363
23.531250	0.998713	0.001177
23.562500	0.998776	0.002253
23.593750	0.993197	0.002329
23.625000	1.005271	0.001847
23.656250	1.003846	0.002252
23.687500	1.003567	0.002891
23.718750	0.995792	0.001092
23.750000	0.990806	0.002953
23.781250	1.009983	0.001965
23.812500	1.001909	0.002213
23.843750	0.990816	0.002449
23.875000	1.004163	0.002744
23.906250	0.997941	0.002996
23.937500	0.999214	0.001518
23.968750	1.005053	0.002979
24.000000	0.986918	0.002018
24.031250	1.004405	0.002292
24.062500	0.997415	0.002476
24.093750	0.995486	0.001231
24.125000	1.001816	0.001407
24.156250	1.004464	0.001752
24.187500	1.002318	0.002537
24.218750	1.004617	0.001021
24.250000	1.013836	0.002959
24.281250	1.003133	0.001855
24.312500	1.002896	0.002700
24.343750	0.997350	0.001274
24.375000	1.000588	0.001438
24.406250	1.005020	0.001334
24.437500	1.004840	0.002002
24.468750	0.992476	0.002021
24.500000	0.997554	0.002264
24.531250	0.995031	0.002909
24.562500	0.994220	0.002504
24.593750	1.005577	0.002954
24.625000	0.994110	0.002475
24.656250	0.999997	0.002927
24.687500	1.001675	0.001383
24.718750	0.998373	0.001799
24.750000	1.009530	0.001050
24.781250	1.007996	0.002295
24.812500	1.003415	0.001061
24.843750	1.004591	0.001456
24.875000	0.992056	0.002054
24.906250	0.997918	0.002604
24.937500	0.987465	0.001304
24.968750	1.004973	0.001469
25.000000	0.985128	0.002069
25.031250	0.993344	0.002886
25.062500	0.993002	0.002522
25.093750	0.999707	0.001255
25.125000	1.004477	0.001393
25.156250	0.991750	0.002075
25.187500	0.994299	0.002322
25.218750	0.990014	0.002962
25.250000	0.995585	0.001455
25.281250	1.001354	0.002975
25.312500	0.998945	0.002198
25.343750	1.002033	0.002336
25.375000	1.000271	0.001403
25.406250	1.004988	0.002323
25.437500	0.993069	0.002940
25.468750	0.999705	0.001985
25.500000	1.004803	0.002200
25.531250	1.000729	0.002763
25.562500	0.996415	0.001790
25.593750	1.003351	0.001628
25.625000	1.004277	0.002549
25.656250	1.007662	0.001519
25.687500	1.007635	0.001301
25.718750	1.000472	0.001113
25.750000	1.004001	0.002198
25.781250	1.013823	0.002188
25.812500	0.987938	0.001701
25.843750	0.998596	0.001864
25.875000	0.994526	0.002554
25.906250	0.997384	0.002331
25.937500	1.001347	0.001487
25.968750	1.008581	0.001188
26.000000	1.002379	0.002407
26.031250	0.998429	0.002310
26.062500	0.997494	0.001032
26.093750	1.001275	0.002070
26.125000	1.003029	0.002402
26.156250	1.003717	0.001526
26.187500	1.006696	0.002410
26.218750	1.005259	0.001503
26.250000	1.010628	0.002396
26.281250	1.000300	0.002430
26.312500	0.999831	0.001720
26.343750	1.001281	0.002663
26.375000	0.989673	0.002598
26.406250	1.006787	0.002814
26.437500	0.985565	0.002912
26.468750	1.010432	0.002482
26.500000	0.993837	0.001414
26.531250	0.997816	0.001635
26.562500	1.005398	0.001209
26.593750	0.998017	0.002673
26.625000	0.994725	0.001988
26.656250	1.005941	0.001486
26.687500	1.000306	0.001219
26.718750	1.010877	0.002542
26.750000	1.010635	0.002073
26.781250	1.002876	0.002518
26.812500	1.001158	0.002881
26.843750	1.012648	0.002195
26.875000	1.004728	0.002467
26.906250	0.987617	0.002995
26.937500	1.001876	0.001392
26.968750	0.995508	0.001253
27.000000	0.997261	0.002517
27.031250	1.000727	0.001194
27.062500	1.017065	0.002510
27.093750	0.987910	0.002941
27.125000	1.003059	0.001223
27.156250	1.005892	0.002059
27.187500	0.997114	0.002901
27.218750	0.997505	0.002734
27.250000	1.010180	0.002600
27.281250	1.005381	0.001847
27.312500	0.993704	0.002552
27.343750	1.005597	0.001265
27.375000	0.998618	0.002437
27.406250	0.999126	0.001016
27.437500	1.003362	0.001097
27.468750	1.005472	0.002763
27.500000	0.997178	0.001589
27.531250	0.997657	0.002965
27.562500	1.001026	0.001353
27.593750	1.011169	0.002614
27.625000	0.997482	0.001104
27.656250	0.986927	0.002909
27.687500	1.009213	0.002068
27.718750	0.998040	0.002322
27.750000	0.981762	0.002172
27.781250	1.009112	0.002058
27.812500	1.014167	0.002852
27.843750	1.003719	0.002231
27.875000	0.993201	0.001912
27.906250	1.011342	0.002277
27.937500	1.008891	0.001545
27.968750	0.995738	0.001875
28.000000	0.996472	0.001997
28.031250	1.002411	0.001080
28.062500	0.999753	0.001049
28.093750	1.002125	0.002107
28.125000	0.992457	0.001654
28.156250	1.001468	0.002661
28.187500	1.006216	0.002763
28.218750	0.997543	0.001932
28.250000	1.002748	0.001569
28.281250	1.000687	0.001885
28.312500	1.007296	0.001238
28.343750	0.999275	0.001353
28.375000	0.994189	0.002576
28.406250	0.996420	0.002471
28.437500	1.005999	0.001406
28.468750	0.991206	0.002530
28.500000	0.987212	0.001852
28.531250	1.015775	0.002982
28.562500	1.012820	0.001092
28.593750	0.998041	0.001972
28.625000	0.996128	0.001899
28.656250	0.995950	0.002268
28.687500	1.005387	0.001122
28.718750	0.985311	0.001115
28.750000	0.996436	0.001442
28.781250	0.997429	0.002794
28.812500	1.005438	0.002062
28.843750	1.002654	0.001794
28.875000	0.997260	0.001768
28.906250	1.011258	0.001120
28.937500	0.991453	0.001272
28.968750	1.013580	0.001756
29.000000	1.005973	0.002444
29.031250	0.991109	0.001409
29.062500	1.008168	0.001114
29.093750	0.996276	0.001993
29.125000	1.003364	0.002359
29.156250	1.001433	0.001294
29.187500	0.996029	0.002853
29.218750	0.997932	0.002641
29.250000	1.006823	0.001371
29.281250	0.997071	0.002461
29.312500	0.992180	0.002226
29.343750	1.007287	0.001936
29.375000	0.997979	0.002507
29.406250	0.995236	0.002876
29.437500	1.016431	0.002249
29.468750	0.992715	0.002774
29.500000	1.000751	0.002159
29.531250	0.988285	0.001549
29.562500	0.992736	0.002194
29.593750	0.998736	0.002654
29.625000	1.009260	0.002117
29.656250	1.004956	0.001091
29.687500	0.999596	0.001131
29.718750	1.001740	0.001541
29.750000	0.992781	0.002068
29.781250	1.005471	0.002078
29.812500	1.000917	0.001098
29.843750	0.990349	0.002333
29.875000	0.998764	0.002246
29.906250	0.991068	0.002324
29.937500	1.005627	0.002065
29.968750	0.989638	0.002498
30.000000	0.999358	0.001014
30.031250	0.996841	0.001165
30.062500	1.003548	0.002019
30.093750	1.002450	0.001118
30.125000	1.002322	0.001646
30.156250	0.995162	0.002758
30.187500	0.994337	0.002009
30.218750	1.007560	0.002271
30.250000	1.000529	0.001524
30.281250	0.990751	0.002580
30.312500	0.998535	0.001046
30.343750	1.010651	0.002962
30.375000	0.996818	0.002415
30.406250	1.006440	0.002822
30.437500	1.013077	0.001055
30.468750	0.995287	0.001497
30.500000	0.999993	0.002813
30.531250	1.003120	0.001572
30.562500	1.014426	0.001149
30.593750	1.001856	0.001214
30.625000	0.995837	0.002311
30.656250	1.005564	0.001656
30.687500	1.012200	0.002178
30.718750	1.004613	0.001363
30.750000	1.007573	0.001791
30.781250	1.003864	0.002828
30.812500	0.994318	0.002038
30.843750	1.006071	0.002369
30.875000	0.996495	0.001070
30.906250	0.999845	0.001631
30.937500	0.990348	0.001491
30.968750	1.011707	0.001543
31.000000	1.000099	0.002459
31.031250	1.002645	0.002958
31.062500	0.992116	0.001210
31.093750	1.006173	0.002850
31.125000	1.000788	0.001172
31.156250	1.003939	0.002955
31.187500	0.983674	0.002847
31.218750	0.996974	0.001570
31.250000	1.005042	0.002740
31.281250	1.000484	0.001755
31.312500	0.995888	0.001993
31.343750	0.990622	0.001854
31.375000	1.006538	0.002378
31.406250	0.996921	0.001904
31.437500	1.009764	0.001125
31.468750	0.998823	0.002054
31.500000	1.010473	0.002947
31.531250	0.995900	0.002451
31.562500	1.001138	0.002826
31.593750	1.002531	0.002934
31.625000	1.002018	0.002502
31.656250	0.995902	0.001691
31.687500	1.005024	0.001298
31.718750	1.004398	0.002690
31.750000	1.006020	0.002880
31.781250	0.995321	0.001292
31.812500	0.992802	0.001801
31.843750	1.005907	0.001482
31.875000	1.011841	0.001431
31.906250	0.997285	0.001288
31.937500	1.002984	0.002937
31.968750	0.997037	0.001047
32.000000	1.000787	0.002989
32.031250	1.005033	0.001641
32.062500	1.012338	0.002052
32.093750	0.999157	0.002923
32.125000	0.999757	0.002503
32.156250	0.995685	0.001771
32.187500	1.003061	0.002023
32.218750	0.987918	0.001030
32.250000	0.997379	0.002784
32.281250	0.991160	0.001222
32.312500	1.003449	0.002763
32.343750	1.000057	0.002151
32.375000	0.996751	0.002914
32.406250	0.998001	0.001183
32.437500	1.002350	0.001293
32.468750	1.010344	0.002649
32.500000	1.000381	0.002280
32.531250	0.998206	0.002327
32.562500	1.001158	0.002041
32.593750	0.996075	0.001836
32.625000	1.018860	0.002119
32.656250	1.017069	0.001182
32.687500	0.993771	0.001122
32.718750	1.000104	0.001833
32.750000	0.995741	0.001407
32.781250	0.989197	0.001061
32.812500	0.995429	0.002408
32.843750	1.000785	0.002545
32.875000	1.005510	0.002284
32.906250	1.005664	0.002699
32.937500	1.002418	0.002628
32.968750	0.983855	0.001960
33.000000	0.995909	0.002905
33.031250	1.001112	0.001158
33.062500	0.990678	0.002616
33.093750	0.996693	0.001551
33.125000	1.003754	0.002491
33.156250	1.000219	0.001891
33.187500	0.991546	0.001689
33.218750	0.991278	0.001483
33.250000	0.990603	0.002091
33.281250	0.996673	0.001180
33.312500	0.996542	0.002469
33.343750	1.001371	0.001853
33.375000	0.995139	0.001872
33.406250	1.001279	0.001943
33.437500	1.004421	0.002552
33.468750	0.992924	0.001963
33.500000	1.001424	0.002615
33.531250	1.010100	0.001297
33.562500	1.009246	0.001772
33.593750	1.004794	0.002739
33.625000	1.008509	0.002144
33.656250	0.993925	0.001995
33.687500	0.998257	0.002297
33.718750	1.000166	0.001178
33.750000	0.999988	0.001065
33.781250	1.016053	0.002281
33.812500	0.996170	0.001436
33.843750	0.990159	0.002373
33.875000	0.997691	0.001407
33.906250	0.999085	0.002694
33.937500	1.009917	0.001241
33.968750	1.002717	0.001467
34.000000	0.999505	0.001868
34.031250	1.000058	0.001092
34.062500	1.014190	0.001356
34.093750	1.005804	0.002555
34.125000	0.993156	0.001187
34.156250	1.013515	0.002285
34.187500	1.005795	0.001934
34.218750	0.990500	0.001183
34.250000	1.003095	0.002401
34.281250	1.004597	0.002972
34.312500	0.989632	0.002718
34.343750	1.006618	0.002017
34.375000	1.009019	0.002005
34.406250	1.003530	0.002831
34.437500	1.002106	0.001049
34.468750	1.006758	0.001950
34.500000	1.000122	0.002116
34.531250	1.014808	0.001344
34.562500	1.010893	0.001518
34.593750	0.996757	0.001945
34.625000	0.996242	0.001605
34.656250	0.996615	0.001875
34.687500	1.015267	0.002415
34.718750	1.003541	0.002602
34.750000	0.983677	0.002696
34.781250	0.992010	0.002032
34.812500	0.993598	0.002323
34.843750	1.002956	0.002516
34.875000	1.006820	0.002253
34.906250	1.011013	0.002297
34.937500	1.007268	0.001300
34.968750	1.000450	0.002637
35.000000	0.996446	0.001136
35.031250	1.003724	0.001851
35.062500	1.001471	0.002497
35.093750	0.993126	0.002838
35.125000	0.989800	0.002205
35.156250	0.998592	0.001421
35.187500	0.994217	0.002023
35.218750	0.993971	0.001407
35.250000	0.996277	0.001239
35.281250	1.008095	0.002298
35.312500	0.991458	0.002067
35.343750	0.997449	0.002066
35.375000	1.001268	0.001422
35.406250	1.004643	0.002497
35.437500	1.015453	0.001510
35.468750	1.001910	0.002091
35.500000	1.004900	0.001419
35.531250	1.001471	0.001283
35.562500	0.996319	0.001436
35.593750	1.005549	0.002445
35.625000	1.002636	0.002555
35.656250	1.012672	0.001809
35.687500	0.993778	0.002667
35.718750	0.994796	0.001508
35.750000	0.987045	0.001106
35.781250	0.994870	0.001773
35.812500	1.000011	0.001315
35.843750	1.004706	0.002109
35.875000	1.008185	0.001305
35.906250	1.001954	0.001098
35.937500	0.995859	0.002282
35.968750	0.992024	0.001019
36.000000	1.004008	0.002942
36.031250	0.999899	0.002395
36.062500	0.994238	0.002617
36.093750	0.994425	0.001485
36.125000	0.999087	0.002207
36.156250	1.004320	0.001781
36.187500	1.008713	0.001027
36.218750	1.008522	0.001189
36.250000	0.995009	0.001554
36.281250	1.004785	0.001381
36.312500	1.008267	0.001716
36.343750	0.993824	0.001325
36.375000	0.993515	0.001885
36.406250	0.987727	0.002672
36.437500	1.008482	0.001666
36.468750	0.991346	0.002470
36.500000	1.011905	0.001002
36.531250	0.996304	0.001093
36.562500	0.994762	0.002896
36.593750	0.989663	0.001922
36.625000	0.979116	0.001386
36.656250	1.011974	0.002106
36.687500	0.985472	0.001380
36.718750	1.000269	0.002324
36.750000	0.993159	0.001147
36.781250	0.997753	0.002915
36.812500	0.998021	0.001110
36.843750	0.995325	0.001723
36.875000	0.996912	0.002388
36.906250	0.987069	0.002815
36.937500	0.996758	0.001384
36.968750	1.010128	0.002462
37.000000	1.001437	0.001038
37.031250	0.990233	0.002306
37.062500	1.003537	0.001922
37.093750	1.010667	0.001581
37.125000	1.000042	0.001026
37.156250	1.006909	0.001686
37.187500	0.993671	0.001850
37.218750	0.990972	0.002775
37.250000	0.992261	0.001000
37.281250	0.990900	0.002692
37.312500	1.006973	0.001388
37.343750	0.993403	0.002150
37.375000	1.007497	0.001489
37.406250	1.005167	0.001794
37.437500	0.994941	0.002261
37.468750	0.991367	0.001149
37.500000	0.993324	0.002515
37.531250	0.996909	0.002874
37.562500	0.989898	0.001672
37.593750	0.996406	0.002453
37.625000	1.004986	0.001445
37.656250	0.995761	0.002310
37.687500	0.996465	0.002571
37.718750	1.006073	0.002822
37.750000	0.993201	0.002230
37.781250	1.002639	0.001331
37.812500	0.998959	0.002874
37.843750	1.004169	0.001642
37.875000	0.997417	0.001922
37.906250	0.992931	0.002807
37.937500	1.002461	0.002997
37.968750	0.999579	0.002876
38.000000	0.996527	0.001442
38.031250	1.001965	0.002236
38.062500	1.003599	0.002567
38.093750	0.989204	0.002993
38.125000	0.989437	0.002620
38.156250	1.009866	0.001651
38.187500	0.988299	0.002203
38.218750	1.005036	0.002305
38.250000	1.014909	0.002595
38.281250	0.999332	0.001625
38.312500	1.000696	0.002996
38.343750	1.000791	0.002679
38.375000	0.994310	0.002230
38.406250	1.003371	0.001733
38.437500	1.008861	0.002057
38.468750	0.996225	0.002553
38.500000	0.999286	0.002186
38.531250	0.991036	0.002308
38.562500	1.002733	0.002856
38.593750	0.989413	0.002702
38.625000	1.003349	0.001796
38.656250	1.004413	0.001753
38.687500	0.996151	0.001754
38.718750	1.010089	0.002028
38.750000	1.000503	0.002505
38.781250	0.998871	0.002772
38.812500	1.000544	0.001912
38.843750	0.992969	0.001622
38.875000	0.998828	0.001033
38.906250	0.988226	0.002149
38.937500	1.017265	0.001534
38.968750	1.001227	0.002920
39.000000	1.005106	0.001747
39.031250	0.994147	0.002268
39.062500	1.007076	0.001586
39.093750	0.999493	0.002038
39.125000	0.993183	0.002099
39.156250	0.985492	0.001453
39.187500	0.994987	0.002977
39.218750	0.993122	0.002519
39.250000	0.984888	0.001116
39.281250	0.993282	0.001516
39.312500	0.989831	0.002486
39.343750	0.980277	0.001974
39.375000	0.995735	0.002876
39.406250	1.018791	0.002224
39.437500	0.999034	0.001342
39.468750	0.993201	0.002768
39.500000	0.998281	0.001273
39.531250	0.988612	0.002366
39.562500	0.998899	0.002758
39.593750	0.991400	0.002206
39.625000	0.995899	0.002723
39.656250	0.992759	0.002908
39.687500	1.002124	0.001783
39.718750	1.000291	0.001311
39.750000	0.991265	0.002325
39.781250	1.000905	0.002558
39.812500	0.985477	0.002968
39.843750	0.990215	0.001211
39.875000	0.990043	0.001629
39.906250	0.983884	0.001337
39.937500	0.992876	0.002508
39.968750	1.003201	0.001992
40.000000	0.989848	0.001256
40.031250	0.984469	0.002940
40.062500	1.011176	0.002287
40.093750	0.984722	0.002198
40.125000	0.994438	0.001398
40.156250	0.979982	0.001183
40.187500	0.992622	0.002549
40.218750	0.983013	0.002516
40.250000	0.995565	0.002837
40.281250	0.989847	0.001292
40.312500	1.003561	0.001894
40.343750	0.990381	0.002541
40.375000	0.994826	0.002015
40.406250	0.987232	0.001795
40.437500	1.002570	0.002144
40.468750	0.975085	0.002033
40.500000	0.981196	0.002623
40.531250	0.994003	0.002656
40.562500	0.996591	0.002121
40.593750	0.981624	0.002014
40.625000	0.989659	0.002827
40.656250	0.980569	0.002363
40.687500	0.968487	0.002453
40.718750	0.973039	0.002508
40.750000	0.985799	0.001845
40.781250	0.986908	0.002959
40.812500	0.982445	0.001571
40.843750	0.984252	0.002290
40.875000	0.985212	0.001143
40.906250	0.986207	0.001222
40.937500	0.997201	0.001664
40.968750	0.988194	0.001705
41.000000	0.998331	0.001582
41.031250	0.985262	0.001732
41.062500	0.987293	0.002643
41.093750	0.980750	0.002907
41.125000	0.973648	0.001445
41.156250	0.983369	0.002829
41.187500	0.982332	0.001475
41.218750	0.974215	0.001459
41.250000	0.992184	0.002635
41.281250	0.978705	0.001015
41.312500	0.989056	0.002176
41.343750	0.970019	0.002396
41.375000	0.975236	0.002531
41.406250	0.966921	0.001028
41.437500	0.981481	0.002692
41.468750	0.978931	0.001898
41.500000	0.978788	0.002256
41.531250	1.001081	0.002226
41.562500	0.987998	0.002473
41.593750	0.976492	0.002550
41.625000	0.988888	0.001148
41.656250	0.985288	0.002417
41.687500	0.982344	0.001803
41.718750	0.979278	0.002393
41.750000	0.987695	0.002913
41.781250	0.970937	0.001667
41.812500	0.973450	0.002739
41.843750	0.979554	0.002868
41.875000	0.986212	0.002617
41.906250	0.963810	0.002531
41.937500	0.967670	0.002453
41.968750	0.970732	0.001775
42.000000	0.977480	0.002721
42.031250	0.979934	0.002448
42.062500	0.979812	0.002413
42.093750	0.970791	0.001146
42.125000	0.964169	0.001214
42.156250	0.977103	0.001732
42.187500	0.967774	0.002143
42.218750	0.967682	0.002831
42.250000	0.969809	0.001290
42.281250	0.981273	0.002183
42.312500	0.980068	0.002996
42.343750	0.968689	0.002800
42.375000	0.970513	0.002431
42.406250	0.969607	0.001081
42.437500	0.972502	0.001152
42.468750	0.957279	0.001553
42.500000	0.956922	0.001518
42.531250	0.973320	0.002579
42.562500	0.962460	0.001753
42.593750	0.968902	0.002754
42.625000	0.966798	0.001976
42.656250	0.969165	0.001118
42.687500	0.965856	0.001768
42.718750	0.953170	0.001762
42.750000	0.961948	0.001648
42.781250	0.959661	0.002934
42.812500	0.967292	0.001058
42.843750	0.950590	0.001823
42.875000	0.961869	0.002047
42.906250	0.955127	0.001975
42.937500	0.969182	0.002964
42.968750	0.969610	0.002150
43.000000	0.955239	0.002560
43.031250	0.973898	0.001786
43.062500	0.957504	0.002921
43.093750	0.960915	0.001589
43.125000	0.975312	0.001520
43.156250	0.972013	0.001020
43.187500	0.960606	0.002234
43.218750	0.952371	0.001801
43.250000	0.964182	0.002936
43.281250	0.963804	0.001200
43.312500	0.953266	0.001921
43.343750	0.971607	0.002402
43.375000	0.972061	0.002311
43.406250	0.960356	0.001425
43.437500	0.956749	0.002079
43.468750	0.967345	0.002085
43.500000	0.959452	0.001231
43.531250	0.940262	0.001041
43.562500	0.965148	0.002995
43.593750	0.965739	0.001425
43.625000	0.961075	0.002785
43.656250	0.970186	0.001151
43.687500	0.955661	0.002411
43.718750	0.944123	0.001500
43.750000	0.962496	0.001623
43.781250	0.974854	0.002416
43.812500	0.950562	0.002315
43.843750	0.961060	0.001675
43.875000	0.957179	0.002642
43.906250	0.962810	0.002848
43.937500	0.956541	0.001312
43.968750	0.955918	0.002478
44.000000	0.965086	0.001996
44.031250	0.960691	0.002458
44.062500	0.956757	0.002724
44.093750	0.961888	0.001043
44.125000	0.963845	0.001668
44.156250	0.958103	0.001372
44.187500	0.967068	0.001695
44.218750	0.964087	0.001952
44.250000	0.949742	0.001879
44.281250	0.952016	0.002619
44.312500	0.975075	0.001941
44.343750	0.956005	0.001037
44.375000	0.952628	0.001786
44.406250	0.957392	0.001898
44.437500	0.967415	0.002332
44.468750	0.951834	0.001360
44.500000	0.961302	0.001374
44.531250	0.972735	0.002264
44.562500	0.958045	0.001992
44.593750	0.959447	0.001730
44.625000	0.954699	0.002181
44.656250	0.960300	0.001442
44.687500	0.961045	0.002672
44.718750	0.959216	0.002053
44.750000	0.957693	0.001863
44.781250	0.974301	0.001995
44.812500	0.968037	0.002088
44.843750	0.962697	0.002404
44.875000	0.964336	0.001952
44.906250	0.961031	0.002860
44.937500	0.966982	0.001261
44.968750	0.963569	0.001095
45.000000	0.967482	0.002353
45.031250	0.956943	0.001285
45.062500	0.965486	0.002683
45.093750	0.974930	0.002251
45.125000	0.972950	0.002960
45.156250	0.974955	0.001586
45.187500	0.972615	0.001259
45.218750	0.954864	0.001847
45.250000	0.973528	0.001869
45.281250	0.966841	0.002910
45.312500	0.968368	0.002701
45.343750	0.972247	0.002900
45.375000	0.966940	0.001402
45.406250	0.974295	0.001836
45.437500	0.973084	0.002961
45.468750	0.975094	0.002591
45.500000	0.962802	0.001690
45.531250	0.967459	0.002356
45.562500	0.971738	0.002773
45.593750	0.970422	0.001834
45.625000	0.972626	0.001201
45.656250	0.960709	0.002050
45.687500	0.964584	0.002719
45.718750	0.979390	0.002301
45.750000	0.978862	0.001074
45.781250	0.977953	0.001566
45.812500	0.969546	0.002268
45.843750	0.965342	0.002353
45.875000	0.987670	0.001532
45.906250	0.978814	0.001864
45.937500	0.991771	0.002350
45.968750	0.979855	0.001453
46.000000	0.980230	0.001863
46.031250	0.979132	0.001558
46.062500	0.985493	0.001969
46.093750	0.990901	0.002934
46.125000	0.964194	0.001309
46.156250	0.985698	0.002400
46.187500	0.978214	0.002637
46.218750	0.962683	0.001363
46.250000	0.986026	0.001066
46.281250	0.971844	0.002459
46.312500	0.976633	0.002714
46.343750	0.984492	0.001335
46.375000	0.974761	0.001888
46.406250	0.979151	0.001632
46.437500	0.988229	0.002877
46.468750	0.982847	0.002282
46.500000	0.987055	0.002266
46.531250	0.983699	0.001709
46.562500	0.972832	0.001690
46.593750	0.978539	0.001062
46.625000	0.978768	0.001250
46.656250	0.975785	0.002404
46.687500	0.980098	0.001831
46.718750	0.993134	0.001680
46.750000	0.980255	0.002428
46.781250	0.988422	0.001790
46.812500	0.997556	0.002809
46.843750	0.994941	0.002373
46.875000	0.998812	0.001233
46.906250	0.988909	0.001800
46.937500	0.980291	0.002241
46.968750	0.975767	0.002688
47.000000	0.980723	0.001345
47.031250	0.995751	0.001510
47.062500	0.983109	0.001230
47.093750	0.980602	0.001545
47.125000	0.997501	0.001616
47.156250	0.978002	0.002740
47.187500	0.988035	0.002331
47.218750	0.983962	0.002895
47.250000	0.978378	0.002717
47.281250	0.996035	0.001151
47.312500	0.993642	0.002964
47.343750	0.995103	0.001893
47.375000	1.003970	0.001300
47.406250	1.000608	0.002757
47.437500	0.990583	0.002579
47.468750	0.993447	0.001277
47.500000	1.005343	0.002425
47.531250	0.988459	0.001196
47.562500	1.010478	0.002913
47.593750	0.989370	0.002323
47.625000	0.990724	0.002211
47.656250	0.994546	0.001184
47.687500	1.011891	0.001466
47.718750	0.990810	0.002788
47.750000	1.004929	0.002656
47.781250	0.990284	0.002197
47.812500	0.985630	0.001079
47.843750	1.002391	0.002556
47.875000	0.997501	0.001642
47.906250	0.995344	0.001157
47.937500	0.988605	0.002577
47.968750	1.009431	0.001251
48.000000	1.002487	0.001485
48.031250	0.996603	0.002577
48.062500	0.998588	0.001173
48.093750	0.986391	0.001756
48.125000	0.989031	0.001299
48.156250	1.006969	0.001788
48.187500	0.998814	0.002269
48.218750	0.997866	0.001080
48.250000	1.004766	0.001886
48.281250	0.987388	0.002071
48.312500	1.003414	0.002192
48.343750	1.002365	0.002570
48.375000	0.995755	0.001010
48.406250	1.000555	0.001253
48.437500	0.989978	0.001974
48.468750	0.994521	0.002868
48.500000	0.987857	0.001580
48.531250	1.009517	0.002201
48.562500	0.998961	0.002626
48.593750	0.997593	0.001854
48.625000	0.987955	0.001494
48.656250	0.995807	0.002788
48.687500	0.992999	0.001780
48.718750	1.003392	0.002185
48.750000	1.004354	0.001798
48.781250	0.993004	0.001288
48.812500	0.997434	0.001587
48.843750	1.005734	0.001834
48.875000	0.985947	0.001735
48.906250	1.000010	0.001638
48.937500	0.992717	0.002263
48.968750	0.995261	0.002396
49.000000	0.997039	0.002487
49.031250	0.995752	0.002593
49.062500	0.994476	0.002407
49.093750	1.006532	0.002848
49.125000	1.000041	0.002356
49.156250	0.995457	0.001422
49.187500	0.999333	0.001934
49.218750	1.000225	0.001636
49.250000	0.992053	0.001732
49.281250	0.999568	0.002383
49.312500	0.998963	0.002812
49.343750	0.998273	0.002702
49.375000	0.990554	0.002908
49.406250	1.003161	0.001233
49.437500	1.003111	0.002036
49.468750	0.998405	0.002483
49.500000	1.000207	0.002883
49.531250	0.990663	0.002623
49.562500	0.996301	0.002802
49.593750	0.991868	0.002778
49.625000	1.007502	0.001699
49.656250	0.999975	0.002491
49.687500	0.994098	0.002882
49.718750	1.001022	0.001045
49.750000	1.000315	0.001541
49.781250	0.985832	0.002002
49.812500	0.995869	0.002939
49.843750	1.000166	0.002315
49.875000	1.006973	0.001425
49.906250	1.000018	0.001773
49.937500	1.003444	0.001121
49.968750	0.997220	0.001691
50.000000	0.989824	0.001566
50.031250	1.006891	0.002568
50.062500	1.012107	0.002566
50.093750	1.004159	0.002411
50.125000	0.995216	0.001969
50.156250	0.999307	0.002805
50.187500	0.990038	0.001695
50.218750	1.003899	0.001458
50.250000	0.990410	0.001427
50.281250	0.990728	0.002172
50.312500	1.002700	0.001200
50.343750	1.007569	0.001902
50.375000	0.996538	0.001153
50.406250	0.995029	0.002478
50.437500	1.009638	0.002313
50.468750	1.008509	0.002040
50.500000	0.993456	0.002722
50.531250	0.994346	0.001958
50.562500	1.000384	0.002243
50.593750	0.983903	0.001694
50.625000	1.006248	0.001807
50.656250	1.002140	0.001282
50.687500	1.007300	0.001977
50.718750	0.988121	0.002755
50.750000	1.005256	0.001791
50.781250	1.004349	0.002135
50.812500	0.990244	0.002507
50.843750	0.996660	0.002340
50.875000	1.013474	0.002978
50.906250	1.003248	0.001746
50.937500	1.002672	0.002484
50.968750	0.992038	0.002729
51.000000	1.002536	0.001362
51.031250	0.999109	0.002930
51.062500	1.000633	0.002205
51.093750	0.997658	0.001043
51.125000	0.999736	0.001802
51.156250	0.996880	0.001767
51.187500	1.007716	0.001395
51.218750	0.998824	0.002761
51.250000	1.009346	0.001945
51.281250	1.003716	0.001247
51.312500	0.994301	0.001752
51.343750	0.995997	0.002759
51.375000	0.993415	0.002045
51.406250	0.991805	0.001505
51.437500	0.997005	0.001858
51.468750	0.999689	0.002191
51.500000	1.005501	0.002764
51.531250	0.990240	0.001991
51.562500	0.994797	0.001200
51.593750	1.007464	0.001879
51.625000	0.997884	0.002980
51.656250	0.999043	0.001363
51.687500	1.003799	0.002018
51.718750	0.993734	0.002493
51.750000	1.008216	0.001628
51.781250	1.008775	0.001736
51.812500	1.009420	0.001596
51.843750	0.995320	0.002490
51.875000	0.994771	0.002949
51.906250	1.009559	0.001659
51.937500	0.997395	0.001504
51.968750	1.004765	0.001647
52.000000	1.007131	0.001820
52.031250	1.000791	0.001086
52.062500	0.986092	0.001391
52.093750	1.003412	0.002192
52.125000	1.001547	0.001706
52.156250	0.999029	0.001825
52.187500	1.003127	0.002865
52.218750	1.006329	0.002643
52.250000	0.990103	0.001882
52.281250	0.990862	0.002822
52.312500	0.981081	0.002646
52.343750	0.994698	0.001293
52.375000	0.994203	0.001751
52.406250	0.990575	0.002270
52.437500	0.994547	0.001755
52.468750	0.994188	0.001043
52.500000	1.003526	0.001012
52.531250	1.000094	0.002222
52.562500	1.017145	0.002012
52.593750	1.000170	0.001283
52.625000	0.996505	0.001542
52.656250	1.000475	0.002443
52.687500	0.998967	0.002027
52.718750	1.007911	0.001599
52.750000	0.995414	0.002916
52.781250	0.989781	0.002479
52.812500	1.006295	0.002621
52.843750	1.002182	0.001841
52.875000	0.995707	0.002006
52.906250	0.997726	0.002585
52.937500	1.000640	0.002357
52.968750	1.001488	0.002331
53.000000	1.002772	0.002733
53.031250	1.018891	0.002363
53.062500	0.996263	0.001382
53.093750	0.992399	0.001503
53.125000	0.989158	0.001069
53.156250	0.996951	0.002113
53.187500	0.993540	0.002207
53.218750	0.993882	0.002538
53.250000	0.986347	0.002888
53.281250	0.996287	0.002993
53.312500	0.999374	0.001487
53.343750	0.992944	0.002146
53.375000	1.015096	0.001899
53.406250	1.003001	0.001155
53.437500	1.000419	0.001567
53.468750	0.991871	0.001014
53.500000	1.001134	0.001908
53.531250	1.008052	0.002660
53.562500	0.983048	0.001476
53.593750	1.017950	0.001380
53.625000	0.996096	0.001775
53.656250	1.006369	0.001998
53.687500	1.011020	0.002216
53.718750	1.002112	0.002292
53.750000	0.997759	0.002866
53.781250	1.001794	0.002652
53.812500	1.002188	0.002467
53.843750	0.998391	0.002117
53.875000	0.990307	0.001005
53.906250	1.018369	0.002652
53.937500	1.010852	0.002622
53.968750	0.990706	0.002301
54.000000	0.999954	0.002268
54.031250	0.998347	0.001692
54.062500	0.997744	0.001709
54.093750	1.004111	0.002262
54.125000	0.997120	0.001039
54.156250	1.001718	0.002719
54.187500	1.012972	0.002980
54.218750	1.011264	0.002521
54.250000	0.997129	0.002565
54.281250	0.999988	0.001330
54.312500	0.995686	0.002643
54.343750	1.003728	0.001747
54.375000	1.008038	0.001120
54.406250	1.012889	0.002348
54.437500	1.008221	0.001120
54.468750	0.997700	0.001945
54.500000	1.012133	0.002078
54.531250	1.007372	0.002547
54.562500	0.997985	0.002068
54.593750	1.013152	0.002923
54.625000	1.006675	0.002872
54.656250	1.002236	0.001764
54.687500	1.012676	0.002105
54.718750	0.989834	0.001552
54.750000	1.007230	0.001826
54.781250	0.992757	0.002130
54.812500	1.000756	0.001133
54.843750	0.994317	0.001374
54.875000	0.984594	0.002390
54.906250	1.000251	0.001215
54.937500	0.993658	0.001014
54.968750	1.007529	0.001662
55.000000	0.995314	0.001060
55.031250	1.009610	0.001600
55.062500	0.998651	0.001341
55.093750	1.012488	0.001560
55.125000	0.993726	0.002438
55.156250	1.001217	0.002096
55.187500	0.994253	0.001405
55.218750	1.008989	0.002281
55.250000	0.989284	0.002656
55.281250	0.996007	0.002882
55.312500	1.002377	0.002068
55.343750	0.997600	0.001487
55.375000	1.010899	0.002057
55.406250	1.000077	0.002384
55.437500	0.985972	0.001707
55.468750	0.990309	0.002011
55.500000	0.997486	0.002665
55.531250	0.994256	0.002592
55.562500	1.008779	0.002468
55.593750	1.001601	0.002623
55.625000	0.995020	0.001158
55.656250	0.994102	0.001572
55.687500	0.980376	0.002872
55.718750	1.011074	0.002309
55.750000	1.012526	0.002744
55.781250	0.991406	0.001855
55.812500	0.999293	0.002278
55.843750	0.984158	0.001775
55.875000	0.993658	0.002667
55.906250	0.995498	0.001537
55.937500	1.000244	0.002805
55.968750	1.009059	0.002020
56.000000	1.023567	0.002651
56.031250	1.009581	0.002426
56.062500	0.994414	0.002289
56.093750	0.994011	0.001028
56.125000	1.005076	0.002216
56.156250	0.999990	0.002200
56.187500	0.996210	0.002913
56.218750	0.993784	0.001008
56.250000	0.987608	0.002823
56.281250	0.994272	0.002126
56.312500	0.989418	0.001994
56.343750	0.992412	0.001736
56.375000	1.006703	0.001896
56.406250	0.989491	0.001120
56.437500	1.006011	0.001211
56.468750	1.006075	0.002998
56.500000	0.989517	0.001313
56.531250	0.992215	0.001918
56.562500	1.003267	0.001863
56.593750	0.985738	0.001506
56.625000	1.001288	0.002426
56.656250	1.001821	0.002162
56.687500	0.990297	0.002394
56.718750	0.980378	0.001662
56.750000	0.994573	0.002484
56.781250	0.982779	0.002470
56.812500	0.979443	0.002679
56.843750	0.995459	0.001889
56.875000	0.979033	0.001615
56.906250	0.984508	0.002912
56.937500	0.992797	0.002130
56.968750	0.994742	0.002353
57.000000	0.983840	0.001010
57.031250	0.977867	0.002246
57.062500	1.002019	0.001659
57.093750	0.985227	0.002242
57.125000	0.992367	0.002186
57.156250	0.991523	0.001851
57.187500	0.984943	0.001001
57.218750	0.980211	0.002234
57.250000	0.978134	0.001354
57.281250	0.971155	0.001782
57.312500	0.968233	0.001526
57.343750	0.991439	0.002399
57.375000	0.978206	0.002056
57.406250	0.957733	0.002543
57.437500	0.967962	0.002675
57.468750	0.976246	0.001145
57.500000	0.973649	0.001964
57.531250	0.970700	0.001428
57.562500	0.977198	0.001169
57.593750	0.960865	0.001144
57.625000	0.967338	0.002425
57.656250	0.972168	0.002529
57.687500	0.964068	0.001693
57.718750	0.955068	0.002007
57.750000	0.951092	0.002229
57.781250	0.953033	0.001381
57.812500	0.962084	0.001275
57.843750	0.961437	0.002030
57.875000	0.961189	0.001682
57.906250	0.954775	0.002673
57.937500	0.964853	0.001599
57.968750	0.954603	0.001480
58.000000	0.964387	0.002447
58.031250	0.959234	0.001715
58.062500	0.961416	0.002810
58.093750	0.965426	0.002988
58.125000	0.962060	0.002487
58.156250	0.955934	0.001137
58.187500	0.951823	0.001224
58.218750	0.957104	0.001061
58.250000	0.963893	0.001491
58.281250	0.956093	0.001052
58.312500	0.964725	0.001447
58.343750	0.959878	0.001451
58.375000	0.965721	0.001063
58.406250	0.952397	0.002430
58.437500	0.974324	0.001518
58.468750	0.970825	0.001884
58.500000	0.974798	0.001446
58.531250	0.971919	0.002049
58.562500	0.977179	0.001978
58.593750	0.968598	0.002290
58.625000	0.977659	0.001602
58.656250	0.973480	0.002738
58.687500	0.969364	0.001029
58.718750	0.968301	0.001145
58.750000	0.968957	0.002141
58.781250	0.969638	0.002215
58.812500	0.983107	0.002443
58.843750	0.980933	0.002471
58.875000	0.989770	0.002450
58.906250	0.991744	0.002495
58.937500	0.974851	0.002252
58.968750	0.995846	0.002516
59.000000	0.979917	0.001070
59.031250	0.983189	0.002364
59.062500	0.993263	0.002499
59.093750	0.985954	0.002082
59.125000	0.994164	0.001270
59.156250	0.988645	0.001208
59.187500	1.004986	0.002755
59.218750	0.981602	0.001784
59.250000	0.999944	0.001101
59.281250	0.987005	0.001931
59.312500	1.007697	0.002488
59.343750	0.990339	0.002364
59.375000	1.002795	0.002078
59.406250	0.995959	0.001536
59.437500	0.995351	0.002189
59.468750	0.991514	0.002629
59.500000	1.002062	0.002041
59.531250	1.000017	0.002593
59.562500	0.990153	0.002579
59.593750	1.005510	0.001421
59.625000	0.986549	0.002531
59.656250	0.989207	0.002384
59.687500	0.992287	0.002281
59.718750	0.996007	0.002663
59.750000	0.993632	0.002841
59.781250	0.990617	0.002917
59.812500	1.002072	0.001074
59.843750	1.002446	0.002406
59.875000	0.998932	0.001718
59.906250	0.995425	0.002460
59.937500	1.008090	0.001264
59.968750	0.998295	0.002819
