# Time (days)	Flux	Error
0.000000	0.997622	0.002079
0.031250	0.994370	0.002144
0.062500	1.000928	0.001790
0.093750	1.002763	0.002444
0.125000	0.991252	0.002076
0.156250	0.994840	0.001273
0.187500	0.997695	0.001904
0.218750	1.004876	0.002349
0.250000	0.994124	0.002386
0.281250	0.993329	0.002117
0.312500	0.995982	0.001012
0.343750	0.992810	0.001224
0.375000	0.993008	0.002802
0.406250	1.020438	0.001911
0.437500	0.991849	0.001633
0.468750	0.995282	0.001873
0.500000	0.995456	0.001389
0.531250	1.000913	0.002087
0.562500	1.001584	0.002132
0.593750	1.001202	0.002885
0.625000	0.999810	0.002343
0.656250	1.017609	0.002451
0.687500	0.997333	0.001453
0.718750	1.003880	0.002021
0.750000	0.997547	0.002690
0.781250	0.994687	0.001392
0.812500	1.009312	0.001033
0.843750	1.001481	0.002187
0.875000	1.012385	0.001017
0.906250	1.010428	0.002260
0.937500	1.001107	0.001646
0.968750	0.997568	0.002852
1.000000	1.004908	0.001861
1.031250	0.989361	0.002525
1.062500	1.007240	0.002118
1.093750	1.014128	0.002717
1.125000	1.002538	0.001110
1.156250	1.011781	0.002305
1.187500	0.995438	0.002214
1.218750	0.996232	0.001017
1.250000	1.008290	0.002638
1.281250	0.990337	0.001370
1.312500	1.008134	0.001002
1.343750	0.991870	0.002777
1.375000	1.012428	0.001630
1.406250	0.987711	0.001186
1.437500	1.009396	0.001542
1.468750	1.009268	0.001263
1.500000	1.016817	0.001675
1.531250	1.017543	0.002341
1.562500	1.007442	0.002149
1.593750	1.014669	0.001401
1.625000	0.994757	0.002265
1.656250	1.018436	0.001138
1.687500	0.995520	0.001576
1.718750	0.992878	0.001351
1.750000	1.021405	0.001686
1.781250	1.007010	0.001161
1.812500	1.003842	0.001515
1.843750	0.998047	0.001278
1.875000	1.013166	0.001215
1.906250	1.010681	0.002469
1.937500	1.021378	0.002269
1.968750	1.015397	0.002898
2.000000	1.000514	0.001147
2.031250	1.016354	0.001005
2.062500	1.019900	0.002629
2.093750	1.013413	0.001017
2.125000	0.997384	0.001146
2.156250	1.014387	0.001096
2.187500	0.998845	0.002045
2.218750	1.004197	0.002055
2.250000	1.010474	0.001706
2.281250	1.010895	0.002402
2.312500	1.008985	0.002022
2.343750	1.001565	0.002732
2.375000	1.016895	0.002052
2.406250	1.012886	0.001496
2.437500	1.007375	0.001186
2.468750	1.010563	0.002776
2.500000	1.030304	0.001202
2.531250	0.997895	0.002114
2.562500	1.005691	0.001232
2.593750	1.007622	0.001512
2.625000	1.018897	0.002993
2.656250	1.017926	0.002894
2.687500	1.008771	0.001637
2.718750	1.013285	0.002107
2.750000	1.014248	0.002478
2.781250	1.002461	0.001968
2.812500	1.001463	0.002856
2.843750	1.006399	0.001685
2.875000	1.001062	0.002454
2.906250	1.007246	0.002425
2.937500	1.014302	0.002668
2.968750	1.020367	0.002218
3.000000	1.004379	0.001181
3.031250	1.018382	0.001816
3.062500	1.008219	0.002028
3.093750	1.006610	0.001119
3.125000	1.016401	0.002191
3.156250	1.011028	0.002392
3.187500	1.021931	0.001845
3.218750	1.018161	0.002269
3.250000	1.007616	0.002224
3.281250	1.008556	0.002441
3.312500	1.006954	0.002616
3.343750	1.028970	0.001806
3.375000	1.028589	0.002469
3.406250	1.008797	0.001657
3.437500	1.019384	0.001007
3.468750	0.999094	0.001038
3.500000	0.996198	0.001007
3.531250	1.020595	0.002779
3.562500	1.016612	0.002420
3.593750	1.024015	0.002317
3.625000	1.020808	0.002603
3.656250	1.007543	0.001727
3.687500	1.008321	0.001511
3.718750	1.015368	0.002018
3.750000	1.005042	0.001000
3.781250	1.017719	0.002306
3.812500	1.022004	0.001803
3.843750	1.014216	0.001885
3.875000	1.015423	0.002737
3.906250	1.014295	0.002205
3.937500	1.005269	0.001063
3.968750	1.009137	0.001742
4.000000	1.016435	0.001921
4.031250	1.017692	0.001117
4.062500	1.017208	0.002093
4.093750	1.014231	0.002366
4.125000	1.011785	0.001743
4.156250	1.005893	0.002329
4.187500	1.001209	0.001718
4.218750	1.012961	0.001538
4.250000	1.010960	0.001564
4.281250	1.019936	0.001580
4.312500	1.008864	0.002686
4.343750	1.017048	0.001975
4.375000	1.009265	0.001521
4.406250	0.996372	0.002433
4.437500	1.008452	0.002174
4.468750	1.024956	0.002442
4.500000	1.016767	0.001323
4.531250	1.019995	0.001978
4.562500	1.007917	0.002981
4.593750	1.007054	0.001846
4.625000	1.017657	0.002339
4.656250	1.025324	0.001558
4.687500	1.022260	0.002202
4.718750	1.015464	0.001891
4.750000	1.018784	0.002623
4.781250	1.003544	0.002455
4.812500	1.013025	0.002914
4.843750	1.013672	0.002779
4.875000	1.022956	0.001661
4.906250	1.022681	0.001688
4.937500	1.012032	0.002953
4.968750	1.018656	0.002902
5.000000	1.012390	0.002868
5.031250	1.022882	0.002211
5.062500	1.008966	0.001291
5.093750	1.006980	0.002150
5.125000	1.014945	0.002059
5.156250	1.010295	0.001961
5.187500	1.026513	0.002480
5.218750	1.012287	0.001515
5.250000	1.021161	0.002598
5.281250	1.003163	0.001393
5.312500	1.012045	0.001052
5.343750	1.015704	0.002609
5.375000	1.016373	0.001823
5.406250	1.009868	0.002488
5.437500	1.008181	0.001487
5.468750	1.018506	0.002979
5.500000	1.012213	0.001047
5.531250	1.017389	0.002961
5.562500	1.017742	0.001481
5.593750	1.014907	0.001735
5.625000	1.023359	0.001503
5.656250	1.007387	0.002804
5.687500	1.038335	0.002273
5.718750	1.026938	0.001375
5.750000	1.008301	0.002143
5.781250	0.997797	0.001160
5.812500	1.014819	0.002522
5.843750	1.016405	0.001959
5.875000	1.004283	0.001892
5.906250	1.030709	0.002339
5.937500	0.991174	0.002101
5.968750	1.013886	0.002191
6.000000	1.019783	0.002633
6.031250	1.015141	0.002153
6.062500	1.023997	0.001013
6.093750	1.019256	0.001650
6.125000	1.017590	0.001615
6.156250	1.009356	0.002559
6.187500	1.014205	0.001737
6.218750	1.015524	0.001304
6.250000	1.019061	0.001081
6.281250	1.013839	0.001912
6.312500	1.005296	0.002933
6.343750	1.024634	0.002433
6.375000	1.011559	0.002603
6.406250	1.012240	0.001630
6.437500	1.017599	0.001685
6.468750	1.011871	0.001748
6.500000	1.018608	0.002783
6.531250	1.031626	0.002786
6.562500	1.021710	0.002714
6.593750	1.008457	0.001959
6.625000	1.013210	0.001569
6.656250	1.017137	0.002232
6.687500	1.021482	0.002073
6.718750	1.009582	0.001534
6.750000	1.029084	0.001090
6.781250	1.013393	0.002616
6.812500	1.012972	0.002384
6.843750	1.022314	0.002591
6.875000	1.024632	0.002764
6.906250	1.009356	0.002864
6.937500	1.022764	0.002121
6.968750	1.001828	0.002230
7.000000	1.008890	0.002791
7.031250	1.008447	0.002610
7.062500	1.017797	0.002991
7.093750	1.024672	0.001945
7.125000	1.023153	0.001154
7.156250	1.006919	0.001815
7.187500	0.991997	0.002452
7.218750	1.005957	0.002312
7.250000	1.016815	0.002583
7.281250	1.021440	0.002078
7.312500	1.006349	0.002149
7.343750	1.017725	0.002476
7.375000	1.008531	0.001246
7.406250	1.016515	0.002833
7.437500	1.024569	0.001448
7.468750	1.009407	0.002547
7.500000	1.011135	0.001058
7.531250	1.014579	0.002924
7.562500	1.008699	0.001001
7.593750	1.011398	0.001555
7.625000	1.007247	0.002248
7.656250	1.024239	0.001767
7.687500	1.026364	0.001414
7.718750	1.019467	0.002187
7.750000	1.004647	0.002755
7.781250	1.018445	0.001819
7.812500	1.008648	0.002731
7.843750	1.015357	0.001357
7.875000	1.014162	0.001568
7.906250	1.008453	0.001291
7.937500	1.012675	0.002897
7.968750	1.009622	0.002040
8.000000	1.000563	0.001527
8.031250	1.001600	0.002279
8.062500	1.010166	0.002995
8.093750	1.005934	0.001877
8.125000	1.019687	0.001589
8.156250	1.013993	0.001575
8.187500	1.025684	0.001402
8.218750	1.017891	0.001815
8.250000	1.016413	0.001986
8.281250	1.011088	0.001667
8.312500	1.012227	0.002875
8.343750	1.015491	0.001846
8.375000	1.025609	0.002130
8.406250	1.023010	0.001688
8.437500	1.009004	0.002439
8.468750	1.013163	0.001210
8.500000	1.019909	0.001103
8.531250	1.003831	0.002707
8.562500	1.011187	0.002690
8.593750	1.011923	0.001250
8.625000	1.023000	0.001281
8.656250	1.009398	0.001109
8.687500	1.020515	0.002400
8.718750	0.994078	0.002529
8.750000	1.014223	0.001943
8.781250	1.016128	0.001824
8.812500	1.014465	0.001734
8.843750	1.016848	0.002131
8.875000	1.009179	0.001959
8.906250	1.004091	0.002943
8.937500	1.022818	0.001226
8.968750	1.017311	0.001973
9.000000	1.008774	0.001729
9.031250	1.010822	0.001917
9.062500	1.026806	0.001936
9.093750	1.013775	0.002404
9.125000	1.009075	0.002373
9.156250	1.007299	0.002910
9.187500	1.015540	0.002229
9.218750	1.001706	0.001111
9.250000	1.010852	0.002437
9.281250	1.017971	0.002186
9.312500	1.034095	0.001413
9.343750	0.996913	0.002014
9.375000	1.013959	0.002220
9.406250	1.010146	0.001725
9.437500	1.015095	0.001270
9.468750	1.015896	0.001141
9.500000	1.012381	0.002873
9.531250	1.013167	0.001533
9.562500	1.016096	0.001810
9.593750	1.009526	0.001907
9.625000	1.011971	0.001658
9.656250	0.999702	0.002393
9.687500	0.981166	0.001291
9.718750	1.008347	0.002377
9.750000	1.018215	0.001195
9.781250	1.012966	0.002814
9.812500	1.007730	0.001296
9.843750	1.012096	0.001140
9.875000	0.995434	0.002370
9.906250	0.998148	0.002898
9.937500	1.013824	0.002808
9.968750	1.018301	0.001716
10.000000	1.031212	0.001915
10.031250	1.001675	0.001837
10.062500	1.001237	0.001109
10.093750	0.988337	0.002141
10.125000	1.003503	0.001323
10.156250	1.005182	0.002876
10.187500	1.007679	0.001026
10.218750	1.007782	0.002698
10.250000	1.021225	0.001017
10.281250	1.013351	0.002528
10.312500	1.011352	0.002303
10.343750	1.001513	0.001712
10.375000	0.999853	0.002319
10.406250	1.000990	0.002614
10.437500	1.026313	0.002980
10.468750	1.002193	0.001357
10.500000	0.995128	0.002203
10.531250	1.022097	0.001839
10.562500	0.997960	0.001074
10.593750	1.007891	0.001848
10.625000	1.006728	0.002752
10.656250	1.016024	0.002642
10.687500	1.006577	0.001314
10.718750	1.007512	0.002842
10.750000	1.003664	0.002447
10.781250	1.002712	0.001035
10.812500	1.013026	0.001341
10.843750	1.010749	0.001190
10.875000	1.004808	0.001713
10.906250	1.015207	0.002584
10.937500	1.007509	0.001790
10.968750	1.007949	0.002803
11.000000	1.003108	0.002856
11.031250	1.004523	0.001712
11.062500	1.002264	0.002527
11.093750	1.005226	0.001041
11.125000	0.999670	0.002910
11.156250	1.017466	0.002114
11.187500	0.996334	0.002781
11.218750	1.012113	0.002308
11.250000	1.011215	0.002406
11.281250	0.998946	0.001092
11.312500	1.001620	0.002242
11.343750	1.002164	0.002950
11.375000	0.992538	0.002532
11.406250	1.007331	0.001643
11.437500	1.011463	0.002936
11.468750	0.990565	0.001961
11.500000	0.993337	0.002473
11.531250	1.001210	0.001897
11.562500	1.000160	0.001602
11.593750	0.994306	0.001956
11.625000	1.005795	0.002692
11.656250	1.003251	0.001287
11.687500	0.985075	0.001372
11.718750	1.006074	0.001301
11.750000	1.008753	0.002205
11.781250	1.014425	0.001389
11.812500	1.000958	0.002341
11.843750	1.006046	0.001240
11.875000	1.020558	0.001860
11.906250	1.004532	0.002245
11.937500	1.016803	0.002123
11.968750	1.001542	0.001317
12.000000	1.003731	0.002321
12.031250	0.995842	0.002968
12.062500	1.002468	0.002355
12.093750	1.007023	0.001606
12.125000	0.999921	0.001750
12.156250	0.995172	0.002605
12.187500	1.001696	0.002196
12.218750	1.005565	0.002746
12.250000	0.998283	0.001326
12.281250	1.005369	0.002564
12.312500	0.999262	0.002450
12.343750	1.000401	0.002720
12.375000	1.003211	0.002114
12.406250	0.994629	0.002773
12.437500	1.003740	0.002697
12.468750	1.001285	0.001730
12.500000	1.001527	0.002320
12.531250	1.003176	0.001913
12.562500	0.991078	0.002106
12.593750	1.002545	0.001950
12.625000	0.997532	0.002538
12.656250	0.999909	0.002720
12.687500	0.995525	0.002115
12.718750	0.988371	0.002078
12.750000	0.998112	0.002336
12.781250	0.996329	0.002164
12.812500	1.006237	0.002018
12.843750	0.994561	0.002326
12.875000	1.002543	0.001512
12.906250	1.000061	0.002153
12.937500	0.988597	0.002885
12.968750	0.995254	0.001949
13.000000	0.997757	0.001956
13.031250	0.999559	0.001561
13.062500	1.010934	0.002783
13.093750	1.012309	0.002622
13.125000	0.999864	0.001263
13.156250	0.997928	0.001350
13.187500	0.985744	0.001385
13.218750	0.995303	0.002435
13.250000	1.005061	0.002030
13.281250	1.007099	0.001053
13.312500	0.998803	0.001212
13.343750	0.997425	0.002739
13.375000	0.990392	0.001531
13.406250	0.993779	0.002369
13.437500	0.996865	0.002311
13.468750	1.000884	0.002608
13.500000	1.003078	0.001497
13.531250	0.999871	0.002060
13.562500	0.999280	0.001284
13.593750	1.001766	0.001785
13.625000	0.990186	0.001184
13.656250	1.005433	0.002680
13.687500	0.991235	0.002164
13.718750	1.006675	0.001616
13.750000	0.992932	0.002717
13.781250	1.001137	0.001967
13.812500	0.987860	0.002956
13.843750	1.006567	0.001064
13.875000	0.979225	0.001699
13.906250	0.988399	0.002683
13.937500	0.988536	0.002610
13.968750	0.983068	0.001444
14.000000	0.982147	0.001435
14.031250	0.988706	0.001157
14.062500	0.998481	0.001051
14.093750	1.002508	0.001611
14.125000	0.999104	0.002883
14.156250	0.997636	0.001215
14.187500	0.997336	0.001134
14.218750	1.007962	0.002702
14.250000	1.002441	0.001742
14.281250	0.999610	0.001218
14.312500	0.996994	0.001673
14.343750	0.981159	0.001471
14.375000	0.990751	0.002661
14.406250	0.988653	0.002949
14.437500	0.989448	0.002891
14.468750	0.998685	0.001749
14.500000	0.992554	0.001708
14.531250	0.987299	0.002543
14.562500	0.993604	0.002600
14.593750	0.988135	0.001578
14.625000	1.004349	0.001628
14.656250	0.992214	0.002721
14.687500	0.976833	0.001774
14.718750	0.993328	0.002489
14.750000	0.984487	0.002649
14.781250	0.979501	0.002072
14.812500	0.985317	0.001856
14.843750	0.996749	0.002776
14.875000	1.001857	0.001854
14.906250	0.995976	0.002852
14.937500	0.988701	0.002041
14.968750	0.982890	0.001644
15.000000	0.999102	0.001864
15.031250	0.973516	0.001397
15.062500	1.007132	0.002957
15.093750	0.976851	0.002882
15.125000	0.999639	0.001561
15.156250	1.004131	0.001135
15.187500	0.980995	0.002195
15.218750	0.991361	0.002792
15.250000	0.979251	0.001365
15.281250	0.999602	0.002215
15.312500	1.020958	0.001518
15.343750	0.987414	0.002002
15.375000	0.987264	0.002189
15.406250	0.980006	0.001643
15.437500	0.983261	0.001151
15.468750	1.005098	0.002675
15.500000	0.998590	0.001894
15.531250	1.005348	0.002018
15.562500	0.985380	0.001062
15.593750	0.988219	0.001234
15.625000	0.990113	0.002107
15.656250	0.984716	0.002968
15.687500	0.990002	0.002703
15.718750	0.985837	0.001580
15.750000	0.993462	0.001448
15.781250	0.986320	0.001479
15.812500	0.981761	0.002746
15.843750	1.000932	0.002505
15.875000	0.994389	0.001161
15.906250	0.989350	0.002834
15.937500	0.977731	0.001923
15.968750	0.983940	0.001394
16.000000	0.997195	0.002531
16.031250	0.982839	0.002774
16.062500	0.991250	0.001430
16.093750	0.981520	0.002351
16.125000	1.001141	0.002702
16.156250	1.001745	0.002061
16.187500	0.984253	0.001764
16.218750	0.981768	0.002887
16.250000	0.987449	0.001296
16.281250	0.997225	0.001658
16.312500	0.990096	0.001080
16.343750	0.999198	0.001841
16.375000	0.977645	0.002731
16.406250	0.996390	0.001249
16.437500	0.985952	0.001494
16.468750	0.996582	0.001164
16.500000	0.990287	0.002724
16.531250	0.985408	0.001481
16.562500	0.996294	0.001281
16.593750	0.986454	0.001319
16.625000	0.984837	0.002094
16.656250	0.999308	0.001113
16.687500	0.986966	0.002862
16.718750	0.988947	0.001822
16.750000	0.978627	0.002547
16.781250	1.001559	0.001390
16.812500	0.988760	0.002579
16.843750	0.993089	0.001693
16.875000	0.980014	0.001161
16.906250	0.975900	0.001836
16.937500	0.997389	0.002661
16.968750	0.987092	0.002590
17.000000	0.990318	0.001817
17.031250	0.974429	0.002676
17.062500	0.980205	0.002224
17.093750	0.967924	0.001643
17.125000	0.988231	0.002600
17.156250	1.000380	0.002465
17.187500	0.991916	0.002219
17.218750	0.987611	0.001758
17.250000	0.990552	0.001399
17.281250	0.987569	0.001887
17.312500	0.990289	0.002565
17.343750	1.001482	0.001089
17.375000	0.988995	0.002976
17.406250	0.988508	0.001617
17.437500	0.985902	0.002378
17.468750	0.995265	0.002538
17.500000	0.996268	0.001511
17.531250	0.998019	0.001350
17.562500	0.996581	0.002353
17.593750	0.995192	0.002509
17.625000	0.991042	0.002661
17.656250	0.992673	0.002984
17.687500	0.993512	0.001804
17.718750	0.999844	0.001252
17.750000	0.989637	0.002382
17.781250	0.990604	0.001220
17.812500	0.990706	0.002852
17.843750	0.998230	0.002172
17.875000	0.974206	0.002223
17.906250	0.986877	0.002554
17.937500	1.000993	0.002850
17.968750	0.992194	0.001006
18.000000	0.993639	0.001089
18.031250	0.985892	0.002998
18.062500	0.985282	0.002329
18.093750	0.997845	0.001222
18.125000	0.979876	0.002175
18.156250	0.987952	0.002075
18.187500	0.981796	0.002895
18.218750	0.987250	0.002722
18.250000	0.987402	0.001951
18.281250	0.995349	0.001062
18.312500	0.990093	0.001411
18.343750	0.975353	0.001972
18.375000	0.992540	0.002534
18.406250	0.976494	0.002052
18.437500	0.976212	0.002312
18.468750	0.982642	0.002443
18.500000	0.974232	0.001417
18.531250	0.989831	0.002468
18.562500	0.989480	0.001201
18.593750	0.976461	0.001642
18.625000	0.992087	0.002698
18.656250	1.002348	0.002995
18.687500	0.992262	0.001902
18.718750	0.984603	0.002452
18.750000	0.986586	0.002050
18.781250	0.972386	0.001728
18.812500	0.998041	0.002761
18.843750	0.983362	0.002198
18.875000	0.974026	0.001619
18.906250	0.987540	0.002464
18.937500	0.998782	0.001595
18.968750	0.974990	0.002641
19.000000	0.990322	0.001049
19.031250	0.979838	0.001819
19.062500	0.998051	0.001763
19.093750	0.980656	0.001437
19.125000	1.000686	0.002947
19.156250	0.992658	0.001142
19.187500	0.996008	0.001221
19.218750	0.996881	0.001344
19.250000	0.977749	0.002277
19.281250	1.004091	0.002222
19.312500	0.985046	0.002382
19.343750	0.991434	0.002289
19.375000	0.978295	0.002124
19.406250	0.989735	0.002091
19.437500	0.988974	0.002052
19.468750	0.980533	0.001902
19.500000	0.990290	0.001598
19.531250	0.992219	0.001456
19.562500	0.996110	0.002724
19.593750	0.979411	0.001410
19.625000	0.983520	0.002753
19.656250	0.993046	0.002659
19.687500	0.991249	0.001833
19.718750	0.982682	0.001231
19.750000	0.995304	0.001069
19.781250	0.989596	0.002347
19.812500	0.990965	0.001666
19.843750	0.981073	0.002194
19.875000	0.999575	0.001366
19.906250	0.987434	0.001373
19.937500	0.999667	0.001615
19.968750	0.988263	0.002095
20.000000	1.007388	0.001946
20.031250	0.989793	0.002382
20.062500	0.992861	0.002992
20.093750	0.991445	0.001709
20.125000	0.982003	0.002270
20.156250	0.979480	0.002842
20.187500	0.987740	0.001458
20.218750	0.981693	0.002522
20.250000	0.998811	0.002686
20.281250	0.985949	0.001717
20.312500	0.992763	0.002502
20.343750	0.996722	0.001228
20.375000	0.982183	0.002097
20.406250	0.978642	0.002972
20.437500	0.989602	0.001282
20.468750	0.990531	0.002245
20.500000	0.986775	0.001243
20.531250	1.011205	0.002024
20.562500	0.984146	0.001917
20.593750	0.983128	0.002494
20.625000	0.991385	0.002679
20.656250	0.987845	0.001043
20.687500	0.978163	0.002083
20.718750	0.970561	0.002997
20.750000	0.993091	0.001737
20.781250	0.973176	0.002605
20.812500	0.988227	0.002238
20.843750	0.997737	0.002242
20.875000	0.986331	0.002941
20.906250	0.989643	0.001687
20.937500	0.996762	0.001724
20.968750	0.978061	0.002329
21.000000	0.980363	0.002359
21.031250	0.997451	0.002664
21.062500	0.989049	0.002991
21.093750	0.981305	0.001554
21.125000	0.984648	0.001619
21.156250	0.989709	0.001277
21.187500	0.999250	0.002455
21.218750	0.989945	0.001486
21.250000	0.992609	0.002007
21.281250	0.998694	0.001317
21.312500	0.978563	0.001466
21.343750	1.001358	0.002062
21.375000	0.999155	0.002515
21.406250	0.995918	0.002301
21.437500	1.007337	0.001118
21.468750	0.975566	0.002655
21.500000	0.979351	0.001175
21.531250	0.991544	0.002474
21.562500	0.989873	0.001804
21.593750	1.001489	0.002221
21.625000	0.986642	0.001947
21.656250	1.003412	0.001957
21.687500	0.999461	0.001122
21.718750	0.999330	0.002172
21.750000	0.990923	0.001827
21.781250	0.983088	0.002056
21.812500	0.976329	0.002212
21.843750	1.000228	0.002029
21.875000	0.983360	0.001495
21.906250	0.980937	0.001494
21.937500	0.989842	0.002041
21.968750	0.987970	0.002742
22.000000	0.984919	0.002878
22.031250	0.985963	0.002003
22.062500	1.000079	0.002027
22.093750	0.995309	0.002942
22.125000	0.991783	0.001025
22.156250	0.978358	0.001260
22.187500	0.989154	0.001732
22.218750	1.004565	0.001168
22.250000	0.999967	0.001186
22.281250	0.994467	0.002939
22.312500	0.999083	0.002441
22.343750	0.993535	0.002002
22.375000	1.001089	0.002725
22.406250	1.009002	0.002954
22.437500	0.995610	0.001887
22.468750	0.994954	0.001986
22.500000	0.990173	0.002104
22.531250	0.985224	0.001736
22.562500	0.994683	0.001654
22.593750	1.008403	0.002828
22.625000	0.984116	0.002722
22.656250	1.000243	0.001323
22.687500	0.992398	0.001145
22.718750	1.004440	0.002686
22.750000	0.991725	0.001555
22.781250	0.996586	0.001502
22.812500	1.010682	0.001319
22.843750	0.985052	0.001674
22.875000	0.999313	0.002534
22.906250	0.994161	0.002742
22.937500	1.004813	0.001227
22.968750	0.991767	0.001212
23.000000	0.995899	0.001956
23.031250	0.996020	0.002715
23.062500	0.995417	0.002893
23.093750	0.994138	0.002325
23.125000	0.993064	0.001165
23.156250	1.003316	0.002927
23.187500	0.977378	0.001315
23.218750	0.990407	0.002185
23.250000	1.004747	0.001635
23.281250	1.009719	0.001941
23.312500	1.006986	0.001778
23.343750	0.978529	0.001985
23.375000	0.996870	0.002145
23.406250	1.009884	0.001599
23.437500	1.009884	0.002581
23.468750	1.003026	0.001014
23.500000	1.001258	0.002451
23.531250	0.992692	0.002396
23.562500	1.000332	0.002495
23.593750	1.022768	0.002577
23.625000	0.998267	0.002777
23.656250	1.004153	0.001877
23.687500	0.995000	0.001308
23.718750	1.011811	0.001891
23.750000	0.994929	0.001260
23.781250	1.004225	0.001406
23.812500	1.001971	0.001850
23.843750	1.000986	0.001741
23.875000	1.009100	0.002435
23.906250	1.006279	0.002101
23.937500	0.994845	0.001587
23.968750	1.000968	0.002328
24.000000	0.995600	0.002853
24.031250	0.996666	0.001102
24.062500	1.003840	0.002653
24.093750	1.004989	0.001683
24.125000	0.999553	0.001238
24.156250	1.002714	0.001439
24.187500	0.996024	0.002784
24.218750	1.006414	0.002845
24.250000	0.999413	0.002109
24.281250	1.004731	0.001272
24.312500	1.010546	0.001936
24.343750	0.996966	0.002378
24.375000	1.006648	0.002002
24.406250	0.999240	0.001350
24.437500	0.984912	0.002911
24.468750	1.004166	0.001366
24.500000	0.996066	0.002373
24.531250	1.000817	0.002687
24.562500	1.000910	0.001153
24.593750	0.996607	0.001852
24.625000	0.987844	0.001396
24.656250	1.011065	0.001341
24.687500	1.019393	0.002784
24.718750	0.999724	0.002393
24.750000	1.000804	0.002850
24.781250	0.994062	0.001848
24.812500	0.988183	0.002690
24.843750	1.006496	0.002906
24.875000	1.015279	0.001886
24.906250	0.998861	0.002810
24.937500	0.996114	0.002960
24.968750	0.991980	0.002299
25.000000	0.989966	0.002325
25.031250	1.002335	0.002287
25.062500	1.009027	0.001886
25.093750	0.984643	0.002083
25.125000	1.022205	0.001286
25.156250	0.989792	0.002835
25.187500	1.003402	0.002929
25.218750	1.012649	0.001055
25.250000	1.009836	0.002947
25.281250	1.006330	0.001761
25.312500	1.013738	0.001442
25.343750	0.991660	0.002910
25.375000	1.004023	0.001052
25.406250	0.998123	0.001955
25.437500	1.014263	0.002237
25.468750	1.004887	0.001305
25.500000	1.014953	0.001696
25.531250	1.001103	0.001718
25.562500	0.999398	0.001370
25.593750	1.004214	0.002908
25.625000	1.017101	0.001853
25.656250	1.023280	0.001338
25.687500	0.991746	0.002213
25.718750	1.018186	0.001738
25.750000	0.998263	0.001140
25.781250	1.005748	0.001688
25.812500	1.013310	0.002022
25.843750	1.009879	0.002029
25.875000	1.003436	0.001544
25.906250	0.998012	0.001704
25.937500	1.001658	0.002085
25.968750	1.013928	0.002924
26.000000	1.014707	0.002810
26.031250	1.025131	0.002111
26.062500	1.004477	0.002035
26.093750	0.999916	0.001561
26.125000	1.005127	0.001201
26.156250	1.003894	0.001262
26.187500	1.013449	0.002727
26.218750	0.991835	0.002555
26.250000	1.002001	0.001876
26.281250	1.011325	0.002193
26.312500	1.010467	0.002909
26.343750	1.019647	0.001493
26.375000	1.017194	0.002181
26.406250	1.015090	0.002881
26.437500	1.012958	0.001119
26.468750	1.012836	0.002744
26.500000	1.013498	0.001577
26.531250	1.008004	0.001442
26.562500	1.004110	0.001208
26.593750	1.002926	0.002197
26.625000	1.007668	0.002110
26.656250	1.012913	0.002901
26.687500	1.010881	0.002556
26.718750	1.010238	0.001070
26.750000	1.022137	0.002903
26.781250	1.022027	0.001744
26.812500	1.014000	0.002952
26.843750	1.017497	0.001039
26.875000	0.998893	0.001844
26.906250	1.020291	0.001220
26.937500	1.017100	0.002727
26.968750	1.012247	0.001778
27.000000	1.019738	0.001694
27.031250	1.002998	0.001825
27.062500	1.011112	0.002218
27.093750	1.009818	0.002893
27.125000	1.010614	0.002213
27.156250	1.019938	0.001250
27.187500	1.008999	0.001337
27.218750	1.010628	0.001054
27.250000	1.025474	0.002502
27.281250	1.010249	0.002322
27.312500	1.003342	0.001643
27.343750	1.002905	0.001133
27.375000	1.012038	0.002787
27.406250	1.006620	0.001226
27.437500	1.014050	0.002698
27.468750	1.013485	0.001186
27.500000	1.012791	0.001693
27.531250	1.027728	0.002291
27.562500	1.005354	0.001157
27.593750	1.020863	0.002026
27.625000	1.010546	0.002005
27.656250	1.019125	0.001182
27.687500	1.011188	0.002300
27.718750	1.016374	0.002852
27.750000	1.032009	0.002980
27.781250	1.012868	0.001249
27.812500	1.010283	0.001876
27.843750	1.029317	0.002119
27.875000	1.016201	0.001019
27.906250	1.014799	0.001656
27.937500	1.018971	0.002166
27.968750	1.018235	0.002180
28.000000	1.017806	0.002745
28.031250	1.004759	0.001378
28.062500	1.012272	0.002537
28.093750	1.008582	0.001499
28.125000	1.020634	0.002949
28.156250	1.025054	0.002249
28.187500	1.009382	0.002936
28.218750	1.012052	0.002236
28.250000	1.013667	0.001263
28.281250	1.005974	0.002168
28.312500	1.013205	0.002369
28.343750	1.008206	0.001362
28.375000	1.013709	0.002716
28.406250	1.013702	0.001717
28.437500	1.007524	0.001380
28.468750	1.021132	0.002447
28.500000	1.012240	0.001382
28.531250	1.029320	0.001201
28.562500	1.016591	0.002920
28.593750	1.012128	0.002533
28.625000	1.007958	0.002610
28.656250	1.020380	0.002350
28.687500	1.013614	0.001124
28.718750	1.009666	0.002356
28.750000	1.011675	0.002367
28.781250	1.027522	0.002464
28.812500	1.011842	0.001708
28.843750	1.023235	0.002628
28.875000	1.015409	0.001592
28.906250	1.012548	0.001680
28.937500	1.010423	0.002721
28.968750	1.014006	0.002818
29.000000	1.035310	0.002741
29.031250	1.010260	0.002719
29.062500	1.023216	0.001405
29.093750	1.009639	0.001918
29.125000	1.022957	0.001993
29.156250	1.022561	0.002060
29.187500	1.027998	0.002657
29.218750	1.029395	0.002430
29.250000	1.017510	0.002553
29.281250	1.006545	0.002962
29.312500	1.019610	0.002399
29.343750	1.032395	0.002895
29.375000	1.013390	0.001367
29.406250	1.003478	0.002150
29.437500	1.025061	0.001053
29.468750	1.028940	0.002296
29.500000	1.005606	0.002036
29.531250	1.009455	0.002228
29.562500	1.024983	0.001360
29.593750	1.031099	0.001371
29.625000	1.014200	0.001584
29.656250	1.001525	0.001757
29.687500	1.018324	0.002490
29.718750	1.020033	0.001480
29.750000	1.009330	0.002363
29.781250	1.010637	0.001895
29.812500	1.026594	0.001754
29.843750	1.010430	0.002302
29.875000	1.016465	0.001770
29.906250	1.024713	0.002615
29.937500	1.012298	0.002744
29.968750	1.023596	0.001442
30.000000	1.009965	0.001675
30.031250	1.016678	0.001827
30.062500	1.016633	0.001509
30.093750	1.039086	0.002874
30.125000	1.021148	0.002921
30.156250	1.015506	0.001248
30.187500	1.022430	0.002825
30.218750	1.024693	0.002187
30.250000	1.022983	0.001512
30.281250	1.013760	0.001668
30.312500	1.036454	0.001882
30.343750	1.025680	0.002560
30.375000	1.020942	0.001432
30.406250	1.008642	0.001056
30.437500	1.023798	0.001900
30.468750	1.017140	0.002150
30.500000	1.023058	0.001895
30.531250	1.024808	0.001356
30.562500	1.017316	0.002401
30.593750	1.001748	0.001268
30.625000	1.024957	0.001696
30.656250	1.019616	0.001132
30.687500	0.997679	0.001705
30.718750	1.020536	0.001243
30.750000	1.025310	0.001733
30.781250	1.010485	0.001267
30.812500	1.030582	0.002490
30.843750	1.013178	0.001720
30.875000	1.028833	0.001456
30.906250	0.999414	0.001062
30.937500	1.024863	0.001637
30.968750	1.015841	0.001681
31.000000	1.022915	0.002910
31.031250	1.015730	0.002631
31.062500	1.022510	0.001110
31.093750	1.030026	0.001944
31.125000	1.019996	0.001750
31.156250	1.014544	0.002261
31.187500	1.007499	0.002725
31.218750	1.007814	0.001253
31.250000	1.022679	0.001119
31.281250	1.013947	0.002987
31.312500	1.027834	0.002675
31.343750	1.010295	0.002389
31.375000	1.016889	0.001654
31.406250	1.020599	0.002699
31.437500	1.041170	0.002408
31.468750	1.006640	0.001517
31.500000	1.028080	0.001838
31.531250	1.019153	0.001687
31.562500	1.034400	0.001547
31.593750	1.007769	0.002085
31.625000	1.021158	0.001722
31.656250	1.020690	0.002478
31.687500	1.023941	0.002840
31.718750	1.008224	0.001842
31.750000	1.024615	0.002260
31.781250	1.011980	0.001279
31.812500	1.015337	0.002572
31.843750	1.014344	0.001087
31.875000	1.011001	0.002285
31.906250	1.017197	0.001862
31.937500	1.021449	0.001810
31.968750	1.014735	0.001421
32.000000	1.020088	0.001318
32.031250	1.008508	0.001851
32.062500	1.026096	0.001406
32.093750	1.024521	0.002551
32.125000	1.009536	0.002865
32.156250	1.010887	0.002185
32.187500	1.027978	0.001847
32.218750	1.020914	0.002297
32.250000	1.026288	0.002809
32.281250	1.011278	0.002912
32.312500	1.023992	0.002777
32.343750	1.016991	0.002830
32.375000	1.021513	0.001700
32.406250	1.016867	0.002872
32.437500	1.015384	0.002580
32.468750	1.038891	0.002448
32.500000	1.016722	0.002384
32.531250	1.019026	0.001097
32.562500	1.012973	0.002627
32.593750	1.019618	0.002000
32.625000	1.012679	0.001871
32.656250	1.017715	0.002086
32.687500	1.012810	0.001337
32.718750	1.006414	0.002231
32.750000	1.021929	0.002859
32.781250	1.011596	0.002499
32.812500	1.005538	0.002080
32.843750	1.031714	0.002054
32.875000	1.008525	0.001931
32.906250	1.002104	0.001814
32.937500	1.025207	0.001121
32.968750	1.020354	0.001980
33.000000	1.021863	0.002288
33.031250	1.018780	0.001922
33.062500	1.031767	0.002103
33.093750	1.022212	0.001287
33.125000	1.037913	0.001911
33.156250	1.018177	0.001305
33.187500	1.008579	0.001962
33.218750	1.034514	0.002477
33.250000	1.014441	0.002090
33.281250	1.013329	0.001700
33.312500	1.021227	0.002643
33.343750	1.000356	0.001393
33.375000	1.007700	0.001978
33.406250	1.016217	0.002294
33.437500	1.027959	0.001753
33.468750	1.011559	0.002049
33.500000	1.028855	0.001782
33.531250	1.023056	0.001886
33.562500	1.004871	0.001576
33.593750	1.008166	0.002412
33.625000	1.023871	0.001352
33.656250	1.015935	0.002671
33.687500	1.028950	0.001041
33.718750	1.009797	0.002815
33.750000	1.017522	0.002605
33.781250	1.021421	0.001814
33.812500	1.033891	0.002969
33.843750	1.028245	0.002282
33.875000	1.017758	0.001407
33.906250	1.021128	0.002600
33.937500	1.012270	0.002302
33.968750	1.025263	0.001384
34.000000	1.015109	0.002083
34.031250	1.018259	0.001310
34.062500	1.026505	0.001694
34.093750	1.017358	0.002939
34.125000	1.023668	0.002662
34.156250	1.012776	0.002938
34.187500	1.011335	0.001832
34.218750	1.005319	0.001387
34.250000	1.015319	0.002086
34.281250	1.022233	0.001166
34.312500	1.018631	0.002700
34.343750	1.023476	0.002572
34.375000	1.018329	0.001294
34.406250	1.024481	0.001692
34.437500	1.024098	0.001993
34.468750	1.006180	0.001081
34.500000	1.023794	0.001910
34.531250	1.020878	0.002206
34.562500	1.020535	0.001889
34.593750	1.027746	0.002314
34.625000	1.014664	0.001405
34.656250	1.012546	0.002217
34.687500	1.006006	0.001514
34.718750	1.008052	0.002689
34.750000	0.999825	0.002035
34.781250	1.016900	0.001480
34.812500	1.021490	0.002119
34.843750	1.010176	0.001760
34.875000	1.023000	0.002257
34.906250	1.004831	0.001960
34.937500	1.024300	0.002200
34.968750	1.017929	0.002390
35.000000	1.010104	0.001743
35.031250	1.021793	0.001860
35.062500	1.012435	0.001663
35.093750	1.018486	0.002478
35.125000	1.017482	0.002716
35.156250	1.028738	0.001020
35.187500	1.015224	0.001146
35.218750	1.028339	0.002944
35.250000	1.012243	0.002958
35.281250	1.018707	0.002907
35.312500	1.018598	0.002962
35.343750	1.013067	0.001146
35.375000	1.019042	0.002717
35.406250	1.025315	0.002238
35.437500	1.013019	0.001679
35.468750	1.013403	0.002628
35.500000	1.017187	0.001524
35.531250	1.026021	0.001688
35.562500	1.012643	0.002092
35.593750	1.016551	0.001299
35.625000	1.012511	0.002166
35.656250	1.014030	0.002945
35.687500	1.016237	0.001489
35.718750	0.994339	0.001680
35.750000	1.004990	0.002687
35.781250	1.006448	0.001788
35.812500	1.013629	0.001385
35.843750	1.026470	0.002351
35.875000	0.998886	0.002851
35.906250	1.017630	0.001421
35.937500	1.000559	0.002175
35.968750	1.025470	0.001477
36.000000	1.016964	0.002222
36.031250	1.008515	0.002746
36.062500	1.001021	0.001961
36.093750	1.016026	0.001755
36.125000	1.009000	0.002255
36.156250	1.014202	0.001078
36.187500	1.015117	0.001621
36.218750	1.016103	0.001345
36.250000	1.003447	0.001313
36.281250	1.021840	0.001742
36.312500	1.009062	0.002969
36.343750	1.011660	0.001362
36.375000	1.011449	0.001070
36.406250	1.001185	0.002677
36.437500	1.017047	0.002340
36.468750	1.005522	0.002503
36.500000	1.006932	0.002600
36.531250	1.024297	0.001644
36.562500	1.006843	0.002601
36.593750	0.998896	0.001969
36.625000	0.995726	0.002903
36.656250	1.006325	0.001016
36.687500	1.002235	0.001024
36.718750	1.000433	0.001838
36.750000	1.008635	0.001450
36.781250	1.003832	0.001880
36.812500	1.024590	0.001341
36.843750	1.006638	0.001627
36.875000	1.007030	0.002138
36.906250	1.019974	0.001530
36.937500	1.017351	0.002181
36.968750	0.999992	0.001392
37.000000	1.015573	0.001713
37.031250	1.007125	0.002119
37.062500	1.006970	0.002036
37.093750	1.019324	0.001896
37.125000	1.011046	0.001090
37.156250	1.005043	0.002605
37.187500	1.008168	0.001601
37.218750	1.018885	0.002322
37.250000	1.014909	0.002343
37.281250	1.006404	0.001038
37.312500	1.000113	0.002325
37.343750	1.015349	0.001611
37.375000	1.009868	0.001294
37.406250	0.995386	0.002710
37.437500	1.008340	0.001916
37.468750	1.005982	0.002621
37.500000	1.013345	0.002012
37.531250	1.019752	0.002606
37.562500	1.008105	0.001941
37.593750	0.999736	0.002654
37.625000	1.001847	0.001356
37.656250	0.991798	0.001135
37.687500	0.998463	0.001427
37.718750	1.009135	0.001815
37.750000	1.014731	0.001592
37.781250	1.026061	0.002799
37.812500	1.002582	0.002382
37.843750	1.020965	0.001957
37.875000	1.016300	0.001182
37.906250	1.005102	0.001226
37.937500	1.000124	0.001835
37.968750	1.000758	0.002695
38.000000	1.004093	0.001395
38.031250	1.008777	0.002307
38.062500	0.986735	0.001477
38.093750	1.008976	0.001165
38.125000	1.015062	0.002571
38.156250	1.008564	0.001674
38.187500	0.998619	0.001272
38.218750	1.019404	0.001068
38.250000	1.008999	0.001697
38.281250	0.999964	0.002163
38.312500	1.016236	0.001257
38.343750	1.022317	0.001313
38.375000	1.002757	0.001522
38.406250	1.013818	0.001306
38.437500	1.003555	0.002053
38.468750	1.008679	0.001097
38.500000	0.992115	0.001141
38.531250	1.017446	0.002275
38.562500	0.999469	0.001360
38.593750	1.001654	0.001067
38.625000	1.002771	0.001060
38.656250	1.009050	0.001375
38.687500	1.015768	0.001644
38.718750	1.009374	0.002777
38.750000	1.003073	0.002876
38.781250	1.000799	0.002880
38.812500	0.995774	0.002925
38.843750	1.000461	0.001809
38.875000	1.009306	0.001050
38.906250	1.005267	0.002988
38.937500	1.015029	0.001211
38.968750	1.004372	0.001145
39.000000	0.991923	0.002306
39.031250	1.017775	0.002482
39.062500	1.005282	0.002721
39.093750	1.009669	0.002612
39.125000	0.984460	0.002127
39.156250	1.007934	0.001365
39.187500	0.997158	0.001727
39.218750	0.988717	0.002417
39.250000	0.996585	0.001628
39.281250	0.993977	0.002639
39.312500	1.010348	0.002585
39.343750	0.993085	0.001577
39.375000	1.009556	0.001573
39.406250	1.003315	0.002694
39.437500	1.007176	0.001469
39.468750	1.009952	0.002683
39.500000	0.999290	0.002603
39.531250	1.009416	0.002336
39.562500	1.000716	0.001875
39.593750	0.987552	0.001601
39.625000	1.002355	0.001592
39.656250	0.997829	0.001778
39.687500	1.011506	0.002000
39.718750	0.986005	0.001492
39.750000	0.989045	0.001784
39.781250	0.985277	0.001472
39.812500	0.998153	0.002290
39.843750	1.003823	0.001007
39.875000	1.012466	0.002933
39.906250	0.996737	0.001125
39.937500	0.998966	0.002950
39.968750	0.996866	0.001129
40.000000	1.001945	0.002159
40.031250	0.995454	0.001357
40.062500	0.992352	0.002494
40.093750	0.995836	0.001019
40.125000	1.002923	0.002351
40.156250	0.999528	0.002600
40.187500	1.003931	0.001555
40.218750	0.995508	0.001761
40.250000	0.988363	0.002326
40.281250	1.009546	0.001865
40.312500	1.018521	0.002726
40.343750	0.982973	0.001646
40.375000	1.001686	0.002157
40.406250	0.997495	0.001564
40.437500	0.993491	0.001177
40.468750	1.008576	0.002764
40.500000	1.003586	0.002761
40.531250	1.002426	0.002194
40.562500	1.014505	0.001875
40.593750	1.000304	0.001703
40.625000	0.993017	0.001251
40.656250	0.990126	0.001017
40.687500	1.000455	0.002080
40.718750	1.004124	0.001969
40.750000	0.988522	0.002945
40.781250	0.997852	0.002311
40.812500	0.985750	0.002419
40.843750	0.999846	0.001501
40.875000	0.990214	0.002187
40.906250	1.008480	0.001865
40.937500	0.996794	0.001575
40.968750	0.984688	0.002185
41.000000	1.002604	0.002285
41.031250	1.000125	0.001731
41.062500	1.005225	0.002179
41.093750	0.993102	0.001076
41.125000	1.002295	0.002605
41.156250	1.000698	0.001532
41.187500	1.004192	0.002854
41.218750	0.982089	0.001722
41.250000	0.997202	0.001294
41.281250	0.989024	0.002137
41.312500	0.997632	0.002225
41.343750	0.998346	0.002089
41.375000	1.003049	0.001033
41.406250	0.995814	0.001508
41.437500	0.996409	0.001315
41.468750	0.992348	0.002619
41.500000	1.013930	0.001352
41.531250	0.997180	0.002005
41.562500	0.984334	0.002504
41.593750	0.992171	0.002296
41.625000	1.004290	0.002136
41.656250	0.993253	0.001755
41.687500	1.004516	0.002319
41.718750	0.985751	0.002666
41.750000	1.008803	0.002567
41.781250	0.995500	0.001999
41.812500	1.005245	0.001509
41.843750	0.990127	0.002400
41.875000	1.014266	0.002376
41.906250	0.990307	0.001177
41.937500	0.993199	0.001365
41.968750	0.993189	0.001179
42.000000	1.007100	0.001739
42.031250	0.997559	0.001942
42.062500	0.995482	0.001664
42.093750	0.992811	0.001120
42.125000	0.995816	0.001964
42.156250	1.013454	0.001344
42.187500	0.994591	0.001214
42.218750	0.999521	0.001655
42.250000	0.983723	0.001054
42.281250	1.003794	0.001115
42.312500	0.998095	0.001323
42.343750	1.002241	0.001543
42.375000	0.982325	0.001741
42.406250	1.005057	0.002659
42.437500	1.006728	0.002762
42.468750	0.993433	0.001131
42.500000	0.988476	0.001749
42.531250	1.013489	0.002710
42.562500	1.007915	0.002423
42.593750	0.990612	0.002654
42.625000	0.997185	0.002802
42.656250	0.982771	0.001995
42.687500	0.991455	0.001036
42.718750	0.989780	0.001503
42.750000	1.007958	0.001892
42.781250	1.005433	0.001504
42.812500	0.986896	0.001291
42.843750	1.000583	0.001406
42.875000	1.000563	0.002472
42.906250	0.998850	0.002938
42.937500	0.994247	0.002399
42.968750	0.984840	0.002145
43.000000	0.997778	0.001035
43.031250	0.988960	0.002743
43.062500	0.985628	0.001631
43.093750	0.999663	0.001621
43.125000	0.986408	0.001053
43.156250	0.997604	0.001487
43.187500	0.992365	0.002620
43.218750	1.007221	0.001607
43.250000	1.013492	0.002240
43.281250	0.993489	0.002072
43.312500	1.002174	0.001502
43.343750	0.998580	0.002906
43.375000	1.002996	0.002063
43.406250	0.986991	0.001311
43.437500	0.998003	0.002792
43.468750	0.999247	0.001922
43.500000	0.996687	0.001082
43.531250	0.995024	0.002215
43.562500	0.988637	0.001761
43.593750	0.998308	0.002936
43.625000	1.005973	0.002610
43.656250	0.988948	0.002575
43.687500	0.984133	0.001938
43.718750	0.989506	0.002324
43.750000	1.001169	0.001549
43.781250	0.989186	0.001386
43.812500	0.996305	0.001027
43.843750	1.004961	0.001052
43.875000	0.993604	0.001997
43.906250	0.986890	0.001149
43.937500	1.004086	0.001685
43.968750	0.990528	0.002545
44.000000	1.011013	0.002093
44.031250	0.988670	0.002688
44.062500	1.014281	0.001026
44.093750	1.006273	0.002305
44.125000	0.991401	0.002763
44.156250	0.999410	0.001409
44.187500	0.998185	0.002582
44.218750	0.997274	0.001090
44.250000	0.994476	0.002305
44.281250	0.998053	0.001716
44.312500	0.996485	0.001434
44.343750	0.990689	0.001818
44.375000	1.014232	0.001373
44.406250	0.995673	0.001633
44.437500	1.011434	0.001789
44.468750	0.997064	0.001808
44.500000	1.000269	0.001263
44.531250	0.986665	0.002108
44.562500	0.989130	0.002658
44.593750	0.991346	0.002024
44.625000	0.986597	0.002818
44.656250	0.997330	0.002718
44.687500	0.982354	0.001597
44.718750	1.001907	0.001574
44.750000	0.991722	0.002929
44.781250	1.013484	0.001797
44.812500	1.006072	0.002242
44.843750	1.000917	0.002561
44.875000	1.006061	0.001531
44.906250	1.004551	0.001287
44.937500	1.013365	0.002619
44.968750	1.002172	0.001616
45.000000	0.984827	0.001396
45.031250	1.000249	0.002945
45.062500	0.989645	0.001558
45.093750	0.995552	0.001588
45.125000	0.992552	0.002469
45.156250	0.992828	0.002004
45.187500	1.013705	0.002885
45.218750	0.997173	0.002848
45.250000	0.994873	0.001727
45.281250	0.995610	0.002922
45.312500	1.013937	0.001935
45.343750	0.990995	0.001598
45.375000	1.004695	0.002531
45.406250	0.997237	0.002464
45.437500	1.002641	0.002134
45.468750	0.994812	0.002257
45.500000	1.010722	0.002469
45.531250	1.013825	0.002339
45.562500	1.000309	0.002071
45.593750	0.995956	0.002346
45.625000	1.000993	0.002634
45.656250	1.005440	0.001527
45.687500	1.003302	0.001623
45.718750	0.999406	0.001078
45.750000	0.979438	0.001326
45.781250	1.007232	0.001290
45.812500	1.009075	0.001852
45.843750	0.986507	0.002182
45.875000	0.997350	0.002828
45.906250	0.996473	0.001312
45.937500	1.004016	0.002438
45.968750	0.986377	0.001362
46.000000	0.987308	0.001744
46.031250	1.011656	0.002306
46.062500	0.988783	0.001704
46.093750	1.001395	0.001165
46.125000	1.001373	0.002672
46.156250	1.003837	0.002932
46.187500	0.995741	0.002509
46.218750	0.991938	0.002833
46.250000	1.003600	0.001373
46.281250	0.996454	0.002369
46.312500	1.000397	0.001911
46.343750	1.015850	0.002481
46.375000	1.007576	0.001420
46.406250	1.004545	0.002749
46.437500	0.996276	0.002487
46.468750	1.002522	0.001061
46.500000	0.976519	0.002380
46.531250	1.002629	0.002207
46.562500	1.001109	0.002349
46.593750	1.009828	0.001316
46.625000	0.996114	0.001978
46.656250	0.983218	0.002193
46.687500	1.001183	0.002016
46.718750	1.003080	0.002590
46.750000	0.990966	0.002078
46.781250	0.990424	0.002761
46.812500	0.999746	0.002718
46.843750	0.991509	0.001449
46.875000	0.992152	0.001675
46.906250	1.009087	0.001880
46.937500	1.010815	0.002126
46.968750	0.995476	0.001286
47.000000	0.994001	0.002314
47.031250	0.998674	0.001401
47.062500	1.004081	0.001143
47.093750	1.001401	0.002171
47.125000	1.002363	0.001621
47.156250	1.005092	0.002214
47.187500	1.001110	0.002405
47.218750	0.997003	0.001406
47.250000	0.996943	0.002916
47.281250	1.005441	0.002949
47.312500	0.982763	0.001828
47.343750	1.003258	0.002233
47.375000	1.006126	0.001633
47.406250	1.002201	0.001964
47.437500	0.997003	0.001932
47.468750	1.008001	0.002108
47.500000	1.002263	0.001846
47.531250	1.009599	0.002544
47.562500	0.993442	0.001355
47.593750	1.008179	0.001294
47.625000	1.007304	0.001864
47.656250	1.012111	0.002087
47.687500	1.008409	0.001808
47.718750	0.998100	0.001724
47.750000	1.006050	0.001188
47.781250	1.013022	0.002273
47.812500	1.013523	0.002915
47.843750	1.005719	0.002851
47.875000	0.999732	0.002014
47.906250	1.008742	0.002501
47.937500	1.006413	0.002205
47.968750	1.010778	0.002829
48.000000	1.012289	0.002937
48.031250	1.013386	0.001612
48.062500	0.997074	0.001620
48.093750	1.020218	0.001218
48.125000	1.006681	0.001913
48.156250	1.016037	0.001476
48.187500	1.003706	0.002288
48.218750	1.003701	0.001995
48.250000	1.001049	0.002807
48.281250	1.011729	0.001852
48.312500	0.994414	0.002521
48.343750	1.001934	0.001385
48.375000	0.997095	0.001161
48.406250	0.994273	0.001052
48.437500	1.014587	0.001289
48.468750	1.007992	0.001825
48.500000	1.015761	0.001102
48.531250	1.003804	0.002358
48.562500	1.020199	0.001333
48.593750	1.014700	0.001672
48.625000	1.003360	0.001631
48.656250	1.009068	0.002046
48.687500	1.010876	0.002063
48.718750	0.998999	0.002705
48.750000	1.005468	0.002775
48.781250	1.026199	0.001975
48.812500	1.021983	0.002277
48.843750	1.012504	0.001860
48.875000	1.004772	0.001718
48.906250	1.010584	0.002018
48.937500	1.009342	0.001872
48.968750	1.002176	0.001439
49.000000	1.004338	0.001924
49.031250	1.016686	0.002071
49.062500	1.000424	0.002144
49.093750	1.012491	0.002153
49.125000	0.997221	0.002893
49.156250	1.011985	0.002852
49.187500	1.017413	0.001343
49.218750	0.999751	0.002639
49.250000	1.017740	0.001935
49.281250	1.007539	0.001762
49.312500	1.016656	0.001199
49.343750	1.025824	0.002379
49.375000	1.006528	0.002143
49.406250	1.008799	0.001961
49.437500	1.012416	0.001231
49.468750	1.023362	0.001641
49.500000	1.027865	0.001870
49.531250	1.014571	0.001340
49.562500	1.010850	0.002780
49.593750	1.017365	0.001049
49.625000	1.009164	0.002567
49.656250	1.013238	0.002158
49.687500	1.014526	0.001512
49.718750	1.003635	0.002528
49.750000	1.026958	0.001285
49.781250	1.021172	0.002870
49.812500	1.021956	0.002982
49.843750	1.012069	0.001795
49.875000	1.008076	0.001676
49.906250	1.006079	0.001386
49.937500	1.029369	0.002170
49.968750	1.010743	0.001262
50.000000	1.020413	0.002747
50.031250	1.008814	0.002916
50.062500	1.026624	0.002333
50.093750	1.022115	0.002671
50.125000	1.021413	0.001652
50.156250	1.017593	0.002835
50.187500	1.011680	0.002867
50.218750	1.011513	0.002317
50.250000	1.018865	0.002982
50.281250	1.016417	0.001554
50.312500	1.016682	0.002035
50.343750	1.013447	0.001143
50.375000	1.025313	0.001882
50.406250	1.005604	0.002329
50.437500	1.010728	0.001785
50.468750	1.011704	0.002437
50.500000	1.030499	0.002425
50.531250	1.010352	0.001078
50.562500	1.019398	0.002252
50.593750	1.016002	0.002854
50.625000	1.016439	0.002099
50.656250	1.010552	0.001666
50.687500	1.025903	0.001280
50.718750	1.021308	0.002789
50.750000	1.012166	0.001922
50.781250	1.020964	0.002932
50.812500	1.021946	0.002202
50.843750	1.031111	0.002063
50.875000	1.008029	0.001765
50.906250	1.029954	0.001183
50.937500	1.019647	0.001105
50.968750	1.015318	0.001821
51.000000	1.005847	0.001840
51.031250	1.016083	0.002839
51.062500	1.021304	0.001016
51.093750	1.007205	0.002051
51.125000	1.019580	0.002560
51.156250	1.022750	0.001322
51.187500	1.032009	0.002849
51.218750	1.019424	0.002856
51.250000	1.017013	0.001741
51.281250	1.011482	0.001144
51.312500	1.012348	0.001146
51.343750	1.009363	0.001910
51.375000	1.018803	0.002421
51.406250	1.026573	0.002737
51.437500	1.032677	0.002757
51.468750	1.019569	0.001767
51.500000	1.021861	0.002168
51.531250	1.033468	0.001334
51.562500	1.027468	0.001048
51.593750	1.027100	0.002911
51.625000	1.027325	0.002457
51.656250	1.023761	0.002081
51.687500	1.005989	0.001295
51.718750	1.017780	0.002372
51.750000	1.015193	0.001117
51.781250	1.013863	0.002929
51.812500	1.038335	0.002238
51.843750	1.025573	0.001804
51.875000	1.009836	0.001051
51.906250	1.025444	0.002936
51.937500	1.029056	0.001347
51.968750	1.016704	0.001033
52.000000	1.025123	0.001305
52.031250	1.019446	0.002182
52.062500	1.015414	0.002344
52.093750	1.020720	0.001726
52.125000	1.022153	0.001247
52.156250	1.024385	0.002546
52.187500	0.999687	0.001398
52.218750	1.029780	0.001053
52.250000	1.029229	0.002798
52.281250	1.032294	0.002077
52.312500	1.022820	0.001397
52.343750	1.028704	0.001624
52.375000	1.023958	0.001325
52.406250	1.016011	0.001186
52.437500	1.029377	0.002749
52.468750	1.007525	0.002085
52.500000	1.026985	0.002749
52.531250	1.024501	0.002701
52.562500	1.030320	0.002600
52.593750	1.027269	0.002287
52.625000	1.034436	0.001120
52.656250	1.023008	0.001103
52.687500	1.017678	0.001752
52.718750	1.011816	0.001778
52.750000	1.031509	0.001497
52.781250	1.012800	0.001154
52.812500	1.014606	0.001071
52.843750	1.033170	0.002411
52.875000	1.010512	0.002795
52.906250	1.014307	0.001592
52.937500	1.024693	0.001791
52.968750	1.018994	0.001918
53.000000	1.020127	0.002924
53.031250	1.028674	0.002674
53.062500	1.036872	0.002808
53.093750	1.015144	0.002646
53.125000	1.033079	0.002464
53.156250	1.015770	0.002085
53.187500	1.029301	0.001440
53.218750	1.020974	0.002961
53.250000	1.038969	0.001408
53.281250	1.024335	0.001619
53.312500	1.029990	0.002117
53.343750	1.027182	0.001784
53.375000	1.014430	0.001899
53.406250	1.030724	0.002489
53.437500	1.025291	0.001279
53.468750	1.020743	0.002755
53.500000	1.028359	0.002055
53.531250	1.025042	0.002895
53.562500	1.022730	0.001653
53.593750	1.035029	0.002824
53.625000	1.033695	0.002918
53.656250	1.026288	0.002859
53.687500	1.039149	0.001499
53.718750	1.009308	0.001356
53.750000	1.026391	0.002657
53.781250	1.030902	0.002232
53.812500	1.021574	0.001242
53.843750	1.023810	0.002849
53.875000	1.041344	0.002797
53.906250	1.028328	0.002220
53.937500	1.029066	0.001341
53.968750	1.048145	0.002886
54.000000	1.021777	0.002109
54.031250	1.036432	0.001960
54.062500	1.027314	0.001221
54.093750	1.019444	0.002634
54.125000	1.028296	0.002473
54.156250	1.016849	0.001316
54.187500	1.028656	0.001540
54.218750	1.038577	0.001671
54.250000	1.033531	0.001637
54.281250	1.039913	0.001682
54.312500	1.030245	0.001939
54.343750	1.034144	0.002252
54.375000	1.038124	0.001457
54.406250	1.030184	0.002477
54.437500	1.016889	0.002180
54.468750	1.037627	0.001236
54.500000	1.022899	0.002826
54.531250	1.037660	0.002327
54.562500	1.031361	0.001512
54.593750	1.024359	0.002760
54.625000	1.032990	0.001109
54.656250	1.029406	0.002673
54.687500	1.018589	0.002233
54.718750	1.032214	0.001763
54.750000	1.023455	0.002162
54.781250	1.035960	0.002156
54.812500	1.035412	0.001147
54.843750	1.031838	0.002160
54.875000	1.017616	0.001069
54.906250	1.038777	0.002488
54.937500	1.018782	0.002181
54.968750	1.038483	0.002451
55.000000	1.021431	0.002396
55.031250	1.038676	0.001943
55.062500	1.031760	0.001168
55.093750	1.036766	0.002335
55.125000	1.041608	0.001957
55.156250	1.029863	0.002364
55.187500	1.037772	0.001647
55.218750	1.027609	0.001974
55.250000	1.041502	0.002530
55.281250	1.036738	0.001457
55.312500	1.027340	0.001371
55.343750	1.009171	0.002017
55.375000	1.023812	0.002580
55.406250	1.023188	0.001447
55.437500	1.021431	0.002690
55.468750	1.032963	0.001378
55.500000	1.032980	0.002006
55.531250	1.036058	0.001112
55.562500	1.035481	0.002093
55.593750	1.022930	0.002073
55.625000	1.033033	0.002315
55.656250	1.021544	0.002751
55.687500	1.020819	0.001870
55.718750	1.026926	0.001155
55.750000	1.015353	0.002663
55.781250	1.031030	0.002798
55.812500	1.031719	0.001339
55.843750	1.030130	0.002614
55.875000	1.036557	0.002634
55.906250	1.034750	0.002398
55.937500	1.025624	0.002353
55.968750	1.025036	0.002138
56.000000	1.041691	0.001410
56.031250	1.038395	0.001614
56.062500	1.017599	0.002023
56.093750	1.043804	0.001573
56.125000	1.028640	0.002155
56.156250	1.039259	0.001900
56.187500	1.031217	0.002099
56.218750	1.032450	0.001474
56.250000	1.040519	0.001482
56.281250	1.048441	0.001621
56.312500	1.029827	0.001822
56.343750	1.031990	0.002519
56.375000	1.036372	0.002290
56.406250	1.023210	0.002837
56.437500	1.025647	0.002038
56.468750	1.037987	0.002177
56.500000	1.043788	0.002236
56.531250	1.040854	0.002651
56.562500	1.043178	0.001803
56.593750	1.038128	0.002139
56.625000	1.045858	0.001362
56.656250	1.033292	0.002547
56.687500	1.019907	0.002381
56.718750	1.030898	0.001279
56.750000	1.050552	0.002160
56.781250	1.044433	0.002649
56.812500	1.024560	0.001785
56.843750	1.041684	0.002580
56.875000	1.016246	0.002757
56.906250	1.025097	0.001499
56.937500	1.047826	0.001501
56.968750	1.048254	0.002346
57.000000	1.018700	0.002297
57.031250	1.037928	0.001692
57.062500	1.035146	0.001228
57.093750	1.031704	0.001415
57.125000	1.042359	0.001013
57.156250	1.030273	0.001332
57.187500	1.028955	0.001126
57.218750	1.033762	0.002374
57.250000	1.025105	0.002273
57.281250	1.038772	0.001470
57.312500	1.026373	0.002760
57.343750	1.043236	0.002708
57.375000	1.029763	0.002642
57.406250	1.032563	0.002336
57.437500	1.048576	0.002483
57.468750	1.032618	0.001796
57.500000	1.031076	0.001587
57.531250	1.030777	0.001007
57.562500	1.032661	0.001501
57.593750	1.028337	0.001745
57.625000	1.026449	0.001368
57.656250	1.026854	0.001175
57.687500	1.031544	0.001745
57.718750	1.027540	0.001771
57.750000	1.025851	0.002833
57.781250	1.040654	0.001334
57.812500	1.024421	0.001970
57.843750	1.031520	0.001362
57.875000	1.035903	0.001066
57.906250	1.033476	0.001031
57.937500	1.030923	0.002922
57.968750	1.027089	0.001953
58.000000	1.038393	0.001445
58.031250	1.026913	0.001722
58.062500	1.037334	0.001747
58.093750	1.026290	0.002581
58.125000	1.011445	0.001152
58.156250	1.029696	0.001582
58.187500	1.043396	0.002079
58.218750	1.035381	0.002048
58.250000	1.028861	0.002857
58.281250	1.037126	0.002636
58.312500	1.033745	0.001649
58.343750	1.034041	0.002825
58.375000	1.032181	0.002521
58.406250	1.037824	0.002749
58.437500	1.013746	0.001398
58.468750	1.025478	0.001913
58.500000	1.026161	0.001836
58.531250	1.029901	0.002346
58.562500	1.041011	0.002093
58.593750	1.024756	0.002568
58.625000	1.046795	0.001986
58.656250	1.036840	0.002311
58.687500	1.035004	0.002106
58.718750	1.038027	0.001367
58.750000	1.032905	0.001893
58.781250	1.020463	0.001165
58.812500	1.033667	0.001337
58.843750	1.040695	0.001693
58.875000	1.022630	0.002625
58.906250	1.034416	0.001792
58.937500	1.017210	0.002920
58.968750	1.029915	0.001451
59.000000	1.033917	0.002259
59.031250	1.030690	0.001755
59.062500	1.019299	0.002662
59.093750	1.022304	0.001354
59.125000	1.034326	0.001561
59.156250	1.021420	0.001677
59.187500	1.037579	0.002138
59.218750	1.046797	0.002579
59.250000	1.028543	0.001102
59.281250	1.028094	0.002902
59.312500	1.022720	0.001993
59.343750	1.025579	0.002550
59.375000	1.038098	0.001584
59.406250	1.022597	0.002039
59.437500	1.027087	0.001783
59.468750	1.042858	0.002402
59.500000	1.039880	0.002061
59.531250	1.035891	0.002837
59.562500	1.036090	0.002176
59.593750	1.031398	0.001431
59.625000	1.028221	0.002117
59.656250	1.034634	0.002547
59.687500	1.030518	0.001857
59.718750	1.031128	0.001020
59.750000	1.025351	0.002862
59.781250	1.023007	0.002587
59.812500	1.031235	0.001037
59.843750	1.024747	0.002053
59.875000	1.020158	0.002821
59.906250	1.024267	0.002903
59.937500	1.030763	0.002733
59.968750	1.023236	0.002928
