# Time (days)	Flux	Error
0.000000	1.033607	0.002168
0.031250	1.029176	0.002831
0.062500	1.021592	0.002092
0.093750	1.029955	0.001748
0.125000	1.025276	0.001591
0.156250	1.049216	0.001522
0.187500	1.040671	0.002624
0.218750	1.020773	0.002488
0.250000	1.029226	0.002686
0.281250	1.013376	0.001683
0.312500	1.022135	0.002691
0.343750	1.009338	0.002515
0.375000	1.008793	0.001650
0.406250	1.017794	0.001434
0.437500	1.009906	0.002625
0.468750	1.025274	0.001289
0.500000	1.008181	0.002460
0.531250	1.013175	0.001628
0.562500	1.025679	0.002013
0.593750	1.024182	0.002119
0.625000	0.985734	0.002410
0.656250	1.010826	0.002332
0.687500	1.011514	0.002494
0.718750	1.005852	0.001287
0.750000	1.014209	0.001649
0.781250	1.002093	0.001849
0.812500	1.025543	0.001305
0.843750	1.028208	0.002112
0.875000	1.007511	0.002315
0.906250	0.989819	0.001678
0.937500	0.996971	0.002547
0.968750	1.011462	0.002007
1.000000	1.015241	0.002544
1.031250	0.993682	0.002389
1.062500	1.013082	0.001761
1.093750	0.998522	0.001537
1.125000	0.999328	0.001536
1.156250	0.999057	0.001774
1.187500	0.981160	0.002054
1.218750	0.993327	0.002187
1.250000	0.985481	0.001758
1.281250	0.967369	0.002018
1.312500	0.982116	0.002582
1.343750	0.980667	0.001913
1.375000	0.986103	0.001049
1.406250	0.978240	0.002268
1.437500	0.971396	0.002511
1.468750	0.978310	0.002757
1.500000	0.978204	0.002638
1.531250	0.966911	0.001709
1.562500	0.969370	0.002725
1.593750	0.956641	0.002331
1.625000	0.970661	0.002900
1.656250	0.975442	0.002669
1.687500	0.978549	0.002050
1.718750	0.974611	0.002117
1.750000	0.976261	0.001469
1.781250	0.981875	0.002718
1.812500	0.959304	0.002433
1.843750	0.972190	0.002769
1.875000	0.982523	0.002889
1.906250	0.970220	0.001054
1.937500	0.968021	0.001239
1.968750	0.954313	0.001695
2.000000	0.945513	0.001644
2.031250	0.987988	0.001850
2.062500	0.977231	0.001366
2.093750	0.964570	0.001115
2.125000	0.985384	0.002778
2.156250	0.987570	0.002672
2.187500	0.980424	0.001456
2.218750	0.984140	0.002282
2.250000	0.982679	0.002139
2.281250	0.979661	0.001387
2.312500	0.987047	0.001292
2.343750	0.990944	0.002282
2.375000	0.968540	0.001606
2.406250	0.957206	0.002544
2.437500	0.964014	0.002833
2.468750	0.979162	0.002030
2.500000	0.962917	0.002457
2.531250	0.976544	0.001079
2.562500	0.969983	0.001350
2.593750	0.984033	0.002555
2.625000	0.972808	0.001255
2.656250	0.978192	0.002863
2.687500	0.975475	0.001172
2.718750	0.986862	0.001667
2.750000	0.980031	0.002517
2.781250	0.982769	0.002074
2.812500	0.997626	0.002752
2.843750	1.006223	0.001959
2.875000	1.006877	0.001764
2.906250	1.015787	0.001087
2.937500	0.986997	0.001679
2.968750	0.989314	0.001613
3.000000	0.998817	0.002997
3.031250	0.974264	0.002864
3.062500	1.000980	0.002278
3.093750	1.008221	0.001757
3.125000	0.967590	0.001998
3.156250	1.001374	0.001847
3.187500	0.961565	0.001798
3.218750	0.982819	0.001320
3.250000	0.997795	0.002764
3.281250	0.989890	0.001591
3.312500	0.974262	0.001599
3.343750	0.985548	0.002326
3.375000	0.966997	0.002072
3.406250	0.978612	0.001993
3.437500	0.970670	0.002697
3.468750	0.962886	0.002602
3.500000	1.003271	0.002642
3.531250	0.967298	0.001094
3.562500	0.971357	0.002203
3.593750	0.999888	0.001278
3.625000	0.991154	0.002129
3.656250	0.980213	0.002736
3.687500	0.980642	0.002050
3.718750	0.972728	0.001121
3.750000	0.974715	0.001268
3.781250	0.993789	0.002400
3.812500	0.981574	0.001679
3.843750	0.984858	0.002568
3.875000	0.984953	0.001698
3.906250	1.002891	0.001737
3.937500	0.973360	0.002827
3.968750	0.983684	0.002326
4.000000	0.966889	0.001269
4.031250	0.975185	0.001326
4.062500	0.973493	0.001714
4.093750	0.994582	0.002367
4.125000	1.011385	0.002756
4.156250	1.005062	0.001414
4.187500	1.001673	0.001251
4.218750	0.979205	0.001853
4.250000	0.995951	0.002501
4.281250	1.010402	0.001621
4.312500	0.984614	0.001883
4.343750	1.012977	0.002470
4.375000	0.997026	0.002690
4.406250	0.997240	0.001874
4.437500	1.015466	0.001162
4.468750	1.018054	0.001297
4.500000	0.991754	0.002995
4.531250	1.013559	0.001718
4.562500	1.017798	0.001901
4.593750	0.990550	0.001064
4.625000	1.005095	0.002362
4.656250	0.996407	0.001941
4.687500	1.028258	0.002207
4.718750	1.038631	0.002478
4.750000	1.020399	0.001670
4.781250	0.998822	0.002525
4.812500	0.986251	0.002442
4.843750	1.027345	0.001929
4.875000	0.994573	0.001406
4.906250	1.000370	0.002735
4.937500	1.031203	0.001481
4.968750	1.002464	0.002967
5.000000	1.008646	0.002724
5.031250	1.017895	0.001272
5.062500	1.030768	0.001528
5.093750	1.007136	0.002065
5.125000	0.998668	0.001190
5.156250	1.010182	0.001952
5.187500	1.024608	0.001257
5.218750	1.013486	0.002070
5.250000	0.987041	0.001941
5.281250	0.995498	0.002412
5.312500	1.018864	0.002827
5.343750	1.003892	0.001477
5.375000	0.988162	0.002381
5.406250	1.017975	0.002380
5.437500	0.971645	0.002590
5.468750	0.994049	0.002710
5.500000	1.021413	0.002114
5.531250	0.985757	0.001174
5.562500	0.978276	0.001314
5.593750	0.991672	0.002492
5.625000	0.993439	0.002568
5.656250	1.012360	0.002336
5.687500	0.986105	0.001726
5.718750	0.999867	0.001243
5.750000	1.020718	0.001218
5.781250	0.988100	0.002350
5.812500	1.010757	0.002003
5.843750	0.988950	0.001253
5.875000	1.001782	0.001873
5.906250	1.002681	0.001469
5.937500	1.007862	0.001102
5.968750	1.003236	0.002960
6.000000	1.019719	0.002281
6.031250	1.012593	0.001398
6.062500	1.004263	0.002730
6.093750	1.003513	0.002384
6.125000	1.018327	0.001915
6.156250	0.993437	0.002270
6.187500	0.989048	0.001268
6.218750	1.005008	0.002844
6.250000	0.999749	0.001263
6.281250	1.025219	0.002163
6.312500	1.002245	0.002677
6.343750	0.988857	0.002931
6.375000	0.995893	0.002938
6.406250	1.029971	0.002484
6.437500	1.008688	0.001466
6.468750	1.012777	0.001563
6.500000	1.015068	0.002211
6.531250	1.035686	0.001147
6.562500	1.017937	0.002277
6.593750	1.017847	0.001538
6.625000	1.013288	0.002322
6.656250	1.035908	0.002571
6.687500	1.017034	0.001000
6.718750	1.000464	0.002947
6.750000	0.990304	0.002616
6.781250	0.991485	0.001285
6.812500	0.994312	0.002499
6.843750	0.994504	0.001989
6.875000	0.978978	0.001178
6.906250	0.975777	0.001144
6.937500	0.997488	0.001473
6.968750	0.996798	0.002925
7.000000	0.989913	0.001532
7.031250	0.995291	0.002954
7.062500	0.976924	0.002070
7.093750	0.986737	0.002978
7.125000	0.996499	0.002673
7.156250	1.010107	0.002108
7.187500	1.006353	0.001783
7.218750	1.003066	0.002203
7.250000	1.000224	0.002508
7.281250	0.994246	0.001683
7.312500	0.996650	0.001921
7.343750	1.006283	0.001166
7.375000	0.999531	0.002761
7.406250	0.994388	0.001626
7.437500	0.982812	0.001965
7.468750	0.974236	0.001860
7.500000	1.008543	0.001657
7.531250	0.993628	0.002113
7.562500	0.999894	0.002024
7.593750	0.986849	0.002239
7.625000	0.988494	0.001297
7.656250	0.971920	0.002832
7.687500	1.002030	0.002267
7.718750	1.019469	0.002980
7.750000	0.993756	0.002324
7.781250	0.996967	0.001358
7.812500	1.005758	0.002788
7.843750	1.025386	0.002425
7.875000	0.987821	0.001235
7.906250	0.982639	0.001480
7.937500	1.009026	0.001378
7.968750	0.967889	0.001847
8.000000	0.981974	0.002391
8.031250	0.994959	0.001417
8.062500	0.969638	0.001522
8.093750	0.982174	0.002643
8.125000	0.974055	0.001715
8.156250	0.996914	0.001579
8.187500	0.979975	0.002166
8.218750	0.999948	0.002249
8.250000	0.996675	0.002487
8.281250	0.990736	0.001478
8.312500	1.005936	0.002799
8.343750	0.992476	0.002627
8.375000	0.981887	0.002613
8.406250	0.991816	0.001417
8.437500	1.011875	0.002876
8.468750	0.963283	0.001087
8.500000	0.989658	0.002444
8.531250	0.975640	0.001364
8.562500	0.993902	0.002307
8.593750	0.950466	0.002210
8.625000	0.958859	0.001331
8.656250	0.978633	0.002976
8.687500	0.973116	0.001991
8.718750	0.985559	0.002089
8.750000	0.968503	0.001789
8.781250	0.974896	0.002438
8.812500	1.017196	0.002826
8.843750	0.977143	0.001500
8.875000	0.982342	0.001423
8.906250	0.980352	0.002542
8.937500	0.985656	0.001031
8.968750	0.988534	0.002075
9.000000	0.983388	0.001814
9.031250	0.978601	0.001350
9.062500	0.968424	0.001679
9.093750	0.990942	0.001109
9.125000	0.976048	0.002346
9.156250	1.001646	0.002792
9.187500	0.978319	0.002395
9.218750	0.981710	0.002748
9.250000	0.972189	0.002012
9.281250	0.964271	0.001595
9.312500	0.997665	0.001419
9.343750	0.991307	0.002356
9.375000	0.994049	0.001339
9.406250	0.987289	0.002546
9.437500	0.990440	0.002306
9.468750	0.981667	0.001589
9.500000	0.974002	0.002885
9.531250	0.981925	0.001428
9.562500	0.989696	0.002956
9.593750	0.962651	0.001234
9.625000	0.980160	0.001789
9.656250	0.990265	0.002537
9.687500	0.982655	0.001789
9.718750	0.989457	0.001643
9.750000	0.978502	0.001946
9.781250	0.970319	0.002219
9.812500	0.984486	0.002023
9.843750	0.976551	0.001098
9.875000	0.962498	0.002674
9.906250	0.989952	0.002683
9.937500	0.998463	0.002182
9.968750	0.980936	0.001263
10.000000	0.992934	0.001786
10.031250	0.979439	0.001067
10.062500	0.972971	0.002542
10.093750	0.988104	0.002151
10.125000	0.974388	0.001081
10.156250	0.989156	0.001077
10.187500	0.981889	0.001074
10.218750	0.963341	0.001923
10.250000	0.977603	0.002378
10.281250	0.965560	0.002826
10.312500	0.978356	0.002412
10.343750	0.978945	0.001455
10.375000	0.981569	0.001118
10.406250	0.996908	0.002570
10.437500	0.980248	0.001421
10.468750	0.983291	0.002308
10.500000	1.002564	0.001261
10.531250	0.976243	0.002516
10.562500	0.978107	0.001644
10.593750	0.970615	0.001644
10.625000	0.959419	0.002450
10.656250	0.987684	0.001752
10.687500	0.958031	0.002227
10.718750	0.970738	0.001154
10.750000	0.956420	0.001056
10.781250	0.963932	0.001509
10.812500	0.966133	0.001545
10.843750	0.952298	0.001883
10.875000	0.971661	0.001664
10.906250	0.955684	0.001684
10.937500	0.951720	0.001917
10.968750	0.976677	0.001234
11.000000	0.946411	0.001443
11.031250	0.945207	0.001598
11.062500	0.968247	0.001267
11.093750	0.958779	0.002869
11.125000	0.943023	0.002244
11.156250	0.948056	0.002312
11.187500	0.984748	0.001690
11.218750	0.962784	0.001052
11.250000	0.958895	0.002408
11.281250	0.984810	0.001632
11.312500	0.977063	0.002687
11.343750	0.996816	0.002925
11.375000	0.979969	0.002373
11.406250	0.957382	0.001753
11.437500	0.963856	0.001770
11.468750	0.978738	0.001530
11.500000	0.973132	0.002029
11.531250	0.954124	0.001168
11.562500	0.972130	0.001047
11.593750	0.960769	0.001980
11.625000	0.988290	0.001429
11.656250	1.005948	0.001067
11.687500	0.981230	0.001513
11.718750	1.004815	0.001076
11.750000	0.980345	0.002918
11.781250	1.007161	0.001505
11.812500	1.010210	0.002375
11.843750	0.997860	0.001126
11.875000	1.001151	0.002766
11.906250	0.993297	0.002416
11.937500	0.999002	0.002997
11.968750	1.010198	0.002331
12.000000	1.003306	0.002935
12.031250	1.012630	0.001383
12.062500	0.994016	0.002407
12.093750	1.007545	0.002492
12.125000	1.026511	0.002408
12.156250	1.014930	0.001260
12.187500	1.013124	0.001923
12.218750	0.990773	0.001189
12.250000	1.002865	0.002247
12.281250	1.016505	0.002752
12.312500	1.013078	0.002582
12.343750	1.019079	0.001072
12.375000	1.008754	0.001158
12.406250	1.016255	0.002519
12.437500	1.000299	0.002788
12.468750	1.010385	0.002477
12.500000	0.991172	0.002823
12.531250	1.002787	0.002160
12.562500	0.998670	0.001881
12.593750	0.992050	0.001577
12.625000	0.997111	0.001490
12.656250	1.017724	0.001440
12.687500	1.018075	0.002116
12.718750	0.990463	0.002578
12.750000	1.027465	0.002722
12.781250	1.026791	0.002746
12.812500	0.998509	0.001912
12.843750	1.016376	0.001927
12.875000	1.024546	0.001023
12.906250	1.014757	0.002301
12.937500	1.028042	0.002853
12.968750	1.014986	0.002771
13.000000	1.009426	0.002058
13.031250	1.029729	0.001591
13.062500	1.020304	0.002843
13.093750	1.020970	0.001692
13.125000	1.021908	0.001653
13.156250	1.012175	0.001491
13.187500	1.018982	0.001303
13.218750	1.008051	0.001371
13.250000	1.008143	0.001594
13.281250	1.000242	0.002190
13.312500	1.021176	0.001966
13.343750	1.020944	0.001444
13.375000	0.997515	0.001245
13.406250	1.026660	0.002906
13.437500	0.998027	0.001059
13.468750	1.011991	0.002462
13.500000	0.993176	0.001948
13.531250	1.020107	0.002436
13.562500	1.019495	0.001493
13.593750	1.007378	0.001842
13.625000	0.999212	0.001181
13.656250	1.003150	0.001765
13.687500	1.000861	0.002386
13.718750	0.990739	0.001936
13.750000	1.011255	0.001246
13.781250	0.986018	0.002463
13.812500	0.968724	0.001952
13.843750	1.003692	0.001035
13.875000	0.986586	0.002462
13.906250	0.991001	0.001754
13.937500	0.998757	0.002936
13.968750	1.011112	0.002845
14.000000	0.960536	0.002878
14.031250	0.994475	0.002433
14.062500	0.981578	0.001794
14.093750	0.970170	0.001282
14.125000	0.985918	0.001261
14.156250	1.003482	0.002025
14.187500	0.982521	0.001050
14.218750	0.997700	0.001011
14.250000	1.004644	0.002928
14.281250	0.992848	0.002895
14.312500	1.010946	0.001051
14.343750	1.025906	0.001220
14.375000	0.992095	0.002939
14.406250	0.997108	0.002433
14.437500	0.992786	0.002867
14.468750	0.996552	0.002394
14.500000	0.996433	0.002946
14.531250	0.999021	0.002864
14.562500	1.009559	0.002683
14.593750	1.010584	0.002809
14.625000	1.002381	0.002563
14.656250	1.002000	0.001030
14.687500	1.008747	0.001513
14.718750	1.014799	0.001696
14.750000	0.992550	0.002491
14.781250	1.025075	0.002118
14.812500	0.999923	0.002434
14.843750	1.016678	0.002666
14.875000	1.006988	0.002043
14.906250	1.010320	0.001238
14.937500	1.015387	0.001724
14.968750	1.007471	0.002867
15.000000	1.011078	0.001019
15.031250	1.027921	0.002005
15.062500	1.006381	0.001638
15.093750	1.020637	0.001962
15.125000	1.036151	0.002025
15.156250	1.018847	0.001214
15.187500	0.999973	0.002140
15.218750	1.027508	0.002684
15.250000	1.010482	0.001287
15.281250	1.014387	0.001127
15.312500	1.023050	0.002265
15.343750	1.034662	0.002184
15.375000	1.010634	0.002304
15.406250	1.023564	0.002537
15.437500	1.021525	0.002661
15.468750	1.015020	0.002410
15.500000	1.018366	0.002080
15.531250	1.035671	0.001406
15.562500	1.061972	0.001664
15.593750	1.026898	0.001465
15.625000	1.043356	0.001719
15.656250	1.044015	0.002060
15.687500	1.028549	0.002341
15.718750	1.023449	0.001529
15.750000	1.040477	0.001882
15.781250	1.043918	0.001106
15.812500	1.031916	0.002104
15.843750	1.050279	0.001543
15.875000	1.037174	0.002295
15.906250	1.038656	0.001323
15.937500	1.035098	0.002869
15.968750	1.045803	0.002895
16.000000	1.038458	0.002926
16.031250	1.031252	0.001636
16.062500	1.031985	0.002651
16.093750	1.039292	0.002752
16.125000	1.049709	0.001920
16.156250	1.022072	0.001580
16.187500	1.017178	0.002472
16.218750	1.044075	0.002465
16.250000	1.046974	0.001614
16.281250	1.027551	0.001169
16.312500	1.036433	0.002048
16.343750	1.047337	0.001687
16.375000	1.043410	0.001273
16.406250	1.051283	0.001584
16.437500	1.016887	0.001769
16.468750	1.012338	0.002789
16.500000	1.032366	0.001651
16.531250	1.032366	0.001881
16.562500	1.032736	0.001110
16.593750	1.052844	0.001592
16.625000	1.033055	0.002336
16.656250	1.038210	0.002070
16.687500	0.991390	0.001954
16.718750	1.035936	0.002851
16.750000	1.030027	0.002286
16.781250	1.046982	0.002783
16.812500	1.047977	0.001834
16.843750	1.020842	0.002587
16.875000	1.030774	0.002030
16.906250	1.030201	0.002865
16.937500	1.036662	0.002206
16.968750	1.047798	0.002860
17.000000	1.054864	0.001339
17.031250	1.055360	0.001379
17.062500	1.064525	0.002229
17.093750	1.057308	0.001551
17.125000	1.040707	0.001137
17.156250	1.036224	0.002464
17.187500	1.046024	0.001212
17.218750	1.055047	0.001417
17.250000	1.064537	0.002692
17.281250	1.060992	0.001645
17.312500	1.075731	0.001832
17.343750	1.076290	0.001136
17.375000	1.072906	0.002744
17.406250	1.061773	0.001177
17.437500	1.069727	0.001467
17.468750	1.079699	0.002784
17.500000	1.063037	0.001168
17.531250	1.055962	0.002833
17.562500	1.050329	0.002077
17.593750	1.069990	0.002350
17.625000	1.058017	0.002007
17.656250	1.058313	0.002775
17.687500	1.057017	0.001999
17.718750	1.043521	0.001575
17.750000	1.032469	0.001680
17.781250	1.041186	0.002268
17.812500	1.022989	0.002440
17.843750	1.017569	0.001415
17.875000	1.044591	0.002692
17.906250	0.993379	0.002173
17.937500	1.005547	0.001709
17.968750	1.019538	0.002290
18.000000	0.981231	0.002594
18.031250	1.009683	0.002862
18.062500	1.001108	0.001197
18.093750	1.020007	0.002392
18.125000	0.978798	0.001346
18.156250	1.000414	0.002577
18.187500	0.990612	0.002254
18.218750	1.004333	0.002409
18.250000	1.020253	0.001108
18.281250	0.999347	0.001965
18.312500	1.015759	0.002120
18.343750	1.014615	0.002358
18.375000	1.008091	0.001452
18.406250	0.996983	0.002668
18.437500	0.988655	0.001420
18.468750	0.994284	0.002332
18.500000	1.023199	0.002503
18.531250	0.998503	0.001105
18.562500	0.985308	0.001804
18.593750	0.992042	0.002880
18.625000	0.969474	0.002183
18.656250	0.986231	0.001899
18.687500	0.991525	0.002122
18.718750	0.971553	0.001444
18.750000	0.976730	0.001896
18.781250	0.984119	0.001381
18.812500	0.981743	0.002389
18.843750	0.979570	0.001149
18.875000	0.984726	0.001671
18.906250	1.002052	0.002640
18.937500	0.995727	0.002020
18.968750	1.004590	0.001935
19.000000	0.996765	0.001404
19.031250	0.988723	0.002720
19.062500	0.971171	0.001723
19.093750	1.000618	0.001064
19.125000	0.947713	0.001054
19.156250	0.977726	0.001612
19.187500	0.987970	0.002955
19.218750	0.989195	0.001825
19.250000	0.990070	0.001137
19.281250	0.972352	0.001037
19.312500	0.981103	0.002679
19.343750	0.970857	0.001296
19.375000	0.962652	0.002949
19.406250	0.968797	0.002539
19.437500	0.996940	0.001168
19.468750	0.979784	0.002209
19.500000	0.974238	0.002533
19.531250	0.997280	0.001067
19.562500	0.992243	0.002584
19.593750	0.984289	0.001969
19.625000	0.981283	0.001936
19.656250	0.963988	0.001325
19.687500	0.977955	0.002861
19.718750	0.952044	0.001032
19.750000	0.991596	0.001130
19.781250	0.982385	0.002720
19.812500	0.980660	0.001278
19.843750	0.972954	0.001021
19.875000	0.977237	0.001607
19.906250	0.971639	0.002728
19.937500	0.953646	0.001945
19.968750	0.990034	0.002661
20.000000	0.973765	0.002853
20.031250	0.945044	0.002086
20.062500	0.941366	0.001971
20.093750	0.969703	0.001570
20.125000	0.932116	0.002483
20.156250	0.941411	0.002618
20.187500	0.960420	0.002144
20.218750	0.997905	0.001034
20.250000	0.959469	0.001403
20.281250	0.968491	0.002365
20.312500	0.956249	0.001248
20.343750	0.956558	0.002293
20.375000	0.967490	0.002924
20.406250	0.942908	0.002899
20.437500	0.986674	0.002537
20.468750	0.962130	0.002271
20.500000	0.988348	0.001533
20.531250	0.970316	0.002235
20.562500	1.004355	0.002628
20.593750	0.974272	0.001525
20.625000	0.969478	0.001573
20.656250	0.977795	0.001166
20.687500	0.991427	0.002122
20.718750	0.960083	0.002486
20.750000	0.986715	0.002668
20.781250	0.968498	0.002757
20.812500	0.974040	0.002892
20.843750	0.960591	0.002416
20.875000	0.978459	0.001573
20.906250	0.972677	0.001591
20.937500	0.960987	0.002986
20.968750	0.983546	0.001025
21.000000	0.959142	0.002483
21.031250	0.974780	0.002818
21.062500	0.974379	0.002696
21.093750	0.984508	0.002509
21.125000	0.970852	0.002101
21.156250	0.971441	0.001042
21.187500	0.971915	0.001205
21.218750	0.959728	0.001467
21.250000	0.969171	0.001955
21.281250	0.942390	0.001065
21.312500	0.978771	0.001245
21.343750	0.956854	0.002541
21.375000	0.954130	0.001648
21.406250	0.967546	0.002258
21.437500	0.950081	0.001352
21.468750	0.947427	0.001127
21.500000	0.961458	0.001836
21.531250	0.970594	0.002380
21.562500	0.962144	0.001480
21.593750	0.968575	0.002936
21.625000	0.979222	0.001928
21.656250	0.973178	0.002729
21.687500	1.001926	0.001510
21.718750	1.005231	0.001534
21.750000	0.985341	0.002635
21.781250	0.996961	0.002817
21.812500	1.002882	0.002074
21.843750	0.986043	0.001154
21.875000	1.018012	0.001010
21.906250	1.031266	0.001978
21.937500	0.979936	0.002585
21.968750	0.976097	0.001870
22.000000	0.981490	0.001792
22.031250	0.967044	0.001073
22.062500	0.973628	0.001183
22.093750	1.003097	0.002170
22.125000	0.984254	0.001781
22.156250	0.984835	0.001019
22.187500	0.978862	0.001097
22.218750	0.983759	0.001503
22.250000	0.990905	0.001053
22.281250	1.014051	0.001111
22.312500	0.999258	0.001501
22.343750	1.003415	0.002717
22.375000	0.994297	0.002973
22.406250	0.997011	0.002936
22.437500	0.992751	0.001455
22.468750	0.975064	0.002357
22.500000	0.999054	0.001092
22.531250	0.983696	0.001461
22.562500	0.984619	0.001495
22.593750	1.009275	0.002844
22.625000	1.014903	0.001875
22.656250	1.003914	0.002911
22.687500	1.005625	0.001445
22.718750	0.984374	0.002616
22.750000	0.990844	0.002627
22.781250	0.989295	0.001309
22.812500	1.020610	0.002728
22.843750	1.006397	0.001195
22.875000	0.993702	0.002316
22.906250	1.005023	0.001813
22.937500	1.004855	0.002285
22.968750	1.010651	0.002076
23.000000	1.008596	0.001063
23.031250	1.018738	0.002086
23.062500	1.008703	0.001507
23.093750	1.007921	0.002198
23.125000	0.993734	0.002220
23.156250	0.987881	0.002460
23.187500	0.991896	0.002980
23.218750	0.990843	0.002949
23.250000	1.001682	0.002533
23.281250	0.985373	0.001177
23.312500	0.990784	0.002746
23.343750	0.982054	0.001117
23.375000	0.998687	0.002337
23.406250	1.013656	0.002661
23.437500	1.009540	0.001408
23.468750	1.002547	0.001052
23.500000	0.978294	0.002144
23.531250	0.996736	0.002896
23.562500	1.004460	0.001002
23.593750	0.992333	0.001453
23.625000	1.003216	0.002959
23.656250	0.978545	0.002169
23.687500	1.006716	0.002815
23.718750	0.999941	0.001542
23.750000	0.999363	0.002982
23.781250	0.979986	0.002223
23.812500	0.992818	0.002942
23.843750	0.988536	0.001062
23.875000	0.989905	0.001851
23.906250	0.995072	0.001149
23.937500	1.012760	0.002309
23.968750	0.986735	0.002581
24.000000	1.013466	0.001881
24.031250	0.995808	0.002156
24.062500	1.010783	0.001774
24.093750	1.024580	0.001935
24.125000	1.013163	0.001108
24.156250	1.008589	0.002967
24.187500	0.999610	0.002344
24.218750	1.022027	0.001885
24.250000	1.016314	0.001582
24.281250	1.008459	0.001780
24.312500	1.017385	0.001345
24.343750	1.014196	0.002519
24.375000	1.028095	0.001798
24.406250	1.020085	0.002352
24.437500	1.014445	0.001503
24.468750	1.025164	0.002837
24.500000	1.018553	0.002346
24.531250	0.986943	0.001783
24.562500	0.995176	0.002552
24.593750	1.003879	0.001527
24.625000	0.985959	0.001552
24.656250	1.012287	0.002203
24.687500	0.987328	0.001784
24.718750	0.988350	0.001637
24.750000	1.001138	0.002550
24.781250	0.993305	0.001122
24.812500	0.995728	0.002747
24.843750	1.010180	0.001855
24.875000	0.977176	0.002289
24.906250	1.002245	0.001720
24.937500	0.993859	0.002387
24.968750	1.005468	0.002714
25.000000	1.006287	0.001915
25.031250	0.998713	0.001830
25.062500	0.970505	0.001915
25.093750	0.994847	0.001595
25.125000	0.987959	0.002858
25.156250	0.994356	0.001318
25.187500	0.978889	0.001468
25.218750	1.007924	0.001729
25.250000	1.018510	0.001831
25.281250	1.004526	0.002302
25.312500	1.000787	0.001471
25.343750	1.023763	0.001225
25.375000	1.001720	0.001352
25.406250	0.991336	0.002710
25.437500	0.996083	0.001236
25.468750	0.983961	0.001745
25.500000	0.984066	0.001092
25.531250	0.992352	0.002067
25.562500	1.008426	0.002569
25.593750	0.990124	0.002837
25.625000	0.977057	0.001178
25.656250	1.005238	0.002445
25.687500	0.980851	0.001441
25.718750	0.991152	0.002219
25.750000	1.010855	0.002350
25.781250	1.026273	0.002856
25.812500	1.003428	0.001068
25.843750	1.001334	0.001641
25.875000	1.013737	0.001152
25.906250	1.027380	0.002326
25.937500	1.008081	0.001537
25.968750	1.006753	0.001899
26.000000	0.990267	0.002872
26.031250	0.999579	0.002982
26.062500	1.007196	0.001420
26.093750	1.003953	0.002699
26.125000	0.990603	0.002501
26.156250	0.992149	0.002080
26.187500	1.019481	0.001778
26.218750	1.036171	0.002311
26.250000	1.000546	0.001326
26.281250	0.998649	0.001341
26.312500	1.007410	0.001904
26.343750	1.038185	0.001084
26.375000	1.023838	0.001815
26.406250	0.996866	0.002771
26.437500	1.027705	0.001343
26.468750	1.031636	0.001701
26.500000	0.996869	0.001644
26.531250	1.025201	0.002962
26.562500	1.012910	0.001274
26.593750	1.012876	0.002779
26.625000	1.000626	0.002487
26.656250	1.016703	0.001066
26.687500	1.027378	0.001751
26.718750	1.001207	0.001426
26.750000	1.020450	0.001106
26.781250	0.997170	0.002241
26.812500	0.999516	0.001778
26.843750	1.024150	0.002861
26.875000	0.995568	0.002072
26.906250	1.010666	0.002489
26.937500	1.034575	0.002229
26.968750	1.005304	0.001211
27.000000	0.998865	0.001509
27.031250	1.007817	0.001210
27.062500	1.023272	0.001854
27.093750	1.006569	0.002482
27.125000	0.976315	0.001316
27.156250	0.997636	0.001088
27.187500	1.012390	0.002755
27.218750	1.019244	0.002560
27.250000	0.999723	0.001598
27.281250	0.995206	0.001864
27.312500	1.004004	0.002359
27.343750	1.013379	0.001128
27.375000	1.021269	0.002865
27.406250	1.030964	0.002740
27.437500	1.005878	0.001934
27.468750	1.022145	0.001029
27.500000	1.018732	0.002842
27.531250	1.004950	0.001290
27.562500	0.997473	0.002598
27.593750	1.021539	0.001144
27.625000	1.017595	0.002457
27.656250	1.005923	0.001372
27.687500	1.006875	0.002793
27.718750	1.011816	0.002149
27.750000	1.014644	0.002424
27.781250	1.031651	0.002875
27.812500	1.000084	0.001450
27.843750	0.997014	0.001348
27.875000	1.005557	0.001434
27.906250	0.994855	0.001237
27.937500	1.001897	0.001509
27.968750	1.010401	0.002554
28.000000	0.991100	0.001142
28.031250	0.998065	0.001017
28.062500	1.019542	0.002921
28.093750	1.009084	0.001876
28.125000	0.991026	0.002475
28.156250	0.997434	0.002381
28.187500	0.996992	0.002745
28.218750	1.024077	0.001856
28.250000	1.010283	0.001027
28.281250	1.022956	0.001766
28.312500	0.996311	0.002955
28.343750	1.003111	0.002241
28.375000	0.967152	0.001606
28.406250	0.984390	0.002302
28.437500	0.995298	0.001729
28.468750	0.988651	0.001115
28.500000	0.971653	0.002947
28.531250	0.967811	0.001746
28.562500	0.971968	0.002877
28.593750	0.983355	0.001558
28.625000	0.976000	0.002971
28.656250	0.983021	0.001371
28.687500	0.957961	0.001731
28.718750	0.972074	0.002670
28.750000	0.984381	0.001322
28.781250	0.965733	0.001047
28.812500	0.967391	0.002249
28.843750	0.995894	0.002484
28.875000	0.978962	0.001946
28.906250	0.976126	0.001827
28.937500	0.955270	0.001581
28.968750	0.968023	0.002525
29.000000	0.971204	0.001735
29.031250	0.974888	0.002237
29.062500	0.976617	0.001610
29.093750	1.001032	0.002208
29.125000	0.973404	0.002280
29.156250	0.986537	0.001760
29.187500	0.979889	0.001153
29.218750	0.994179	0.002031
29.250000	0.978075	0.001688
29.281250	0.998285	0.001978
29.312500	1.008517	0.002698
29.343750	1.020439	0.002400
29.375000	0.988177	0.002609
29.406250	0.997207	0.001104
29.437500	1.001351	0.002071
29.468750	0.971580	0.001552
29.500000	1.000132	0.002029
29.531250	1.012069	0.001346
29.562500	0.988561	0.001948
29.593750	0.985884	0.002771
29.625000	0.977554	0.002535
29.656250	0.969064	0.002166
29.687500	0.970677	0.001411
29.718750	0.971377	0.002331
29.750000	0.973787	0.002815
29.781250	0.978838	0.001848
29.812500	0.991973	0.002872
29.843750	0.972554	0.001654
29.875000	0.956552	0.002035
29.906250	0.960440	0.002424
29.937500	0.979138	0.001823
29.968750	0.954700	0.002436
30.000000	0.951011	0.002948
30.031250	0.970392	0.002818
30.062500	0.956611	0.001759
30.093750	0.969996	0.001555
30.125000	0.978276	0.002668
30.156250	0.985409	0.001706
30.187500	0.995493	0.001775
30.218750	0.986898	0.001747
30.250000	0.983267	0.002400
30.281250	0.961354	0.002485
30.312500	0.963367	0.001234
30.343750	0.971306	0.001699
30.375000	0.966843	0.002567
30.406250	0.972048	0.001957
30.437500	0.953141	0.001841
30.468750	0.980173	0.002404
30.500000	0.969794	0.002292
30.531250	0.979314	0.001821
30.562500	0.977205	0.001219
30.593750	0.962865	0.001126
30.625000	0.974541	0.002802
30.656250	0.975756	0.002597
30.687500	0.998925	0.002933
30.718750	0.977938	0.001825
30.750000	0.984050	0.001789
30.781250	0.989694	0.002738
30.812500	0.992417	0.002088
30.843750	0.975295	0.002268
30.875000	0.979025	0.001330
30.906250	1.012612	0.002685
30.937500	0.975183	0.002763
30.968750	0.978190	0.001973
31.000000	1.002067	0.002002
31.031250	0.989275	0.002829
31.062500	0.997959	0.002257
31.093750	0.982366	0.001327
31.125000	0.974978	0.001271
31.156250	0.984431	0.002351
31.187500	0.984281	0.002263
31.218750	0.987582	0.002558
31.250000	0.991996	0.001772
31.281250	0.986505	0.002153
31.312500	0.986077	0.002725
31.343750	0.961646	0.001829
31.375000	0.957216	0.002805
31.406250	1.018041	0.001359
31.437500	0.988738	0.002573
31.468750	0.975241	0.002279
31.500000	1.000149	0.001934
31.531250	0.963614	0.001684
31.562500	0.973150	0.001132
31.593750	0.962556	0.001682
31.625000	0.987997	0.002071
31.656250	0.976817	0.001039
31.687500	0.988189	0.002569
31.718750	0.992252	0.002852
31.750000	0.989799	0.002677
31.781250	0.968705	0.001653
31.812500	0.978978	0.002684
31.843750	0.991950	0.001336
31.875000	1.008739	0.001618
31.906250	1.000282	0.001723
31.937500	1.031367	0.001652
31.968750	0.982230	0.001166
32.000000	0.993922	0.001398
32.031250	1.011608	0.002722
32.062500	1.026015	0.001421
32.093750	1.004410	0.002198
32.125000	0.981203	0.001242
32.156250	1.017693	0.001611
32.187500	1.010168	0.001364
32.218750	1.005138	0.001086
32.250000	1.014529	0.001563
32.281250	1.018221	0.001338
32.312500	1.008623	0.002816
32.343750	1.007294	0.001259
32.375000	1.022576	0.001356
32.406250	0.993446	0.001691
32.437500	0.992760	0.002376
32.468750	1.009912	0.002405
32.500000	1.014513	0.001276
32.531250	1.010141	0.001653
32.562500	0.993907	0.002009
32.593750	1.023055	0.001341
32.625000	0.987219	0.002053
32.656250	1.006307	0.001729
32.687500	0.996452	0.001783
32.718750	0.996859	0.001429
32.750000	0.986629	0.002872
32.781250	1.009500	0.002620
32.812500	1.002870	0.002451
32.843750	1.000171	0.001521
32.875000	0.977990	0.001119
32.906250	0.988723	0.002796
32.937500	0.986963	0.001686
32.968750	0.982405	0.002105
33.000000	0.998297	0.001954
33.031250	0.992778	0.001067
33.062500	1.000241	0.001802
33.093750	1.001464	0.002879
33.125000	1.003739	0.001780
33.156250	1.005178	0.002056
33.187500	0.995377	0.002547
33.218750	0.982506	0.002172
33.250000	1.006475	0.002680
33.281250	0.992939	0.002866
33.312500	0.993536	0.002748
33.343750	1.014937	0.002639
33.375000	0.983214	0.002130
33.406250	0.994329	0.002652
33.437500	0.996944	0.002810
33.468750	0.976051	0.002355
33.500000	1.003876	0.002945
33.531250	1.003700	0.001443
33.562500	1.020932	0.002900
33.593750	1.023944	0.002197
33.625000	1.030240	0.001533
33.656250	0.994015	0.001505
33.687500	1.015896	0.002831
33.718750	1.000955	0.002850
33.750000	0.998694	0.001712
33.781250	1.008862	0.002528
33.812500	0.996215	0.001322
33.843750	0.984505	0.002412
33.875000	0.996421	0.001107
33.906250	1.013427	0.002729
33.937500	1.006572	0.002104
33.968750	0.989510	0.002185
34.000000	0.981820	0.002756
34.031250	1.016211	0.001728
34.062500	0.995570	0.002121
34.093750	1.036018	0.002957
34.125000	1.012577	0.001524
34.156250	1.013875	0.001612
34.187500	1.010211	0.001104
34.218750	1.026063	0.002931
34.250000	1.002384	0.001808
34.281250	1.008910	0.001777
34.312500	1.004377	0.002941
34.343750	0.991169	0.002458
34.375000	0.981318	0.002093
34.406250	0.993140	0.001104
34.437500	0.986619	0.002941
34.468750	0.985227	0.001219
34.500000	0.991644	0.002986
34.531250	0.994750	0.002780
34.562500	0.996173	0.002148
34.593750	0.996174	0.001963
34.625000	1.010076	0.001337
34.656250	0.992125	0.002876
34.687500	0.982794	0.002960
34.718750	0.988839	0.002023
34.750000	0.993865	0.001558
34.781250	0.973501	0.001484
34.812500	1.000087	0.001884
34.843750	1.001819	0.001513
34.875000	1.015558	0.002850
34.906250	1.005504	0.002951
34.937500	0.977770	0.001834
34.968750	1.003951	0.002390
35.000000	1.013878	0.001785
35.031250	0.980229	0.002757
35.062500	0.998946	0.002137
35.093750	0.982074	0.002589
35.125000	0.999484	0.001203
35.156250	0.999968	0.001613
35.187500	0.990639	0.002130
35.218750	0.976152	0.002350
35.250000	0.996764	0.001334
35.281250	0.982917	0.001676
35.312500	0.984078	0.001762
35.343750	0.995762	0.001901
35.375000	0.975569	0.001828
35.406250	0.978798	0.002637
35.437500	0.983946	0.002868
35.468750	0.982230	0.001130
35.500000	0.989304	0.002440
35.531250	0.986729	0.002882
35.562500	0.996262	0.002274
35.593750	0.986870	0.002519
35.625000	0.983744	0.001126
35.656250	1.001600	0.001771
35.687500	0.997277	0.001641
35.718750	1.004938	0.002257
35.750000	0.985631	0.002728
35.781250	0.993323	0.001399
35.812500	0.992589	0.002429
35.843750	1.006386	0.001121
35.875000	1.000790	0.002346
35.906250	1.009034	0.001499
35.937500	0.997166	0.002709
35.968750	0.995927	0.002302
36.000000	0.977343	0.002648
36.031250	0.984419	0.002318
36.062500	0.994359	0.002180
36.093750	0.949922	0.001733
36.125000	0.997540	0.002006
36.156250	0.969176	0.001653
36.187500	1.001287	0.002878
36.218750	0.984379	0.002836
36.250000	0.977586	0.002767
36.281250	0.987017	0.002904
36.312500	0.965628	0.002002
36.343750	0.984791	0.001326
36.375000	0.984045	0.002183
36.406250	0.982452	0.001781
36.437500	0.991414	0.001613
36.468750	0.981359	0.001449
36.500000	0.989749	0.001546
36.531250	0.991811	0.002068
36.562500	1.008213	0.002079
36.593750	0.960342	0.002731
36.625000	0.976910	0.001060
36.656250	0.983014	0.001218
36.687500	0.988319	0.001001
36.718750	0.989377	0.002001
36.750000	0.997186	0.002259
36.781250	1.006869	0.001669
36.812500	0.976818	0.002833
36.843750	0.978618	0.002565
36.875000	0.992844	0.001025
36.906250	0.980285	0.002878
36.937500	1.002813	0.002655
36.968750	0.998006	0.001134
37.000000	0.971478	0.001305
37.031250	0.966401	0.001311
37.062500	0.966530	0.002287
37.093750	0.974806	0.001969
37.125000	0.941581	0.001815
37.156250	0.952449	0.002036
37.187500	0.982599	0.001993
37.218750	0.962572	0.002760
37.250000	0.973805	0.002821
37.281250	0.981836	0.002975
37.312500	0.968700	0.001032
37.343750	0.961780	0.001935
37.375000	0.968565	0.001613
37.406250	0.978193	0.002207
37.437500	1.009690	0.001419
37.468750	0.975255	0.001983
37.500000	1.011367	0.001609
37.531250	1.009354	0.002545
37.562500	0.990210	0.001285
37.593750	0.961994	0.002726
37.625000	0.998277	0.001221
37.656250	0.971589	0.002012
37.687500	0.993612	0.002327
37.718750	0.997507	0.001162
37.750000	1.006362	0.001990
37.781250	1.015693	0.002139
37.812500	1.012727	0.002980
37.843750	1.022792	0.001237
37.875000	1.006812	0.001254
37.906250	1.029818	0.002549
37.937500	0.986670	0.002746
37.968750	1.003035	0.001819
38.000000	1.003304	0.001324
38.031250	1.004505	0.002808
38.062500	1.015408	0.002411
38.093750	0.997256	0.001215
38.125000	1.006666	0.002516
38.156250	0.982074	0.001922
38.187500	1.006668	0.001399
38.218750	0.994360	0.002701
38.250000	0.977194	0.001767
38.281250	1.015002	0.001437
38.312500	1.004765	0.002479
38.343750	0.964612	0.002126
38.375000	1.004602	0.001591
38.406250	0.994341	0.002955
38.437500	1.005161	0.002956
38.468750	0.990121	0.001627
38.500000	0.964726	0.001582
38.531250	0.972472	0.001271
38.562500	0.981873	0.001147
38.593750	0.992653	0.001881
38.625000	0.970921	0.002047
38.656250	0.989436	0.001751
38.687500	0.998049	0.001185
38.718750	0.998417	0.002070
38.750000	0.985101	0.001831
38.781250	1.015037	0.001914
38.812500	1.005579	0.002829
38.843750	0.980971	0.001329
38.875000	0.991268	0.001298
38.906250	0.988360	0.001144
38.937500	1.005190	0.002791
38.968750	0.988805	0.002321
39.000000	0.986617	0.001488
39.031250	1.009672	0.002746
39.062500	0.981267	0.002628
39.093750	0.978871	0.002320
39.125000	1.010766	0.002105
39.156250	0.999883	0.002157
39.187500	1.001004	0.001719
39.218750	0.993735	0.001684
39.250000	1.003766	0.002006
39.281250	0.995922	0.002253
39.312500	0.996958	0.002947
39.343750	1.003641	0.001054
39.375000	0.994292	0.001692
39.406250	0.987491	0.001259
39.437500	1.023629	0.002063
39.468750	0.995133	0.002173
39.500000	1.019154	0.002624
39.531250	1.021002	0.002587
39.562500	1.004490	0.002276
39.593750	1.007376	0.002949
39.625000	0.981857	0.002059
39.656250	1.007212	0.002395
39.687500	0.998759	0.001371
39.718750	0.982224	0.002041
39.750000	0.998697	0.001056
39.781250	1.026695	0.002980
39.812500	0.997787	0.002528
39.843750	1.003132	0.002990
39.875000	1.018012	0.001207
39.906250	1.030571	0.001472
39.937500	1.009745	0.002950
39.968750	1.020353	0.001684
40.000000	1.006119	0.002016
40.031250	1.021034	0.001618
40.062500	1.021882	0.002859
40.093750	1.005850	0.001960
40.125000	1.020154	0.002318
40.156250	1.029239	0.002841
40.187500	1.017743	0.001485
40.218750	1.020658	0.001168
40.250000	1.030764	0.001579
40.281250	1.045017	0.002133
40.312500	1.038226	0.001644
40.343750	1.031186	0.001534
40.375000	1.036317	0.002740
40.406250	1.020255	0.001012
40.437500	1.024200	0.002807
40.468750	1.007627	0.001588
40.500000	1.042852	0.002891
40.531250	0.997374	0.001872
40.562500	1.022639	0.001070
40.593750	1.022057	0.001243
40.625000	0.995579	0.001784
40.656250	0.998416	0.002743
40.687500	1.019101	0.001557
40.718750	1.010547	0.002649
40.750000	1.038235	0.002489
40.781250	1.035198	0.002685
40.812500	1.041714	0.002544
40.843750	1.034807	0.001508
40.875000	1.023872	0.002896
40.906250	1.020728	0.001619
40.937500	1.039419	0.002616
40.968750	1.023472	0.001146
41.000000	1.025916	0.001689
41.031250	1.043787	0.002160
41.062500	1.046517	0.002895
41.093750	1.042269	0.001455
41.125000	1.030637	0.001143
41.156250	1.034427	0.002024
41.187500	1.032034	0.002942
41.218750	1.006314	0.002407
41.250000	1.049144	0.002896
41.281250	1.033392	0.001131
41.312500	1.036301	0.001299
41.343750	1.041649	0.002360
41.375000	1.037616	0.001321
41.406250	1.050154	0.002941
41.437500	1.023513	0.002203
41.468750	1.042241	0.001208
41.500000	1.007473	0.001904
41.531250	1.022900	0.001683
41.562500	1.022401	0.001748
41.593750	1.049095	0.002158
41.625000	1.019460	0.001695
41.656250	1.010445	0.002653
41.687500	1.045964	0.001341
41.718750	1.039638	0.002682
41.750000	1.031760	0.002056
41.781250	1.023662	0.001751
41.812500	1.033973	0.002092
41.843750	1.035039	0.002692
41.875000	1.005038	0.001692
41.906250	1.015327	0.002437
41.937500	1.020437	0.002063
41.968750	1.014458	0.002005
42.000000	1.003358	0.002786
42.031250	1.004037	0.002473
42.062500	0.999397	0.001067
42.093750	1.009886	0.002382
42.125000	1.024173	0.002007
42.156250	1.018766	0.001314
42.187500	0.997498	0.002394
42.218750	1.003104	0.001380
42.250000	1.014479	0.001087
42.281250	1.020894	0.001358
42.312500	1.016910	0.002133
42.343750	0.996860	0.001110
42.375000	1.025392	0.001100
42.406250	1.015900	0.001617
42.437500	1.034883	0.001615
42.468750	1.033070	0.002861
42.500000	1.006762	0.002902
42.531250	1.035856	0.001762
42.562500	0.998401	0.001477
42.593750	1.006335	0.002710
42.625000	1.032605	0.002145
42.656250	1.039619	0.002004
42.687500	1.004585	0.001271
42.718750	1.014896	0.001848
42.750000	1.002701	0.001443
42.781250	1.022153	0.002547
42.812500	0.987255	0.002148
42.843750	1.018737	0.001021
42.875000	1.005760	0.002319
42.906250	1.029677	0.001130
42.937500	1.008744	0.002604
42.968750	1.022515	0.001224
43.000000	1.008269	0.001679
43.031250	1.007301	0.001196
43.062500	0.989884	0.001483
43.093750	1.007638	0.002782
43.125000	1.022851	0.002850
43.156250	1.014583	0.002516
43.187500	1.013117	0.001182
43.218750	1.039429	0.001193
43.250000	1.007082	0.001384
43.281250	1.025582	0.002784
43.312500	1.044895	0.002687
43.343750	1.024931	0.002990
43.375000	1.028894	0.002368
43.406250	1.031341	0.002841
43.437500	1.030483	0.002526
43.468750	1.019673	0.002663
43.500000	1.008296	0.001078
43.531250	1.022440	0.002727
43.562500	1.027969	0.001261
43.593750	1.039217	0.002689
43.625000	1.018190	0.001118
43.656250	1.031258	0.002135
43.687500	1.028574	0.002418
43.718750	1.029696	0.001214
43.750000	1.021935	0.001036
43.781250	1.040750	0.002257
43.812500	1.034011	0.001161
43.843750	1.024664	0.001395
43.875000	1.025749	0.002631
43.906250	1.043492	0.001656
43.937500	1.013253	0.001094
43.968750	1.042022	0.002943
44.000000	1.031488	0.002145
44.031250	1.055962	0.002948
44.062500	1.045788	0.001682
44.093750	1.041415	0.002053
44.125000	1.042291	0.002817
44.156250	1.057769	0.002097
44.187500	1.022586	0.001122
44.218750	1.013983	0.002069
44.250000	1.048002	0.002008
44.281250	1.041594	0.002098
44.312500	1.017312	0.001596
44.343750	1.027573	0.002123
44.375000	1.035605	0.002888
44.406250	1.034057	0.001614
44.437500	1.032951	0.002217
44.468750	1.044594	0.001863
44.500000	1.017452	0.001302
44.531250	1.023667	0.002448
44.562500	1.027059	0.002304
44.593750	1.025696	0.001476
44.625000	1.049496	0.002627
44.656250	1.022221	0.002380
44.687500	1.027701	0.001500
44.718750	1.021006	0.001904
44.750000	1.045284	0.001941
44.781250	1.015185	0.002060
44.812500	1.063116	0.001136
44.843750	1.058508	0.002595
44.875000	1.050930	0.002914
44.906250	1.068655	0.002504
44.937500	1.029049	0.001759
44.968750	1.030696	0.002799
45.000000	1.043372	0.002161
45.031250	1.031301	0.002511
45.062500	1.020820	0.001478
45.093750	1.024450	0.001801
45.125000	1.015422	0.002184
45.156250	1.034892	0.002683
45.187500	0.990510	0.002403
45.218750	1.011654	0.001734
45.250000	1.034020	0.002083
45.281250	1.030397	0.002045
45.312500	1.013646	0.002342
45.343750	1.023758	0.001987
45.375000	0.994970	0.002216
45.406250	1.031422	0.001532
45.437500	1.011780	0.002033
45.468750	1.027495	0.001809
45.500000	1.024948	0.002564
45.531250	1.023273	0.001263
45.562500	1.014283	0.001320
45.593750	1.013430	0.001464
45.625000	0.988087	0.001248
45.656250	1.001375	0.002065
45.687500	0.987279	0.002762
45.718750	0.992517	0.002951
45.750000	1.012349	0.002088
45.781250	1.010143	0.001564
45.812500	1.001560	0.001817
45.843750	0.995282	0.001617
45.875000	0.998067	0.002278
45.906250	1.003683	0.002176
45.937500	1.004321	0.002487
45.968750	1.023374	0.002689
46.000000	1.014847	0.002026
46.031250	0.984084	0.001681
46.062500	1.001022	0.001239
46.093750	0.983700	0.001699
46.125000	0.988331	0.001239
46.156250	1.009715	0.002898
46.187500	1.017595	0.001756
46.218750	0.996086	0.002305
46.250000	1.021785	0.002653
46.281250	1.009588	0.001850
46.312500	1.021439	0.002486
46.343750	1.004275	0.001924
46.375000	1.016130	0.001531
46.406250	1.009038	0.001507
46.437500	0.987087	0.001111
46.468750	1.018973	0.001527
46.500000	1.019561	0.002959
46.531250	0.997142	0.001655
46.562500	1.015573	0.001906
46.593750	1.010247	0.002610
46.625000	1.010582	0.001626
46.656250	1.017305	0.002858
46.687500	1.005174	0.002608
46.718750	1.012988	0.001593
46.750000	0.984500	0.001573
46.781250	1.030515	0.002938
46.812500	1.012964	0.002606
46.843750	1.018053	0.001533
46.875000	1.009742	0.002765
46.906250	1.039774	0.002323
46.937500	1.023981	0.002249
46.968750	0.998053	0.002684
47.000000	1.013383	0.002704
47.031250	1.013438	0.001072
47.062500	0.997371	0.001076
47.093750	1.018268	0.001947
47.125000	1.034566	0.002902
47.156250	1.029883	0.001100
47.187500	1.001612	0.001156
47.218750	1.015582	0.001029
47.250000	1.007177	0.002517
47.281250	1.004447	0.001388
47.312500	0.998562	0.002041
47.343750	1.032198	0.002574
47.375000	1.044949	0.002434
47.406250	1.032707	0.002692
47.437500	1.054111	0.001024
47.468750	1.055629	0.002752
47.500000	1.030395	0.001011
47.531250	1.019945	0.001577
47.562500	1.046789	0.002237
47.593750	1.036741	0.001674
47.625000	1.026053	0.001345
47.656250	1.012119	0.002997
47.687500	1.050715	0.001207
47.718750	1.044321	0.001805
47.750000	1.027647	0.002158
47.781250	1.033874	0.001310
47.812500	1.013798	0.001668
47.843750	1.026325	0.002279
47.875000	1.030956	0.001196
47.906250	1.011912	0.002066
47.937500	1.018648	0.001247
47.968750	1.020835	0.001824
48.000000	1.024128	0.002060
48.031250	1.028393	0.001962
48.062500	1.018807	0.002079
48.093750	1.024051	0.002197
48.125000	1.005044	0.001775
48.156250	1.021001	0.001483
48.187500	1.042534	0.002120
48.218750	1.035792	0.001191
48.250000	1.003394	0.001620
48.281250	1.015167	0.002170
48.312500	1.022058	0.001169
48.343750	1.037362	0.001048
48.375000	1.001561	0.001276
48.406250	1.009121	0.002385
48.437500	0.982284	0.002317
48.468750	1.012617	0.002713
48.500000	0.997184	0.002325
48.531250	1.014048	0.002493
48.562500	1.009721	0.001884
48.593750	1.028276	0.002890
48.625000	1.007175	0.002745
48.656250	1.022472	0.001008
48.687500	1.010821	0.002108
48.718750	1.019076	0.001033
48.750000	1.005186	0.001168
48.781250	1.018472	0.002923
48.812500	1.004543	0.002369
48.843750	1.018218	0.002062
48.875000	1.030152	0.001739
48.906250	1.007567	0.002625
48.937500	0.997702	0.002306
48.968750	1.001897	0.001721
49.000000	0.977080	0.001790
49.031250	0.975207	0.001886
49.062500	0.997872	0.002277
49.093750	0.998315	0.001653
49.125000	0.987164	0.002193
49.156250	1.005350	0.002941
49.187500	1.008150	0.001696
49.218750	0.996119	0.002851
49.250000	1.002023	0.002049
49.281250	1.005787	0.001231
49.312500	1.011584	0.002645
49.343750	1.014187	0.002051
49.375000	1.002781	0.001405
49.406250	1.011667	0.002748
49.437500	0.997055	0.002952
49.468750	0.999805	0.002983
49.500000	1.016951	0.002316
49.531250	1.010944	0.002127
49.562500	0.998400	0.001717
49.593750	0.998711	0.002703
49.625000	0.985925	0.002171
49.656250	0.996245	0.001525
49.687500	0.994609	0.001303
49.718750	0.982779	0.002378
49.750000	0.974782	0.001716
49.781250	1.003314	0.002929
49.812500	0.996487	0.002920
49.843750	0.989408	0.002577
49.875000	0.958324	0.002121
49.906250	0.989551	0.001731
49.937500	0.988751	0.001761
49.968750	0.980828	0.001575
50.000000	0.985080	0.002881
50.031250	0.984699	0.001936
50.062500	0.977585	0.002762
50.093750	0.983837	0.002296
50.125000	0.982131	0.001233
50.156250	0.988369	0.002602
50.187500	0.995790	0.001341
50.218750	0.988221	0.001920
50.250000	1.006681	0.001307
50.281250	0.953962	0.001670
50.312500	0.972532	0.001966
50.343750	0.969568	0.001222
50.375000	0.984190	0.001346
50.406250	0.980842	0.001289
50.437500	1.005668	0.001172
50.468750	0.996439	0.001587
50.500000	0.967819	0.001890
50.531250	0.977448	0.001323
50.562500	1.004252	0.002327
50.593750	0.989288	0.001804
50.625000	1.013297	0.002920
50.656250	1.006558	0.002895
50.687500	0.999514	0.001204
50.718750	0.993589	0.001447
50.750000	0.983648	0.001555
50.781250	0.976750	0.002792
50.812500	0.958693	0.001786
50.843750	1.000957	0.001157
50.875000	0.995154	0.002688
50.906250	1.011909	0.001139
50.937500	0.973139	0.001132
50.968750	0.973554	0.001273
51.000000	0.992181	0.002162
51.031250	0.985236	0.002217
51.062500	1.004155	0.002524
51.093750	1.002083	0.002776
51.125000	0.975004	0.002486
51.156250	1.020193	0.002788
51.187500	1.002183	0.001296
51.218750	0.988899	0.001460
51.250000	0.989634	0.001029
51.281250	0.982300	0.002115
51.312500	0.988128	0.001168
51.343750	0.991385	0.002266
51.375000	0.995946	0.002906
51.406250	1.003613	0.001648
51.437500	1.004181	0.001243
51.468750	0.971898	0.001232
51.500000	1.005523	0.002758
51.531250	1.013729	0.001645
51.562500	1.031360	0.002650
51.593750	0.995241	0.002735
51.625000	1.007237	0.002591
51.656250	1.021861	0.001887
51.687500	1.015057	0.001438
51.718750	1.008554	0.001247
51.750000	1.003758	0.001580
51.781250	1.019036	0.002433
51.812500	1.019967	0.001049
51.843750	1.008796	0.002326
51.875000	1.003558	0.001224
51.906250	1.002329	0.002848
51.937500	0.996164	0.002325
51.968750	1.019461	0.001375
52.000000	1.015458	0.002827
52.031250	0.998913	0.001778
52.062500	1.025422	0.001893
52.093750	1.005996	0.001308
52.125000	1.017481	0.001432
52.156250	1.030987	0.001000
52.187500	1.008241	0.002100
52.218750	0.997509	0.001849
52.250000	0.985648	0.001280
52.281250	1.008112	0.002627
52.312500	0.969051	0.001433
52.343750	0.995660	0.001006
52.375000	0.996919	0.002303
52.406250	0.988567	0.001925
52.437500	1.007141	0.001262
52.468750	1.011939	0.001975
52.500000	1.023806	0.002209
52.531250	1.016075	0.002997
52.562500	0.977500	0.001888
52.593750	0.977633	0.002537
52.625000	1.026032	0.002741
52.656250	1.008789	0.001882
52.687500	1.008831	0.002889
52.718750	1.004248	0.001826
52.750000	0.996425	0.001755
52.781250	1.008702	0.001763
52.812500	1.003076	0.002228
52.843750	0.995179	0.002999
52.875000	0.991807	0.002880
52.906250	0.997277	0.002088
52.937500	1.000093	0.002170
52.968750	0.998203	0.001204
53.000000	1.020340	0.002050
53.031250	1.008256	0.002608
53.062500	1.015949	0.002922
53.093750	1.018951	0.002039
53.125000	0.994570	0.001471
53.156250	0.992496	0.002708
53.187500	0.955633	0.001933
53.218750	1.003510	0.001841
53.250000	0.973388	0.001657
53.281250	0.979543	0.002594
53.312500	0.982118	0.001513
53.343750	0.970109	0.001606
53.375000	0.981000	0.002872
53.406250	0.998933	0.001970
53.437500	1.004367	0.001190
53.468750	0.988713	0.002948
53.500000	0.983797	0.002174
53.531250	0.981924	0.002130
53.562500	0.981191	0.001146
53.593750	0.985976	0.001844
53.625000	0.984562	0.001154
53.656250	0.986385	0.002356
53.687500	0.975866	0.001864
53.718750	0.986365	0.002616
53.750000	0.976527	0.001539
53.781250	0.979485	0.001479
53.812500	0.978654	0.002976
53.843750	0.998677	0.002054
53.875000	0.972126	0.001028
53.906250	0.977289	0.002574
53.937500	0.978388	0.002689
53.968750	0.976015	0.002398
54.000000	0.971534	0.001706
54.031250	0.950620	0.001092
54.062500	0.956412	0.001664
54.093750	0.955467	0.001814
54.125000	0.971500	0.002199
54.156250	0.975667	0.002811
54.187500	0.986279	0.002053
54.218750	0.979481	0.001678
54.250000	0.998148	0.001784
54.281250	0.960291	0.002907
54.312500	0.997282	0.001478
54.343750	0.965936	0.002618
54.375000	0.975186	0.002111
54.406250	0.969271	0.002579
54.437500	0.972492	0.002078
54.468750	0.977318	0.001316
54.500000	0.974349	0.001219
54.531250	0.972759	0.001996
54.562500	1.000149	0.002003
54.593750	1.018504	0.002864
54.625000	0.995249	0.002693
54.656250	0.992497	0.001451
54.687500	0.983873	0.002370
54.718750	0.982883	0.001274
54.750000	0.973194	0.001019
54.781250	0.969633	0.001089
54.812500	0.948193	0.001451
54.843750	0.956383	0.001488
54.875000	0.964057	0.001763
54.906250	0.944374	0.001472
54.937500	0.960765	0.002643
54.968750	0.956753	0.002236
55.000000	0.959588	0.002268
55.031250	0.961193	0.002928
55.062500	0.948560	0.001086
55.093750	0.945363	0.002520
55.125000	0.964438	0.001906
55.156250	0.948945	0.002451
55.187500	0.973876	0.001214
55.218750	0.972790	0.002791
55.250000	0.971388	0.001120
55.281250	0.968751	0.001777
55.312500	0.988490	0.001288
55.343750	0.964462	0.001597
55.375000	0.963619	0.002104
55.406250	0.969652	0.001760
55.437500	0.983699	0.001125
55.468750	0.980361	0.002684
55.500000	0.964059	0.002183
55.531250	0.964075	0.002268
55.562500	1.002261	0.001852
55.593750	0.968273	0.002967
55.625000	0.967262	0.002056
55.656250	0.977796	0.001494
55.687500	0.959967	0.001400
55.718750	0.974634	0.001399
55.750000	0.980822	0.001188
55.781250	0.959723	0.001749
55.812500	0.941342	0.001681
55.843750	0.974364	0.002660
55.875000	0.951693	0.001228
55.906250	0.948555	0.001917
55.937500	0.965523	0.002711
55.968750	0.963574	0.001166
56.000000	0.960171	0.002652
56.031250	0.949706	0.001413
56.062500	0.954613	0.001007
56.093750	0.966003	0.001954
56.125000	0.964509	0.001867
56.156250	0.963501	0.002614
56.187500	0.942332	0.002451
56.218750	0.976574	0.002822
56.250000	0.956626	0.002593
56.281250	0.964192	0.002151
56.312500	0.966450	0.001705
56.343750	0.964630	0.002829
56.375000	0.950701	0.002029
56.406250	0.962748	0.001215
56.437500	0.963532	0.001539
56.468750	1.000255	0.002553
56.500000	0.984049	0.001293
56.531250	0.971922	0.002524
56.562500	1.000067	0.001921
56.593750	1.008575	0.001830
56.625000	0.993229	0.002869
56.656250	0.980342	0.002199
56.687500	0.990308	0.002810
56.718750	0.994035	0.002965
56.750000	0.993085	0.002422
56.781250	0.994989	0.001712
56.812500	1.005628	0.002870
56.843750	1.005231	0.002235
56.875000	0.992523	0.002375
56.906250	1.035203	0.002772
56.937500	1.001979	0.001480
56.968750	1.008672	0.002167
57.000000	0.991910	0.002662
57.031250	1.003107	0.001860
57.062500	1.026984	0.002445
57.093750	1.000668	0.002440
57.125000	0.971847	0.001867
57.156250	1.002795	0.002429
57.187500	0.993852	0.002035
57.218750	1.003734	0.002642
57.250000	1.009759	0.001547
57.281250	0.993430	0.001120
57.312500	0.994655	0.002804
57.343750	1.020357	0.001063
57.375000	0.990359	0.001186
57.406250	0.994127	0.002240
57.437500	1.015186	0.001355
57.468750	1.009674	0.002655
57.500000	1.030764	0.001539
57.531250	1.022502	0.001612
57.562500	1.003412	0.002679
57.593750	1.001528	0.001074
57.625000	1.022370	0.001053
57.656250	0.994494	0.001126
57.687500	1.018568	0.001657
57.718750	0.994465	0.002074
57.750000	1.008435	0.001532
57.781250	1.008896	0.002119
57.812500	1.013134	0.001327
57.843750	1.018826	0.001376
57.875000	1.021269	0.001872
57.906250	1.008541	0.001089
57.937500	1.019866	0.002489
57.968750	1.013360	0.002785
58.000000	1.016332	0.002163
58.031250	1.018308	0.001080
58.062500	1.003360	0.002417
58.093750	1.019460	0.002939
58.125000	1.024099	0.002254
58.156250	1.025934	0.001942
58.187500	1.015061	0.002259
58.218750	0.997794	0.001706
58.250000	1.015186	0.002664
58.281250	1.008172	0.001691
58.312500	0.991975	0.002408
58.343750	1.004795	0.001067
58.375000	1.033188	0.002495
58.406250	1.006512	0.002555
58.437500	1.023574	0.002495
58.468750	1.004685	0.002444
58.500000	1.016208	0.001332
58.531250	1.030957	0.001732
58.562500	0.984230	0.001091
58.593750	1.000077	0.002760
58.625000	1.001598	0.002720
58.656250	1.019131	0.001458
58.687500	1.014165	0.001127
58.718750	1.032521	0.002274
58.750000	1.027872	0.001731
58.781250	1.023679	0.002153
58.812500	0.995128	0.002403
58.843750	1.010783	0.002573
58.875000	1.028241	0.001446
58.906250	1.008244	0.002101
58.937500	1.014888	0.001246
58.968750	1.008185	0.001480
59.000000	1.009916	0.001486
59.031250	1.022138	0.001868
59.062500	1.020420	0.001654
59.093750	1.025829	0.002527
59.125000	1.053466	0.001735
59.156250	1.016708	0.001072
59.187500	1.017396	0.001649
59.218750	1.040882	0.001099
59.250000	1.042264	0.002563
59.281250	1.012530	0.002560
59.312500	1.022428	0.002222
59.343750	1.028062	0.001119
59.375000	1.040451	0.002534
59.406250	1.038855	0.002490
59.437500	1.048520	0.001400
59.468750	1.055446	0.002842
59.500000	1.062401	0.002561
59.531250	1.046069	0.001362
59.562500	1.038210	0.002924
59.593750	1.021342	0.002998
59.625000	1.038646	0.002335
59.656250	1.056899	0.001347
59.687500	1.056980	0.002083
59.718750	1.033171	0.002730
59.750000	1.037067	0.001586
59.781250	1.046585	0.002704
59.812500	1.047646	0.002826
59.843750	1.027088	0.001776
59.875000	1.039228	0.001029
59.906250	1.061054	0.002586
59.937500	1.041269	0.002071
59.968750	1.026450	0.001225
