# Time (days)	Flux	Error
0.000000	1.006801	0.001050
0.031250	0.996141	0.001548
0.062500	1.000387	0.002493
0.093750	1.000427	0.002553
0.125000	1.013611	0.002201
0.156250	1.005372	0.002295
0.187500	1.011571	0.002029
0.218750	1.002923	0.002903
0.250000	1.000987	0.001928
0.281250	1.013616	0.001939
0.312500	1.010537	0.002368
0.343750	1.013507	0.002001
0.375000	1.011632	0.002771
0.406250	1.024124	0.002099
0.437500	1.010706	0.002051
0.468750	1.023121	0.002688
0.500000	1.017329	0.001908
0.531250	1.028422	0.001899
0.562500	1.026561	0.002257
0.593750	1.017145	0.002771
0.625000	1.030843	0.001858
0.656250	1.030391	0.002537
0.687500	1.024322	0.001419
0.718750	1.025373	0.002428
0.750000	1.019976	0.002536
0.781250	1.027707	0.002528
0.812500	1.025528	0.001660
0.843750	1.030236	0.002150
0.875000	1.038439	0.002637
0.906250	1.036571	0.001738
0.937500	1.017078	0.002500
0.968750	1.018651	0.001025
1.000000	1.015193	0.002618
1.031250	1.028760	0.002699
1.062500	1.030636	0.002340
1.093750	1.027896	0.002636
1.125000	1.017510	0.001939
1.156250	1.011361	0.001641
1.187500	1.020810	0.001234
1.218750	1.016111	0.001183
1.250000	1.016466	0.002186
1.281250	1.022578	0.002184
1.312500	1.017738	0.001548
1.343750	1.005507	0.001301
1.375000	1.020716	0.002286
1.406250	1.013654	0.001934
1.437500	0.999474	0.001257
1.468750	0.995530	0.002467
1.500000	1.008556	0.002823
1.531250	0.993788	0.001421
1.562500	0.992385	0.001033
1.593750	0.989887	0.001636
1.625000	1.004706	0.002646
1.656250	1.003190	0.001943
1.687500	0.997843	0.002564
1.718750	0.992990	0.001918
1.750000	0.995886	0.002117
1.781250	0.990478	0.002241
1.812500	0.992889	0.002167
1.843750	0.985866	0.002994
1.875000	0.988303	0.001305
1.906250	0.987330	0.002035
1.937500	0.993233	0.001270
1.968750	0.992851	0.002387
2.000000	0.978985	0.002414
2.031250	0.982595	0.002543
2.062500	0.968810	0.002518
2.093750	0.975468	0.002042
2.125000	0.967691	0.002035
2.156250	0.983112	0.002471
2.187500	0.972953	0.002375
2.218750	0.987798	0.001044
2.250000	0.974094	0.002837
2.281250	0.971063	0.002933
2.312500	0.975492	0.001314
2.343750	0.979976	0.001788
2.375000	0.969482	0.001976
2.406250	0.974289	0.002605
2.437500	0.959697	0.001027
2.468750	0.977259	0.001448
2.500000	0.966091	0.001935
2.531250	0.971534	0.001985
2.562500	0.961858	0.001191
2.593750	0.958892	0.001470
2.625000	0.968314	0.002116
2.656250	0.970859	0.002632
2.687500	0.977413	0.002963
2.718750	0.961750	0.002242
2.750000	0.963944	0.001792
2.781250	0.966065	0.002038
2.812500	0.980100	0.002271
2.843750	0.970046	0.002784
2.875000	0.975434	0.002036
2.906250	0.981243	0.002330
2.937500	0.976766	0.002659
2.968750	0.993188	0.001118
3.000000	0.990744	0.002853
3.031250	0.984912	0.001559
3.062500	0.987618	0.001930
3.093750	0.986868	0.001160
3.125000	0.992234	0.001372
3.156250	1.006423	0.002331
3.187500	1.003162	0.002986
3.218750	1.000126	0.002091
3.250000	0.999324	0.001829
3.281250	1.004930	0.002726
3.312500	1.003195	0.002231
3.343750	1.008131	0.002859
3.375000	1.011811	0.001041
3.406250	1.022422	0.002291
3.437500	1.017881	0.001225
3.468750	1.014641	0.002283
3.500000	1.036507	0.001786
3.531250	1.016875	0.001080
3.562500	1.013523	0.001211
3.593750	1.026693	0.001760
3.625000	1.029824	0.002301
3.656250	1.038754	0.002260
3.687500	1.039778	0.001921
3.718750	1.023718	0.001556
3.750000	1.033062	0.001871
3.781250	1.038680	0.002375
3.812500	1.036045	0.001793
3.843750	1.028379	0.001827
3.875000	1.036411	0.001471
3.906250	1.033851	0.001321
3.937500	1.035457	0.002591
3.968750	1.030335	0.002595
4.000000	1.038050	0.002291
4.031250	1.024707	0.001920
4.062500	1.034181	0.002221
4.093750	1.039588	0.001722
4.125000	1.033300	0.001484
4.156250	1.028862	0.002616
4.187500	1.011022	0.002255
4.218750	1.029357	0.001229
4.250000	1.024278	0.001110
4.281250	1.021180	0.002897
4.312500	1.019455	0.002407
4.343750	1.021154	0.001051
4.375000	1.021794	0.001648
4.406250	1.007831	0.001071
4.437500	1.014045	0.001776
4.468750	1.024337	0.002069
4.500000	1.012295	0.002928
4.531250	1.006032	0.001738
4.562500	1.007228	0.002260
4.593750	1.010692	0.002027
4.625000	1.010229	0.001441
4.656250	1.001769	0.002030
4.687500	1.004715	0.002355
4.718750	1.002279	0.001096
4.750000	1.001155	0.002841
4.781250	0.995206	0.002260
4.812500	0.998303	0.001335
4.843750	1.005036	0.002264
4.875000	1.000200	0.001334
4.906250	0.992455	0.001669
4.937500	0.996364	0.001247
4.968750	0.990574	0.001139
5.000000	0.991725	0.002494
5.031250	0.986067	0.002924
5.062500	0.991423	0.002465
5.093750	0.982723	0.002173
5.125000	0.986245	0.001337
5.156250	0.989187	0.002440
5.187500	0.988994	0.002445
5.218750	0.978591	0.002256
5.250000	0.984038	0.002826
5.281250	0.968253	0.002521
5.312500	0.984451	0.001602
5.343750	0.968274	0.001331
5.375000	0.964133	0.002523
5.406250	0.978425	0.001985
5.437500	0.967137	0.001567
5.468750	0.961501	0.001741
5.500000	0.962743	0.001402
5.531250	0.973170	0.002133
5.562500	0.960738	0.002944
5.593750	0.967587	0.001639
5.625000	0.966825	0.001517
5.656250	0.966080	0.001428
5.687500	0.965029	0.001789
5.718750	0.963767	0.002311
5.750000	0.956444	0.002678
5.781250	0.961117	0.002022
5.812500	0.964354	0.002965
5.843750	0.962112	0.001004
5.875000	0.947826	0.001644
5.906250	0.968214	0.001910
5.937500	0.965832	0.002372
5.968750	0.965154	0.002453
6.000000	0.961534	0.001460
6.031250	0.969061	0.002628
6.062500	0.956731	0.002249
6.093750	0.972243	0.001983
6.125000	0.976929	0.002101
6.156250	0.973916	0.002895
6.187500	0.980444	0.002928
6.218750	0.986611	0.001066
6.250000	0.988118	0.001670
6.281250	0.992330	0.002068
6.312500	0.989147	0.001833
6.343750	0.993488	0.002242
6.375000	1.006179	0.002421
6.406250	0.994361	0.001775
6.437500	1.007177	0.002053
6.468750	1.007320	0.002777
6.500000	1.012708	0.002931
6.531250	1.005803	0.001326
6.562500	1.013105	0.001248
6.593750	1.020539	0.002083
6.625000	1.024875	0.002548
6.656250	1.016821	0.002506
6.687500	1.024667	0.001717
6.718750	1.028975	0.001834
6.750000	1.047355	0.001548
6.781250	1.034270	0.002255
6.812500	1.035419	0.001491
6.843750	1.037652	0.001715
6.875000	1.031536	0.002091
6.906250	1.045897	0.001728
6.937500	1.037648	0.002863
6.968750	1.031452	0.002179
7.000000	1.037862	0.001865
7.031250	1.035067	0.001048
7.062500	1.043163	0.001767
7.093750	1.033727	0.001896
7.125000	1.033116	0.002690
7.156250	1.042747	0.002175
7.187500	1.035874	0.001663
7.218750	1.048582	0.001282
7.250000	1.037464	0.002931
7.281250	1.038513	0.002052
7.312500	1.035143	0.002128
7.343750	1.029630	0.002686
7.375000	1.034334	0.001475
7.406250	1.024915	0.002163
7.437500	1.027980	0.002591
7.468750	1.032522	0.001922
7.500000	1.026068	0.001340
7.531250	1.005854	0.002369
7.562500	1.018839	0.002682
7.593750	1.009247	0.001928
7.625000	1.015256	0.001163
7.656250	1.014040	0.002540
7.687500	1.013546	0.001265
7.718750	0.997273	0.002951
7.750000	1.007602	0.001765
7.781250	1.009631	0.002172
7.812500	1.018047	0.001426
7.843750	1.011443	0.002488
7.875000	1.004682	0.001714
7.906250	0.993599	0.002692
7.937500	0.997743	0.001771
7.968750	1.009610	0.001924
8.000000	1.006289	0.001865
8.031250	0.997683	0.002535
8.062500	0.998162	0.002335
8.093750	0.988647	0.001623
8.125000	0.986511	0.002690
8.156250	0.988863	0.001427
8.187500	0.994289	0.001547
8.218750	0.986796	0.002839
8.250000	0.991074	0.001579
8.281250	0.987188	0.002951
8.312500	0.993486	0.002529
8.343750	0.984964	0.001781
8.375000	0.985205	0.001456
8.406250	0.983126	0.002107
8.437500	0.962126	0.002075
8.468750	0.975734	0.002841
8.500000	0.980616	0.002204
8.531250	0.971457	0.002609
8.562500	0.980314	0.001507
8.593750	0.965818	0.002956
8.625000	0.975793	0.002979
8.656250	0.972414	0.001836
8.687500	0.970892	0.002751
8.718750	0.965711	0.002063
8.750000	0.958279	0.002482
8.781250	0.973772	0.002667
8.812500	0.971528	0.001002
8.843750	0.972582	0.002869
8.875000	0.960856	0.001489
8.906250	0.953466	0.001030
8.937500	0.968769	0.002914
8.968750	0.956974	0.002783
9.000000	0.959151	0.001144
9.031250	0.964914	0.001344
9.062500	0.960433	0.002231
9.093750	0.955492	0.001160
9.125000	0.962845	0.001825
9.156250	0.961294	0.002798
9.187500	0.965310	0.002934
9.218750	0.964062	0.001891
9.250000	0.965363	0.002058
9.281250	0.963641	0.001409
9.312500	0.968878	0.001288
9.343750	0.984390	0.001682
9.375000	0.981101	0.001787
9.406250	0.984280	0.001181
9.437500	0.982274	0.002137
9.468750	0.981321	0.002141
9.500000	0.988975	0.002075
9.531250	1.001489	0.002284
9.562500	0.993817	0.002283
9.593750	0.994729	0.001603
9.625000	1.005940	0.001562
9.656250	0.999103	0.001007
9.687500	1.006582	0.001677
9.718750	1.021842	0.002558
9.750000	1.015387	0.001267
9.781250	1.017553	0.002945
9.812500	1.025697	0.002854
9.843750	1.027970	0.001126
9.875000	1.026074	0.001230
9.906250	1.032334	0.002463
9.937500	1.026721	0.002159
9.968750	1.040091	0.002294
10.000000	1.025154	0.002295
10.031250	1.027523	0.001696
10.062500	1.051002	0.001181
10.093750	1.038991	0.002724
10.125000	1.043481	0.001799
10.156250	1.036470	0.002905
10.187500	1.039965	0.001228
10.218750	1.041293	0.001238
10.250000	1.043216	0.002118
10.281250	1.052962	0.001472
10.312500	1.033999	0.002470
10.343750	1.046983	0.001661
10.375000	1.035271	0.001546
10.406250	1.045983	0.002297
10.437500	1.030578	0.002454
10.468750	1.033959	0.001115
10.500000	1.030990	0.001542
10.531250	1.035821	0.002353
10.562500	1.034377	0.001209
10.593750	1.020984	0.001060
10.625000	1.025267	0.001773
10.656250	1.024031	0.001574
10.687500	1.022020	0.002925
10.718750	1.020913	0.002113
10.750000	1.015815	0.002758
10.781250	1.022430	0.001101
10.812500	1.024471	0.001479
10.843750	1.006162	0.001036
10.875000	1.011837	0.002794
10.906250	1.018091	0.001302
10.937500	0.994348	0.001368
10.968750	1.003463	0.002346
11.000000	1.013283	0.002031
11.031250	1.010700	0.002825
11.062500	1.005226	0.001284
11.093750	1.015351	0.002846
11.125000	1.001751	0.002758
11.156250	1.000439	0.002553
11.187500	0.992041	0.002333
11.218750	0.998337	0.002391
11.250000	1.002344	0.001094
11.281250	0.991445	0.001843
11.312500	0.990438	0.001785
11.343750	0.995025	0.002295
11.375000	0.996498	0.002659
11.406250	0.975124	0.002792
11.437500	0.999277	0.002314
11.468750	0.993648	0.002922
11.500000	0.989138	0.001825
11.531250	0.992067	0.001409
11.562500	0.983390	0.002074
11.593750	0.988686	0.001648
11.625000	0.987341	0.001173
11.656250	0.972332	0.002919
11.687500	0.979248	0.001592
11.718750	0.978686	0.002373
11.750000	0.979119	0.002774
11.781250	0.972003	0.001964
11.812500	0.976309	0.002280
11.843750	0.965690	0.001624
11.875000	0.974389	0.002759
11.906250	0.969729	0.001876
11.937500	0.956454	0.002993
11.968750	0.969667	0.001965
12.000000	0.977511	0.002191
12.031250	0.976660	0.001336
12.062500	0.961492	0.001557
12.093750	0.966923	0.002452
12.125000	0.977193	0.001510
12.156250	0.962800	0.002736
12.187500	0.964583	0.001378
12.218750	0.962143	0.001774
12.250000	0.964560	0.002910
12.281250	0.969281	0.001211
12.312500	0.963193	0.002979
12.343750	0.961920	0.001111
12.375000	0.971192	0.001192
12.406250	0.974156	0.001562
12.437500	0.973032	0.001424
12.468750	0.971319	0.001557
12.500000	0.983312	0.001543
12.531250	0.970927	0.001037
12.562500	0.986559	0.002762
12.593750	0.988017	0.002187
12.625000	0.978483	0.001593
12.656250	0.984431	0.001442
12.687500	0.993957	0.002823
12.718750	1.001139	0.001674
12.750000	1.005566	0.001037
12.781250	1.006260	0.001006
12.812500	1.001937	0.002572
12.843750	1.010535	0.001772
12.875000	1.004508	0.002440
12.906250	1.012735	0.002204
12.937500	1.013025	0.002987
12.968750	1.011079	0.002675
13.000000	1.018616	0.001093
13.031250	1.021500	0.002881
13.062500	1.025078	0.001396
13.093750	1.023554	0.002398
13.125000	1.031265	0.001066
13.156250	1.036545	0.001021
13.187500	1.037242	0.001897
13.218750	1.027313	0.002437
13.250000	1.024254	0.002251
13.281250	1.032246	0.002218
13.312500	1.040246	0.001798
13.343750	1.029901	0.001661
13.375000	1.046546	0.002790
13.406250	1.027255	0.002803
13.437500	1.022911	0.001966
13.468750	1.041479	0.002532
13.500000	1.030274	0.001955
13.531250	1.032990	0.001436
13.562500	1.027328	0.002668
13.593750	1.042620	0.002844
13.625000	1.027982	0.002153
13.656250	1.031666	0.002683
13.687500	1.033783	0.001814
13.718750	1.036150	0.002116
13.750000	1.021739	0.002873
13.781250	1.015056	0.002305
13.812500	1.027497	0.001556
13.843750	1.022971	0.001822
13.875000	1.024765	0.001412
13.906250	1.022744	0.001362
13.937500	1.017141	0.001426
13.968750	1.025362	0.002755
14.000000	1.025680	0.001539
14.031250	1.017894	0.002438
14.062500	1.015822	0.002208
14.093750	1.011939	0.001494
14.125000	1.006950	0.002346
14.156250	1.007445	0.001031
14.187500	1.013271	0.002658
14.218750	1.007460	0.001897
14.250000	0.997985	0.002001
14.281250	0.996538	0.001254
14.312500	1.000820	0.002116
14.343750	0.994265	0.001566
14.375000	1.002859	0.002187
14.406250	0.997326	0.001719
14.437500	1.008362	0.001604
14.468750	0.995451	0.001384
14.500000	0.991718	0.002746
14.531250	0.988819	0.002523
14.562500	0.989855	0.001410
14.593750	0.999976	0.001904
14.625000	0.987426	0.002013
14.656250	0.984744	0.001594
14.687500	0.993805	0.002961
14.718750	0.992433	0.002782
14.750000	0.988575	0.002156
14.781250	0.984697	0.001099
14.812500	0.975553	0.002304
14.843750	0.989508	0.002803
14.875000	0.980839	0.001391
14.906250	0.975542	0.001396
14.937500	0.981972	0.002636
14.968750	0.969896	0.002403
15.000000	0.977952	0.002942
15.031250	0.968994	0.001711
15.062500	0.967317	0.002101
15.093750	0.967034	0.002847
15.125000	0.983685	0.002675
15.156250	0.972486	0.001549
15.187500	0.978730	0.002079
15.218750	0.977223	0.001556
15.250000	0.968564	0.002750
15.281250	0.973893	0.001772
15.312500	0.964895	0.002871
15.343750	0.973993	0.001398
15.375000	0.982179	0.002954
15.406250	0.963650	0.001360
15.437500	0.976960	0.002996
15.468750	0.973991	0.002035
15.500000	0.975325	0.001983
15.531250	0.983091	0.002072
15.562500	0.969598	0.001890
15.593750	0.990112	0.002636
15.625000	0.986989	0.001161
15.656250	0.979858	0.001920
15.687500	0.987513	0.001338
15.718750	0.988318	0.002534
15.750000	0.993802	0.001802
15.781250	0.992705	0.002901
15.812500	0.998495	0.001399
15.843750	0.990463	0.002020
15.875000	0.988581	0.002896
15.906250	0.992071	0.001741
15.937500	0.994164	0.001301
15.968750	1.000010	0.002079
16.000000	1.005222	0.001359
16.031250	0.990491	0.001261
16.062500	1.002401	0.001125
16.093750	1.000094	0.002625
16.125000	1.011183	0.001471
16.156250	1.006643	0.002583
16.187500	1.006419	0.001124
16.218750	1.000673	0.001725
16.250000	1.014509	0.001663
16.281250	1.015557	0.002962
16.312500	1.007359	0.001971
16.343750	0.998245	0.001163
16.375000	1.018167	0.001151
16.406250	1.017390	0.001010
16.437500	1.004473	0.002554
16.468750	1.014241	0.001234
16.500000	1.013510	0.002976
16.531250	1.026613	0.002227
16.562500	1.017448	0.001701
16.593750	1.018512	0.002108
16.625000	1.027096	0.001826
16.656250	1.027480	0.002162
16.687500	1.021729	0.001826
16.718750	1.029523	0.002467
16.750000	1.014209	0.002037
16.781250	1.025322	0.001044
16.812500	1.026157	0.002997
16.843750	1.022246	0.001548
16.875000	1.018785	0.001168
16.906250	1.019032	0.002489
16.937500	1.015659	0.002673
16.968750	1.020482	0.001542
17.000000	1.025297	0.002881
17.031250	1.029499	0.001565
17.062500	1.020855	0.001541
17.093750	1.014629	0.002734
17.125000	1.024619	0.002995
17.156250	1.022909	0.001769
17.187500	1.008062	0.002514
17.218750	1.008714	0.001617
17.250000	1.011381	0.001591
17.281250	1.013930	0.002426
17.312500	1.007677	0.001102
17.343750	1.014928	0.001749
17.375000	1.010247	0.001585
17.406250	1.009740	0.001426
17.437500	1.015405	0.001552
17.468750	0.999120	0.001731
17.500000	1.016884	0.002241
17.531250	0.994835	0.001735
17.562500	1.015707	0.001399
17.593750	1.002939	0.001658
17.625000	0.995803	0.002844
17.656250	0.995648	0.001221
17.687500	1.000870	0.002376
17.718750	0.990794	0.001479
17.750000	0.980139	0.001750
17.781250	0.987189	0.002533
17.812500	0.988832	0.001070
17.843750	0.981073	0.001946
17.875000	0.986905	0.001361
17.906250	0.983142	0.001699
17.937500	0.976509	0.002450
17.968750	0.984141	0.001067
18.000000	0.978384	0.001231
18.031250	0.973180	0.001160
18.062500	0.987076	0.001934
18.093750	0.987884	0.002374
18.125000	0.980611	0.001917
18.156250	0.986508	0.002498
18.187500	0.980603	0.002069
18.218750	0.984445	0.001238
18.250000	0.976516	0.001778
18.281250	0.985185	0.002827
18.312500	0.979974	0.002917
18.343750	0.975420	0.001186
18.375000	0.978566	0.001501
18.406250	0.983494	0.002897
18.437500	0.978372	0.001116
18.468750	0.982797	0.001263
18.500000	0.978843	0.001061
18.531250	0.975926	0.001227
18.562500	0.982372	0.002155
18.593750	0.987804	0.001296
18.625000	0.980272	0.002378
18.656250	0.981016	0.001075
18.687500	0.975868	0.002670
18.718750	0.989319	0.001643
18.750000	1.001006	0.002433
18.781250	0.982010	0.001955
18.812500	0.991050	0.001277
18.843750	1.005073	0.002291
18.875000	0.993718	0.001858
18.906250	0.980241	0.002529
18.937500	0.986126	0.001676
18.968750	0.989321	0.001068
19.000000	0.993180	0.002203
19.031250	0.996210	0.001156
19.062500	0.992392	0.002320
19.093750	1.000326	0.001244
19.125000	0.991851	0.002227
19.156250	0.994770	0.001043
19.187500	0.996635	0.002023
19.218750	1.001967	0.001315
19.250000	0.999208	0.001358
19.281250	1.002675	0.001445
19.312500	0.998141	0.002295
19.343750	1.006349	0.002936
19.375000	1.002644	0.001830
19.406250	1.000143	0.002123
19.437500	1.014002	0.001022
19.468750	0.993564	0.002354
19.500000	1.015564	0.001140
19.531250	1.005930	0.002784
19.562500	1.011670	0.001089
19.593750	1.002577	0.002655
19.625000	1.000301	0.002379
19.656250	1.004631	0.001171
19.687500	1.005204	0.001475
19.718750	1.004642	0.001234
19.750000	1.010778	0.002728
19.781250	1.018188	0.002360
19.812500	1.013413	0.001381
19.843750	1.010942	0.002630
19.875000	1.020908	0.001034
19.906250	1.016645	0.002376
19.937500	1.018907	0.002440
19.968750	1.018392	0.002309
20.000000	1.014408	0.002940
20.031250	1.017341	0.002024
20.062500	1.014587	0.002186
20.093750	1.009988	0.001412
20.125000	1.017623	0.002664
20.156250	1.022779	0.002116
20.187500	1.015536	0.002979
20.218750	1.021671	0.002638
20.250000	1.024050	0.001986
20.281250	1.013845	0.002825
20.312500	1.015230	0.001655
20.343750	1.021084	0.002745
20.375000	1.010075	0.001915
20.406250	1.023914	0.002857
20.437500	1.021792	0.001492
20.468750	1.016213	0.002574
20.500000	1.009192	0.001775
20.531250	1.019637	0.001640
20.562500	1.012703	0.001895
20.593750	1.002734	0.002818
20.625000	1.014295	0.002254
20.656250	1.004663	0.001071
20.687500	1.006483	0.002363
20.718750	1.004456	0.002561
20.750000	0.995797	0.001742
20.781250	1.012991	0.002254
20.812500	0.993117	0.002605
20.843750	1.002250	0.002153
20.875000	0.993342	0.001603
20.906250	0.990228	0.002811
20.937500	0.991935	0.002556
20.968750	1.000476	0.001713
21.000000	0.999019	0.001321
21.031250	0.986254	0.001290
21.062500	0.988601	0.002947
21.093750	0.976390	0.001623
21.125000	0.986303	0.002454
21.156250	0.981197	0.002417
21.187500	0.977028	0.002397
21.218750	0.977864	0.002768
21.250000	0.984699	0.001115
21.281250	0.980286	0.002973
21.312500	0.987192	0.002129
21.343750	0.979582	0.002417
21.375000	0.966030	0.001029
21.406250	0.970082	0.002476
21.437500	0.981764	0.001769
21.468750	0.988684	0.001394
21.500000	0.979576	0.001595
21.531250	0.971147	0.002451
21.562500	0.984524	0.002823
21.593750	0.991564	0.001863
21.625000	0.986666	0.001207
21.656250	0.993521	0.002984
21.687500	0.990441	0.002457
21.718750	0.983387	0.002159
21.750000	0.993314	0.001117
21.781250	0.988578	0.002309
21.812500	0.990935	0.001140
21.843750	0.995882	0.001264
21.875000	0.993099	0.001727
21.906250	0.999750	0.002600
21.937500	0.999368	0.001674
21.968750	1.008349	0.001472
22.000000	0.987114	0.002809
22.031250	1.008851	0.001906
22.062500	1.009599	0.002057
22.093750	1.005266	0.001970
22.125000	1.005395	0.001879
22.156250	1.002772	0.002031
22.187500	0.997556	0.001632
22.218750	1.009504	0.001203
22.250000	1.001376	0.002549
22.281250	0.996957	0.002090
22.312500	1.009319	0.001871
22.343750	1.000774	0.001927
22.375000	0.996962	0.001125
22.406250	0.999267	0.002701
22.437500	0.986071	0.002300
22.468750	1.002102	0.001880
22.500000	1.006045	0.002220
22.531250	0.998516	0.002515
22.562500	0.988398	0.002762
22.593750	1.008993	0.001154
22.625000	0.999462	0.001229
22.656250	0.996374	0.001370
22.687500	0.994936	0.002764
22.718750	0.996588	0.002667
22.750000	1.007584	0.001032
22.781250	0.995295	0.002799
22.812500	0.987336	0.002630
22.843750	0.998243	0.001214
22.875000	0.999735	0.002666
22.906250	0.994191	0.001963
22.937500	1.010755	0.001052
22.968750	0.989323	0.001358
23.000000	1.006811	0.001490
23.031250	1.009275	0.002374
23.062500	1.015722	0.001728
23.093750	1.009604	0.002788
23.125000	1.006572	0.002128
23.156250	1.015235	0.002506
23.187500	1.014787	0.001285
23.218750	1.013755	0.002207
23.250000	1.004642	0.001621
23.281250	1.009318	0.001937
23.312500	1.006826	0.002448
23.343750	1.015478	0.002254
23.375000	1.021838	0.001463
23.406250	1.023241	0.001769
23.437500	1.017693	0.001591
23.468750	1.024753	0.001444
23.500000	1.027336	0.002519
23.531250	1.008640	0.002890
23.562500	1.021527	0.002943
23.593750	1.015531	0.001997
23.625000	1.013488	0.001745
23.656250	1.029525	0.001734
23.687500	1.015005	0.001386
23.718750	1.016156	0.002984
23.750000	1.015963	0.002244
23.781250	1.002703	0.001319
23.812500	1.013616	0.002628
23.843750	0.995233	0.002491
23.875000	1.005645	0.002305
23.906250	1.013010	0.001346
23.937500	1.020999	0.001424
23.968750	1.001200	0.002058
24.000000	1.001520	0.001797
24.031250	1.000741	0.001549
24.062500	0.999407	0.002161
24.093750	0.991186	0.001399
24.125000	0.993681	0.002200
24.156250	0.991867	0.001467
24.187500	0.980865	0.001424
24.218750	0.986215	0.001584
24.250000	0.979703	0.002597
24.281250	0.982299	0.002870
24.312500	0.975260	0.002444
24.343750	0.984112	0.001462
24.375000	0.980522	0.002427
24.406250	0.981994	0.001628
24.437500	0.977772	0.001785
24.468750	0.976199	0.002175
24.500000	0.993503	0.002268
24.531250	0.977362	0.002114
24.562500	0.972364	0.001641
24.593750	0.986541	0.001386
24.625000	0.986160	0.002633
24.656250	0.978207	0.002698
24.687500	0.979338	0.001712
24.718750	0.986913	0.002161
24.750000	0.993056	0.002779
24.781250	0.983063	0.001516
24.812500	0.997662	0.001184
24.843750	0.996072	0.002625
24.875000	0.994036	0.001377
24.906250	0.986197	0.002503
24.937500	0.992776	0.002736
24.968750	0.994802	0.002592
25.000000	0.984421	0.001732
25.031250	1.010296	0.002439
25.062500	0.987352	0.001662
25.093750	1.001165	0.002983
25.125000	0.999697	0.001642
25.156250	1.001448	0.002624
25.187500	1.008340	0.001023
25.218750	0.998755	0.002240
25.250000	1.006107	0.002618
25.281250	0.993611	0.002827
25.312500	0.995616	0.001342
25.343750	1.007522	0.002294
25.375000	1.000805	0.001286
25.406250	1.005915	0.001396
25.437500	1.007414	0.002865
25.468750	1.000737	0.001067
25.500000	1.004022	0.002327
25.531250	1.007490	0.002591
25.562500	1.000139	0.001495
25.593750	1.009324	0.002787
25.625000	1.009687	0.001154
25.656250	0.999634	0.001965
25.687500	1.004340	0.001119
25.718750	1.000480	0.001302
25.750000	0.994021	0.001054
25.781250	1.002360	0.001709
25.812500	0.999086	0.001323
25.843750	1.000181	0.001950
25.875000	1.004543	0.002639
25.906250	1.001935	0.001212
25.937500	0.993324	0.001952
25.968750	0.995959	0.001156
26.000000	0.998380	0.002209
26.031250	1.007371	0.002501
26.062500	1.006309	0.002143
26.093750	1.006233	0.001994
26.125000	1.005816	0.001719
26.156250	1.003546	0.002900
26.187500	1.004245	0.002459
26.218750	1.000127	0.001536
26.250000	1.022692	0.002720
26.281250	1.008705	0.002542
26.312500	1.007094	0.002757
26.343750	1.010527	0.001826
26.375000	1.001870	0.002150
26.406250	1.014723	0.002621
26.437500	1.022476	0.001521
26.468750	1.027311	0.001513
26.500000	1.026211	0.001812
26.531250	1.015271	0.002707
26.562500	1.028340	0.002443
26.593750	1.023170	0.002112
26.625000	1.020957	0.002091
26.656250	1.018202	0.002460
26.687500	1.023424	0.002982
26.718750	1.023755	0.002991
26.750000	1.033119	0.001290
26.781250	1.018303	0.002713
26.812500	1.020177	0.001174
26.843750	1.010424	0.002331
26.875000	1.015819	0.002849
26.906250	1.008070	0.001210
26.937500	1.014308	0.001488
26.968750	1.008261	0.002945
27.000000	1.009485	0.002856
27.031250	1.012370	0.001378
27.062500	1.010199	0.002906
27.093750	1.003384	0.001535
27.125000	1.003521	0.002443
27.156250	1.004052	0.001301
27.187500	0.992330	0.002413
27.218750	1.005901	0.002314
27.250000	0.996506	0.002778
27.281250	1.006116	0.001061
27.312500	0.989563	0.001187
27.343750	0.990639	0.001346
27.375000	0.992552	0.002271
27.406250	0.980071	0.002775
27.437500	0.992434	0.002827
27.468750	0.997840	0.002481
27.500000	0.981144	0.002504
27.531250	0.985403	0.001205
27.562500	0.981214	0.002784
27.593750	0.979396	0.002401
27.625000	0.985056	0.002705
27.656250	0.986728	0.002919
27.687500	0.980745	0.002229
27.718750	0.990863	0.001495
27.750000	0.979044	0.002582
27.781250	0.973190	0.001639
27.812500	0.974248	0.001831
27.843750	0.979504	0.001736
27.875000	0.993260	0.002228
27.906250	0.978312	0.002663
27.937500	0.974315	0.001262
27.968750	0.978813	0.002041
28.000000	0.981943	0.002842
28.031250	0.978763	0.002097
28.062500	0.977692	0.001960
28.093750	0.992188	0.002652
28.125000	0.974777	0.001872
28.156250	0.990751	0.001238
28.187500	0.993402	0.001683
28.218750	0.990374	0.002365
28.250000	0.986526	0.001569
28.281250	0.994070	0.002791
28.312500	0.983890	0.001418
28.343750	0.992467	0.002008
28.375000	0.982324	0.001324
28.406250	0.994623	0.001813
28.437500	0.994587	0.002192
28.468750	0.997427	0.001282
28.500000	0.996518	0.002648
28.531250	0.993648	0.002125
28.562500	0.988301	0.001610
28.593750	1.004392	0.002905
28.625000	0.992890	0.002369
28.656250	1.001895	0.002407
28.687500	1.004631	0.002345
28.718750	1.008915	0.001630
28.750000	1.000443	0.001671
28.781250	1.000303	0.001922
28.812500	1.006275	0.001941
28.843750	1.003629	0.001053
28.875000	1.013469	0.002570
28.906250	1.010138	0.001372
28.937500	0.997041	0.002809
28.968750	0.992753	0.001866
29.000000	1.005689	0.002493
29.031250	1.005161	0.002438
29.062500	1.003706	0.001340
29.093750	1.001045	0.001792
29.125000	1.006202	0.001135
29.156250	1.006834	0.001838
29.187500	1.013206	0.002362
29.218750	1.007913	0.001776
29.250000	1.010268	0.001680
29.281250	1.009943	0.001181
29.312500	1.012629	0.001828
29.343750	1.009025	0.002376
29.375000	1.016725	0.002255
29.406250	1.022793	0.002596
29.437500	1.016715	0.002464
29.468750	1.015687	0.002644
29.500000	1.017893	0.002047
29.531250	1.014591	0.001433
29.562500	1.024218	0.001035
29.593750	1.019369	0.002022
29.625000	1.015688	0.002499
29.656250	1.016910	0.001768
29.687500	1.022028	0.001889
29.718750	1.018849	0.002653
29.750000	1.015900	0.002196
29.781250	1.017109	0.001776
29.812500	1.021978	0.001421
29.843750	1.021269	0.001587
29.875000	1.023581	0.001438
29.906250	1.012517	0.001097
29.937500	1.024671	0.001208
29.968750	1.015481	0.001547
30.000000	1.016382	0.002755
30.031250	1.013256	0.001602
30.062500	1.021889	0.001143
30.093750	1.014713	0.001079
30.125000	1.014904	0.001765
30.156250	1.014208	0.002154
30.187500	1.011485	0.001086
30.218750	1.017926	0.001833
30.250000	1.002559	0.002132
30.281250	1.021812	0.001535
30.312500	1.009002	0.001119
30.343750	0.995211	0.001228
30.375000	0.994201	0.002266
30.406250	0.985959	0.002967
30.437500	1.000558	0.002132
30.468750	1.007782	0.002161
30.500000	1.009125	0.001476
30.531250	0.986384	0.002054
30.562500	0.981040	0.002633
30.593750	0.995387	0.001343
30.625000	0.992726	0.001670
30.656250	0.979157	0.002060
30.687500	0.991785	0.002035
30.718750	0.979616	0.002729
30.750000	0.975379	0.001253
30.781250	0.971090	0.002536
30.812500	0.987224	0.002554
30.843750	0.989225	0.001017
30.875000	0.982423	0.001963
30.906250	0.974328	0.001423
30.937500	0.976848	0.001079
30.968750	0.978825	0.002440
31.000000	0.979265	0.002958
31.031250	0.974478	0.001960
31.062500	0.981932	0.002111
31.093750	0.981463	0.001036
31.125000	0.983920	0.001946
31.156250	0.973938	0.002779
31.187500	0.966635	0.002556
31.218750	0.972948	0.001860
31.250000	0.983912	0.002313
31.281250	0.976532	0.001203
31.312500	0.976428	0.001204
31.343750	0.994757	0.002654
31.375000	0.977982	0.001573
31.406250	0.970979	0.002708
31.437500	0.977031	0.001494
31.468750	0.984396	0.002007
31.500000	0.986892	0.001381
31.531250	0.968644	0.002597
31.562500	0.983942	0.002221
31.593750	0.972074	0.002867
31.625000	0.996834	0.002520
31.656250	0.974435	0.002182
31.687500	0.979229	0.001871
31.718750	0.987631	0.001721
31.750000	0.994384	0.002125
31.781250	0.990856	0.001969
31.812500	0.983646	0.001575
31.843750	0.988436	0.001562
31.875000	0.992009	0.002587
31.906250	0.997547	0.002541
31.937500	0.990652	0.001104
31.968750	0.993342	0.002315
32.000000	1.005271	0.002175
32.031250	0.996942	0.002803
32.062500	0.996743	0.002474
32.093750	1.013509	0.001717
32.125000	1.010532	0.001459
32.156250	1.009447	0.002876
32.187500	1.023791	0.002588
32.218750	1.007859	0.002059
32.250000	1.020442	0.002829
32.281250	1.008277	0.002790
32.312500	1.026522	0.002585
32.343750	1.024931	0.002685
32.375000	1.018296	0.001221
32.406250	1.018194	0.002652
32.437500	1.020869	0.001837
32.468750	1.018036	0.001392
32.500000	1.027650	0.001901
32.531250	1.026310	0.002698
32.562500	1.022129	0.002688
32.593750	1.025883	0.001912
32.625000	1.028441	0.002932
32.656250	1.020825	0.001606
32.687500	1.033981	0.001887
32.718750	1.032877	0.001442
32.750000	1.030556	0.002512
32.781250	1.034708	0.002707
32.812500	1.027934	0.002315
32.843750	1.020039	0.002107
32.875000	1.014714	0.001700
32.906250	1.026305	0.001192
32.937500	1.024709	0.001217
32.968750	1.025225	0.002893
33.000000	1.022568	0.001247
33.031250	1.024355	0.001805
33.062500	1.035735	0.001014
33.093750	1.025337	0.001917
33.125000	1.013754	0.002046
33.156250	1.021898	0.002495
33.187500	1.025653	0.002476
33.218750	1.010349	0.001728
33.250000	1.006270	0.002076
33.281250	1.008141	0.002928
33.312500	1.007929	0.002196
33.343750	1.017487	0.001922
33.375000	1.009494	0.002300
33.406250	1.003047	0.002846
33.437500	0.999717	0.001573
33.468750	1.013232	0.002026
33.500000	1.015302	0.001916
33.531250	0.998663	0.001831
33.562500	1.000394	0.002401
33.593750	1.002772	0.001458
33.625000	0.990072	0.001431
33.656250	0.996653	0.002825
33.687500	1.008521	0.002668
33.718750	0.997243	0.002709
33.750000	0.991879	0.001580
33.781250	0.999506	0.001811
33.812500	0.988257	0.001711
33.843750	0.986374	0.002901
33.875000	0.985569	0.002822
33.906250	0.980087	0.001201
33.937500	0.993957	0.002683
33.968750	0.981666	0.001458
34.000000	0.975099	0.001413
34.031250	0.988251	0.001653
34.062500	0.981335	0.001637
34.093750	0.978937	0.001343
34.125000	0.982003	0.002648
34.156250	0.968038	0.001967
34.187500	0.978897	0.001142
34.218750	0.971518	0.001426
34.250000	0.969125	0.002150
34.281250	0.966321	0.002138
34.312500	0.976399	0.002860
34.343750	0.974131	0.001386
34.375000	0.977864	0.002501
34.406250	0.962110	0.001802
34.437500	0.970717	0.001601
34.468750	0.965302	0.002539
34.500000	0.955855	0.001198
34.531250	0.964563	0.001350
34.562500	0.969614	0.001057
34.593750	0.966213	0.002574
34.625000	0.969711	0.001031
34.656250	0.972755	0.001888
34.687500	0.967983	0.001316
34.718750	0.973615	0.001379
34.750000	0.967717	0.001152
34.781250	0.978623	0.001577
34.812500	0.963956	0.002058
34.843750	0.976892	0.002499
34.875000	0.977376	0.001869
34.906250	0.981449	0.001950
34.937500	0.975300	0.002122
34.968750	0.973172	0.002840
35.000000	0.986860	0.002344
35.031250	0.983675	0.001301
35.062500	0.987988	0.002278
35.093750	1.006680	0.002628
35.125000	1.000137	0.002212
35.156250	0.987517	0.001706
35.187500	1.004018	0.002530
35.218750	1.001840	0.001811
35.250000	1.009036	0.002712
35.281250	1.003259	0.002087
35.312500	0.998547	0.002217
35.343750	1.025334	0.002013
35.375000	1.006620	0.002744
35.406250	1.014491	0.001350
35.437500	1.024376	0.002268
35.468750	1.027701	0.001987
35.500000	1.036893	0.002553
35.531250	1.014829	0.001789
35.562500	1.024155	0.002077
35.593750	1.023637	0.002388
35.625000	1.032968	0.001841
35.656250	1.028998	0.001021
35.687500	1.034637	0.002768
35.718750	1.038283	0.001508
35.750000	1.025921	0.001371
35.781250	1.039941	0.002562
35.812500	1.031707	0.001726
35.843750	1.046054	0.001906
35.875000	1.036739	0.001170
35.906250	1.032592	0.001007
35.937500	1.049796	0.001248
35.968750	1.036207	0.002701
36.000000	1.042204	0.002381
36.031250	1.037240	0.001304
36.062500	1.028928	0.001030
36.093750	1.036590	0.002974
36.125000	1.030875	0.002470
36.156250	1.020988	0.001234
36.187500	1.018644	0.002413
36.218750	1.019637	0.001342
36.250000	1.023837	0.002283
36.281250	1.017456	0.002509
36.312500	1.020755	0.002282
36.343750	1.022495	0.001955
36.375000	1.017792	0.001484
36.406250	1.009993	0.002837
36.437500	1.016292	0.001276
36.468750	1.007065	0.001201
36.500000	1.011994	0.002247
36.531250	1.011061	0.002687
36.562500	1.022559	0.002051
36.593750	0.998449	0.001162
36.625000	1.007273	0.001903
36.656250	0.996901	0.002029
36.687500	1.009864	0.001216
36.718750	1.000980	0.001068
36.750000	1.001017	0.001946
36.781250	0.996686	0.002839
36.812500	1.000028	0.001813
36.843750	0.989704	0.001853
36.875000	0.988104	0.001031
36.906250	0.984755	0.002439
36.937500	0.982067	0.001671
36.968750	0.992464	0.002628
37.000000	0.997461	0.001652
37.031250	0.988085	0.001810
37.062500	0.998197	0.002274
37.093750	0.994682	0.002255
37.125000	0.981117	0.001330
37.156250	1.001069	0.001347
37.187500	0.970957	0.001717
37.218750	0.976091	0.001569
37.250000	0.985532	0.001983
37.281250	0.977879	0.002050
37.312500	0.969984	0.002406
37.343750	0.982623	0.001244
37.375000	0.984007	0.001842
37.406250	0.965375	0.002726
37.437500	0.977642	0.001029
37.468750	0.976027	0.001268
37.500000	0.963424	0.001682
37.531250	0.965063	0.001117
37.562500	0.974831	0.001678
37.593750	0.968063	0.002931
37.625000	0.973785	0.001515
37.656250	0.961411	0.001476
37.687500	0.953611	0.001617
37.718750	0.963403	0.001773
37.750000	0.963688	0.002804
37.781250	0.956449	0.002613
37.812500	0.963242	0.001985
37.843750	0.962783	0.002843
37.875000	0.970944	0.002255
37.906250	0.955383	0.002081
37.937500	0.962940	0.001428
37.968750	0.968588	0.001896
38.000000	0.964169	0.002953
38.031250	0.970267	0.002542
38.062500	0.970178	0.001419
38.093750	0.972958	0.002767
38.125000	0.981626	0.001685
38.156250	0.966793	0.002404
38.187500	0.976922	0.002256
38.218750	0.982981	0.002664
38.250000	0.990129	0.002743
38.281250	0.990530	0.002058
38.312500	0.996070	0.001984
38.343750	0.998934	0.001106
38.375000	0.999620	0.001558
38.406250	0.988842	0.002070
38.437500	1.004152	0.002765
38.468750	1.003169	0.002584
38.500000	1.008848	0.002632
38.531250	1.015703	0.001872
38.562500	1.013268	0.002463
38.593750	1.017362	0.001302
38.625000	1.028851	0.002436
38.656250	1.021201	0.002077
38.687500	1.037192	0.001889
38.718750	1.032140	0.002257
38.750000	1.037866	0.002223
38.781250	1.038093	0.001969
38.812500	1.035388	0.001350
38.843750	1.032960	0.001044
38.875000	1.033604	0.002370
38.906250	1.039130	0.001306
38.937500	1.043766	0.002455
38.968750	1.037519	0.002735
39.000000	1.043503	0.002470
39.031250	1.053219	0.001870
39.062500	1.056623	0.001964
39.093750	1.036359	0.001490
39.125000	1.042990	0.001402
39.156250	1.027694	0.001022
39.187500	1.033233	0.002823
39.218750	1.028474	0.001025
39.250000	1.035391	0.002282
39.281250	1.024838	0.001044
39.312500	1.034120	0.002317
39.343750	1.019878	0.001145
39.375000	1.023131	0.001518
39.406250	1.023109	0.002279
39.437500	1.030396	0.001855
39.468750	1.023146	0.002887
39.500000	1.026385	0.002540
39.531250	1.020879	0.001118
39.562500	1.027277	0.001694
39.593750	1.020467	0.001520
39.625000	1.019487	0.002377
39.656250	1.014417	0.001840
39.687500	1.022283	0.001493
39.718750	1.006835	0.001845
39.750000	0.998172	0.001275
39.781250	1.000102	0.001532
39.812500	1.006620	0.002004
39.843750	1.005731	0.001546
39.875000	1.003235	0.002219
39.906250	0.998734	0.001015
39.937500	1.001261	0.001524
39.968750	1.009903	0.002433
40.000000	0.993108	0.002237
40.031250	0.995257	0.002612
40.062500	0.998608	0.002357
40.093750	0.995335	0.002893
40.125000	0.998614	0.002728
40.156250	0.986493	0.002028
40.187500	1.001876	0.001105
40.218750	0.991214	0.002942
40.250000	0.980541	0.002670
40.281250	0.984359	0.002230
40.312500	0.986068	0.002288
40.343750	0.983298	0.001242
40.375000	0.983617	0.002864
40.406250	0.980392	0.002868
40.437500	0.985078	0.001960
40.468750	0.983647	0.001473
40.500000	0.971206	0.002963
40.531250	0.983822	0.002035
40.562500	0.972508	0.002131
40.593750	0.981045	0.001418
40.625000	0.963833	0.002288
40.656250	0.969158	0.001896
40.687500	0.971763	0.001303
40.718750	0.958472	0.001481
40.750000	0.978563	0.001062
40.781250	0.964219	0.002009
40.812500	0.963704	0.002654
40.843750	0.961474	0.002985
40.875000	0.963431	0.001544
40.906250	0.963512	0.001187
40.937500	0.960659	0.002531
40.968750	0.966810	0.002364
41.000000	0.963265	0.001580
41.031250	0.964610	0.002716
41.062500	0.953983	0.001466
41.093750	0.969210	0.001604
41.125000	0.961940	0.001337
41.156250	0.969524	0.001300
41.187500	0.962356	0.002292
41.218750	0.968213	0.001904
41.250000	0.962995	0.002094
41.281250	0.969838	0.001565
41.312500	0.974566	0.002623
41.343750	0.978408	0.002548
41.375000	0.979936	0.002930
41.406250	0.982524	0.001442
41.437500	0.987827	0.002747
41.468750	0.981327	0.001711
41.500000	0.998614	0.002654
41.531250	0.989187	0.001410
41.562500	0.998428	0.001220
41.593750	1.011896	0.002168
41.625000	1.008906	0.002049
41.656250	1.009394	0.002764
41.687500	1.009227	0.001987
41.718750	1.010588	0.002256
41.750000	1.020034	0.001018
41.781250	1.011515	0.001139
41.812500	1.023771	0.001555
41.843750	1.020940	0.001050
41.875000	1.023030	0.002104
41.906250	1.035992	0.001775
41.937500	1.043493	0.001400
41.968750	1.039530	0.002251
42.000000	1.035141	0.001918
42.031250	1.035712	0.002115
42.062500	1.035215	0.002708
42.093750	1.043211	0.001352
42.125000	1.050205	0.002304
42.156250	1.031793	0.001399
42.187500	1.043797	0.002903
42.218750	1.042871	0.001365
42.250000	1.037366	0.002614
42.281250	1.038540	0.002017
42.312500	1.037804	0.002797
42.343750	1.047478	0.002961
42.375000	1.028806	0.001539
42.406250	1.035835	0.001143
42.437500	1.034315	0.001565
42.468750	1.032901	0.001406
42.500000	1.027079	0.001017
42.531250	1.030847	0.002576
42.562500	1.028818	0.002803
42.593750	1.031962	0.002859
42.625000	1.030776	0.002491
42.656250	1.034251	0.002556
42.687500	1.021506	0.002972
42.718750	1.019162	0.001920
42.750000	1.016998	0.002878
42.781250	1.012538	0.001582
42.812500	1.020886	0.002392
42.843750	1.012151	0.001534
42.875000	1.011783	0.001776
42.906250	1.010240	0.002020
42.937500	0.998566	0.002584
42.968750	1.004156	0.001627
43.000000	1.002220	0.001532
43.031250	1.003310	0.002359
43.062500	1.000368	0.002908
43.093750	1.006625	0.001608
43.125000	1.001380	0.002265
43.156250	1.009589	0.001749
43.187500	1.009673	0.002120
43.218750	1.001057	0.001088
43.250000	0.991329	0.001710
43.281250	0.997269	0.001139
43.312500	0.996390	0.002925
43.343750	1.001359	0.001240
43.375000	1.006991	0.002788
43.406250	0.983799	0.002009
43.437500	0.991982	0.001881
43.468750	0.983450	0.001076
43.500000	0.978794	0.001823
43.531250	0.987788	0.002964
43.562500	0.984343	0.002626
43.593750	0.982257	0.002561
43.625000	0.987369	0.002099
43.656250	0.988652	0.002313
43.687500	0.978558	0.002464
43.718750	0.975478	0.002542
43.750000	0.972149	0.002092
43.781250	0.967182	0.002672
43.812500	0.972523	0.002376
43.843750	0.968608	0.001145
43.875000	0.967200	0.002344
43.906250	0.973418	0.001071
43.937500	0.966235	0.001319
43.968750	0.972319	0.001904
44.000000	0.952296	0.002911
44.031250	0.974134	0.001429
44.062500	0.969764	0.002881
44.093750	0.970973	0.001687
44.125000	0.963532	0.002590
44.156250	0.961801	0.001376
44.187500	0.971295	0.001305
44.218750	0.967125	0.001563
44.250000	0.972320	0.002125
44.281250	0.969481	0.001127
44.312500	0.966903	0.001652
44.343750	0.955641	0.002710
44.375000	0.966084	0.001273
44.406250	0.969588	0.001843
44.437500	0.982416	0.002258
44.468750	0.980937	0.002450
44.500000	0.980552	0.002226
44.531250	0.973918	0.002352
44.562500	0.985669	0.001932
44.593750	0.977111	0.002901
44.625000	0.984253	0.002622
44.656250	0.987532	0.001942
44.687500	0.990517	0.001525
44.718750	0.997175	0.001807
44.750000	0.981642	0.001597
44.781250	1.002814	0.002897
44.812500	1.007374	0.002617
44.843750	1.001791	0.001587
44.875000	1.007375	0.002519
44.906250	1.001620	0.001125
44.937500	1.005682	0.002717
44.968750	1.022326	0.002807
45.000000	1.025848	0.002239
45.031250	1.012210	0.001021
45.062500	1.021249	0.001090
45.093750	1.029441	0.001436
45.125000	1.020586	0.002843
45.156250	1.018286	0.002804
45.187500	1.025612	0.002391
45.218750	1.025767	0.002283
45.250000	1.023888	0.002649
45.281250	1.032478	0.001318
45.312500	1.028347	0.001676
45.343750	1.032199	0.002903
45.375000	1.029425	0.001391
45.406250	1.028439	0.002877
45.437500	1.039934	0.001408
45.468750	1.053556	0.002243
45.500000	1.044178	0.002063
45.531250	1.039339	0.001760
45.562500	1.039146	0.001626
45.593750	1.027017	0.001365
45.625000	1.032384	0.001705
45.656250	1.027309	0.001777
45.687500	1.027219	0.002170
45.718750	1.020332	0.001594
45.750000	1.021644	0.001476
45.781250	1.028535	0.001510
45.812500	1.027006	0.001121
45.843750	1.030176	0.002277
45.875000	1.023085	0.002332
45.906250	1.016104	0.002858
45.937500	1.024636	0.001393
45.968750	1.009577	0.002197
46.000000	1.024322	0.001633
46.031250	1.022037	0.001373
46.062500	1.005226	0.002723
46.093750	1.011641	0.002112
46.125000	0.998115	0.002268
46.156250	1.008415	0.001142
46.187500	1.013813	0.002911
46.218750	1.007239	0.001489
46.250000	1.014516	0.001877
46.281250	1.003939	0.002922
46.312500	1.013976	0.001068
46.343750	0.999458	0.001476
46.375000	1.010090	0.002385
46.406250	0.996432	0.001660
46.437500	1.012429	0.002949
46.468750	0.997741	0.002645
46.500000	0.986981	0.001658
46.531250	0.990128	0.001502
46.562500	0.984424	0.002459
46.593750	0.990377	0.002760
46.625000	1.004183	0.001462
46.656250	0.983758	0.002563
46.687500	0.986650	0.002457
46.718750	0.985666	0.001141
46.750000	0.980311	0.001886
46.781250	0.986273	0.001862
46.812500	0.983901	0.001344
46.843750	0.970484	0.001317
46.875000	0.983311	0.001978
46.906250	0.979612	0.001789
46.937500	0.968595	0.002366
46.968750	0.976016	0.002592
47.000000	0.969516	0.001684
47.031250	0.969269	0.002659
47.062500	0.975839	0.001374
47.093750	0.970341	0.001629
47.125000	0.967659	0.002158
47.156250	0.974607	0.001697
47.187500	0.963935	0.002776
47.218750	0.972286	0.001312
47.250000	0.972747	0.002120
47.281250	0.983305	0.001170
47.312500	0.971398	0.002951
47.343750	0.970564	0.002934
47.375000	0.971885	0.001286
47.406250	0.975555	0.001602
47.437500	0.981009	0.001950
47.468750	0.982448	0.002348
47.500000	0.980666	0.002715
47.531250	0.980799	0.001142
47.562500	0.965354	0.002921
47.593750	0.984763	0.001190
47.625000	0.989254	0.002171
47.656250	0.982690	0.002124
47.687500	0.990920	0.002261
47.718750	0.976241	0.001557
47.750000	0.985025	0.002360
47.781250	0.988968	0.002892
47.812500	0.986197	0.002237
47.843750	0.993625	0.002694
47.875000	0.995142	0.001495
47.906250	0.995499	0.001151
47.937500	0.995530	0.002697
47.968750	1.015470	0.002914
48.000000	1.002216	0.002792
48.031250	1.010126	0.001937
48.062500	0.991044	0.001941
48.093750	1.010451	0.002126
48.125000	1.000582	0.002319
48.156250	0.990780	0.001448
48.187500	1.001407	0.002412
48.218750	1.008046	0.001044
48.250000	1.011514	0.002352
48.281250	1.010516	0.001613
48.312500	1.011949	0.002160
48.343750	1.010594	0.001921
48.375000	1.015293	0.002938
48.406250	1.008209	0.001165
48.437500	1.027298	0.002187
48.468750	1.026730	0.001812
48.500000	1.018127	0.002572
48.531250	1.024823	0.001326
48.562500	1.018885	0.001665
48.593750	1.018006	0.001766
48.625000	1.027117	0.002011
48.656250	1.021038	0.002049
48.687500	1.021022	0.001066
48.718750	1.030649	0.002244
48.750000	1.017632	0.001808
48.781250	1.023878	0.001212
48.812500	1.031437	0.002527
48.843750	1.027667	0.001343
48.875000	1.025530	0.002993
48.906250	1.025848	0.001235
48.937500	1.015524	0.002660
48.968750	1.029404	0.002514
49.000000	1.024655	0.001861
49.031250	1.031873	0.002388
49.062500	1.020292	0.002987
49.093750	1.028177	0.001028
49.125000	1.020428	0.001478
49.156250	1.013480	0.002413
49.187500	1.014273	0.002530
49.218750	1.014120	0.002734
49.250000	1.022750	0.001074
49.281250	1.017121	0.001478
49.312500	1.002811	0.001245
49.343750	1.006424	0.002542
49.375000	1.015387	0.002673
49.406250	1.013242	0.001516
49.437500	1.005948	0.002323
49.468750	1.004169	0.001949
49.500000	1.008395	0.001950
49.531250	1.003437	0.002511
49.562500	1.009354	0.001865
49.593750	0.993980	0.002486
49.625000	0.998351	0.002012
49.656250	0.992527	0.002238
49.687500	0.994136	0.002150
49.718750	0.992294	0.001921
49.750000	0.993233	0.001255
49.781250	0.986826	0.002545
49.812500	0.998733	0.002254
49.843750	0.994597	0.001553
49.875000	0.983393	0.002692
49.906250	0.978557	0.001625
49.937500	0.988172	0.002202
49.968750	0.976445	0.001222
50.000000	0.986927	0.002255
50.031250	0.974766	0.002351
50.062500	0.982475	0.002246
50.093750	0.978406	0.001677
50.125000	0.984172	0.002641
50.156250	0.973334	0.001614
50.187500	0.976191	0.002568
50.218750	0.976380	0.002605
50.250000	0.976281	0.002877
50.281250	0.965098	0.002892
50.312500	0.970798	0.001387
50.343750	0.977807	0.002248
50.375000	0.981989	0.002648
50.406250	0.975887	0.002783
50.437500	0.975352	0.002552
50.468750	0.977224	0.001019
50.500000	0.970935	0.002858
50.531250	0.984979	0.001166
50.562500	0.986368	0.001404
50.593750	0.993209	0.001277
50.625000	0.986661	0.002925
50.656250	1.000276	0.001444
50.687500	0.985055	0.001012
50.718750	0.992019	0.001768
50.750000	0.990416	0.001658
50.781250	0.988423	0.001446
50.812500	0.988693	0.002041
50.843750	0.996515	0.002354
50.875000	0.993347	0.001105
50.906250	1.001435	0.001154
50.937500	0.993908	0.001915
50.968750	0.999581	0.002411
51.000000	0.994135	0.002468
51.031250	0.993019	0.002528
51.062500	1.007971	0.001129
51.093750	0.995053	0.002741
51.125000	0.993944	0.001621
51.156250	1.000487	0.001939
51.187500	1.010210	0.002622
51.218750	0.997598	0.001900
51.250000	1.002409	0.001256
51.281250	0.993932	0.001353
51.312500	0.999386	0.001887
51.343750	1.005386	0.002489
51.375000	0.998447	0.001400
51.406250	1.004307	0.001869
51.437500	1.001827	0.002088
51.468750	0.998546	0.002591
51.500000	1.000429	0.002136
51.531250	0.999595	0.002738
51.562500	1.002561	0.001939
51.593750	1.002354	0.001681
51.625000	1.000982	0.002385
51.656250	1.011955	0.001053
51.687500	1.004184	0.001872
51.718750	1.007241	0.002663
51.750000	1.001709	0.002501
51.781250	1.001190	0.002229
51.812500	1.010653	0.002202
51.843750	1.018192	0.002242
51.875000	1.010006	0.002925
51.906250	1.011750	0.002332
51.937500	1.018098	0.001790
51.968750	1.012118	0.001982
52.000000	1.023787	0.001368
52.031250	1.008629	0.001852
52.062500	1.012206	0.001711
52.093750	1.018115	0.001910
52.125000	1.010367	0.002949
52.156250	1.027433	0.001037
52.187500	1.017466	0.002580
52.218750	1.015057	0.002739
52.250000	1.016653	0.002948
52.281250	1.020500	0.002223
52.312500	1.001718	0.002108
52.343750	1.003372	0.002342
52.375000	1.026050	0.001059
52.406250	1.017219	0.002396
52.437500	1.019462	0.001315
52.468750	1.018292	0.001887
52.500000	1.017214	0.001605
52.531250	1.019439	0.001012
52.562500	1.018464	0.002064
52.593750	1.005212	0.002256
52.625000	1.013183	0.002659
52.656250	1.009872	0.002718
52.687500	1.010552	0.002140
52.718750	1.010720	0.001009
52.750000	0.998600	0.002746
52.781250	1.000632	0.002389
52.812500	1.007285	0.002704
52.843750	0.999400	0.002069
52.875000	0.987931	0.002439
52.906250	0.985392	0.002988
52.937500	0.983627	0.002996
52.968750	0.987733	0.002725
53.000000	0.981589	0.002757
53.031250	0.982477	0.002051
53.062500	0.985647	0.001861
53.093750	0.980204	0.002574
53.125000	0.982615	0.001821
53.156250	0.984197	0.001055
53.187500	0.983920	0.001471
53.218750	0.976779	0.001355
53.250000	0.974983	0.001617
53.281250	0.985982	0.001647
53.312500	0.978162	0.001070
53.343750	0.976678	0.002777
53.375000	0.981685	0.002133
53.406250	0.974724	0.001221
53.437500	0.963906	0.002582
53.468750	0.976595	0.002483
53.500000	0.983266	0.001277
53.531250	0.976843	0.001907
53.562500	0.986508	0.002980
53.593750	0.988133	0.002996
53.625000	0.977960	0.002710
53.656250	0.993644	0.002006
53.687500	0.985628	0.001603
53.718750	0.995361	0.002611
53.750000	0.988857	0.001880
53.781250	1.002394	0.002010
53.812500	0.988260	0.002760
53.843750	0.996270	0.002729
53.875000	0.994984	0.002909
53.906250	0.994338	0.002090
53.937500	1.001226	0.001268
53.968750	1.000143	0.001796
54.000000	0.998691	0.002489
54.031250	1.004036	0.001932
54.062500	1.007987	0.001923
54.093750	1.000387	0.001378
54.125000	0.993423	0.001433
54.156250	1.000867	0.001463
54.187500	1.008776	0.002227
54.218750	0.996573	0.002427
54.250000	0.988142	0.002640
54.281250	0.996249	0.002170
54.312500	0.995094	0.001030
54.343750	0.995277	0.001326
54.375000	1.010864	0.001716
54.406250	1.006924	0.001167
54.437500	0.999143	0.002024
54.468750	1.007110	0.002356
54.500000	0.991983	0.002260
54.531250	1.009170	0.001571
54.562500	0.997823	0.001592
54.593750	0.983799	0.002000
54.625000	0.997974	0.002852
54.656250	0.981448	0.002308
54.687500	1.008492	0.001645
54.718750	0.998662	0.002568
54.750000	0.986760	0.002328
54.781250	1.001521	0.001667
54.812500	1.007681	0.002757
54.843750	0.993275	0.002902
54.875000	1.005562	0.002985
54.906250	0.994728	0.002357
54.937500	0.989535	0.001322
54.968750	1.003268	0.002868
55.000000	1.009380	0.002128
55.031250	1.002503	0.002769
55.062500	1.001919	0.001826
55.093750	1.011362	0.002056
55.125000	1.014573	0.002841
55.156250	1.006910	0.002777
55.187500	1.005561	0.001746
55.218750	1.013130	0.001765
55.250000	1.028778	0.001914
55.281250	1.010380	0.001830
55.312500	1.008072	0.001364
55.343750	1.007373	0.002859
55.375000	1.008033	0.002979
55.406250	1.023583	0.001036
55.437500	1.013810	0.002382
55.468750	1.022862	0.001092
55.500000	1.019551	0.002305
55.531250	1.013459	0.002459
55.562500	1.016643	0.002817
55.593750	1.023846	0.002445
55.625000	1.021902	0.002373
55.656250	1.021540	0.001220
55.687500	1.025223	0.002939
55.718750	1.007081	0.001879
55.750000	1.015207	0.002080
55.781250	1.020322	0.002972
55.812500	1.020237	0.001376
55.843750	1.006732	0.002535
55.875000	1.000291	0.001983
55.906250	1.010168	0.001701
55.937500	1.006196	0.002795
55.968750	0.999642	0.002637
56.000000	0.998101	0.001256
56.031250	0.996674	0.001866
56.062500	1.001069	0.001008
56.093750	0.992671	0.001720
56.125000	0.985581	0.002072
56.156250	0.999909	0.002424
56.187500	0.993894	0.002115
56.218750	0.978884	0.001723
56.250000	0.971572	0.001748
56.281250	0.978289	0.002268
56.312500	0.991680	0.001226
56.343750	0.993265	0.002749
56.375000	0.987913	0.001217
56.406250	0.984796	0.002949
56.437500	0.982479	0.002429
56.468750	0.975802	0.002788
56.500000	0.981371	0.001497
56.531250	0.985145	0.002630
56.562500	0.989437	0.002533
56.593750	0.978164	0.002605
56.625000	0.984474	0.002765
56.656250	0.980127	0.001675
56.687500	0.981245	0.001115
56.718750	0.986890	0.002826
56.750000	0.987355	0.002584
56.781250	0.991288	0.001612
56.812500	0.989484	0.001002
56.843750	0.994523	0.001006
56.875000	0.999842	0.001730
56.906250	0.977232	0.002034
56.937500	0.986813	0.001639
56.968750	1.001609	0.002289
57.000000	0.983163	0.001902
57.031250	1.000394	0.001955
57.062500	0.996061	0.001478
57.093750	1.004148	0.001751
57.125000	0.997079	0.001348
57.156250	1.000308	0.002870
57.187500	0.999273	0.002753
57.218750	0.991973	0.002387
57.250000	0.997230	0.002569
57.281250	0.992990	0.001569
57.312500	1.007595	0.001113
57.343750	1.003609	0.001447
57.375000	0.990540	0.001107
57.406250	1.004452	0.002120
57.437500	1.001464	0.001187
57.468750	0.990199	0.001602
57.500000	0.992922	0.001023
57.531250	1.008071	0.002619
57.562500	0.993086	0.002753
57.593750	1.004881	0.001018
57.625000	1.003307	0.001833
57.656250	0.997753	0.002274
57.687500	1.000105	0.001111
57.718750	1.005528	0.002439
57.750000	0.996947	0.001937
57.781250	0.989572	0.002047
57.812500	1.005298	0.002084
57.843750	0.992901	0.001128
57.875000	1.004893	0.001283
57.906250	0.999518	0.002392
57.937500	1.006649	0.001710
57.968750	0.994812	0.001956
58.000000	1.000540	0.001123
58.031250	1.002708	0.002086
58.062500	1.009125	0.001956
58.093750	0.999357	0.002408
58.125000	1.000162	0.001574
58.156250	1.004615	0.001806
58.187500	1.003613	0.001486
58.218750	1.008988	0.002689
58.250000	1.008126	0.001707
58.281250	1.010534	0.002433
58.312500	1.014413	0.001966
58.343750	1.011416	0.002026
58.375000	1.007035	0.002001
58.406250	1.017038	0.002588
58.437500	1.018725	0.002471
58.468750	1.014142	0.001007
58.500000	1.012044	0.002709
58.531250	1.009651	0.001996
58.562500	1.013829	0.002944
58.593750	1.019049	0.001154
58.625000	1.022373	0.002074
58.656250	1.025921	0.001324
58.687500	1.020409	0.001938
58.718750	1.020773	0.002386
58.750000	1.020006	0.002098
58.781250	1.025709	0.001263
58.812500	1.017314	0.002837
58.843750	1.000038	0.001549
58.875000	1.021305	0.002324
58.906250	1.007520	0.001365
58.937500	1.012243	0.001547
58.968750	1.014082	0.001594
59.000000	1.003891	0.001768
59.031250	1.010892	0.001610
59.062500	1.011819	0.001418
59.093750	1.003792	0.001420
59.125000	1.000584	0.001398
59.156250	1.009519	0.002838
59.187500	1.000580	0.002320
59.218750	0.995716	0.001031
59.250000	0.998071	0.001464
59.281250	0.995117	0.001279
59.312500	0.997748	0.002552
59.343750	0.992725	0.002325
59.375000	0.997509	0.002846
59.406250	0.987739	0.001916
59.437500	0.978820	0.001770
59.468750	0.977572	0.002206
59.500000	0.981454	0.003000
59.531250	0.977695	0.001346
59.562500	0.975332	0.002062
59.593750	0.976058	0.002754
59.625000	0.974506	0.002829
59.656250	0.982302	0.001955
59.687500	0.974017	0.001460
59.718750	0.964539	0.001376
59.750000	0.981182	0.001564
59.781250	0.983886	0.002795
59.812500	0.986357	0.002858
59.843750	0.989597	0.002188
59.875000	0.987491	0.002217
59.906250	0.980941	0.002778
59.937500	0.976385	0.001091
59.968750	0.987419	0.001514
