# Time (days)	Flux	Error
0.000000	0.990254	0.002776
0.083333	1.007497	0.002973
0.166667	1.011209	0.002821
0.250000	1.016992	0.002823
0.333333	1.037280	0.002143
0.416667	1.031300	0.001134
0.500000	1.033255	0.001762
0.583333	1.031858	0.002376
0.666667	1.042594	0.002818
0.750000	1.033929	0.002874
0.833333	1.005792	0.002046
0.916667	0.999838	0.001786
1.000000	0.997538	0.001615
1.083333	0.999792	0.001093
1.166667	0.977028	0.002156
1.250000	0.975873	0.002887
1.333333	0.960505	0.002933
1.416667	0.961080	0.001091
1.500000	0.967122	0.002453
1.583333	0.969912	0.001351
1.666667	0.964386	0.002750
1.750000	0.975618	0.002709
1.833333	0.986444	0.002281
1.916667	0.983099	0.001103
2.000000	0.998099	0.001261
2.083333	1.003133	0.002380
2.166667	1.019190	0.002873
2.250000	1.010127	0.001282
2.333333	1.025013	0.001638
2.416667	1.017482	0.001173
2.500000	1.019416	0.002093
2.583333	1.021534	0.002648
2.666667	1.026516	0.001294
2.750000	1.014255	0.002095
2.833333	1.009313	0.001643
2.916667	1.001732	0.001654
3.000000	0.992411	0.001275
3.083333	0.989375	0.001620
3.166667	0.986253	0.002582
3.250000	0.981571	0.001729
3.333333	0.976342	0.001769
3.416667	0.967841	0.001737
3.500000	0.963081	0.001430
3.583333	0.967477	0.001880
3.666667	0.963920	0.002147
3.750000	0.991957	0.002885
3.833333	0.998565	0.002799
3.916667	0.995271	0.001129
4.000000	1.006278	0.001073
4.083333	1.007413	0.002679
4.166667	1.002651	0.002788
4.250000	1.012725	0.001505
4.333333	1.028742	0.002294
4.416667	1.032396	0.002229
4.500000	1.037364	0.001449
4.583333	1.025092	0.001678
4.666667	1.017582	0.001137
4.750000	1.003837	0.002833
4.833333	0.996322	0.001009
4.916667	1.007020	0.001469
5.000000	0.991396	0.002930
5.083333	0.997646	0.002170
5.166667	0.977374	0.002635
5.250000	0.984889	0.001738
5.333333	0.985488	0.001497
5.416667	0.969462	0.002629
5.500000	0.980059	0.001165
5.583333	0.978688	0.002149
5.666667	0.988753	0.001096
5.750000	0.985864	0.001264
5.833333	0.998722	0.002885
5.916667	0.996971	0.002347
6.000000	1.000455	0.002010
6.083333	1.010956	0.002213
6.166667	1.012315	0.001991
6.250000	1.021239	0.001266
6.333333	1.015067	0.001908
6.416667	1.026102	0.001282
6.500000	1.000931	0.001215
6.583333	1.014194	0.002130
6.666667	1.002923	0.001993
6.750000	1.001125	0.001978
6.833333	0.997891	0.002503
6.916667	0.994155	0.001057
7.000000	0.983048	0.002419
7.083333	0.994636	0.002560
7.166667	0.986158	0.002908
7.250000	1.004142	0.001314
7.333333	0.979896	0.001579
7.416667	0.988144	0.001392
7.500000	0.984816	0.002893
7.583333	0.983813	0.002136
7.666667	1.005082	0.002483
7.750000	0.994860	0.002259
7.833333	0.998213	0.002642
7.916667	1.014858	0.002449
8.000000	1.001379	0.001148
8.083333	1.024330	0.002526
8.166667	1.009425	0.002808
8.250000	1.009028	0.002229
8.333333	1.014361	0.001920
8.416667	0.999814	0.002059
8.500000	0.997569	0.002288
8.583333	1.003340	0.002451
8.666667	0.990057	0.001859
8.750000	1.005106	0.002284
8.833333	0.998635	0.002219
8.916667	0.995511	0.002854
9.000000	0.990585	0.002610
9.083333	0.992205	0.001818
9.166667	0.999055	0.001895
9.250000	0.989843	0.002758
9.333333	0.977691	0.002753
9.416667	0.997868	0.001776
9.500000	0.982042	0.002982
9.583333	1.003556	0.002628
9.666667	1.001128	0.001483
9.750000	1.000281	0.001570
9.833333	1.001854	0.002912
9.916667	0.994109	0.001971
10.000000	1.018157	0.001951
10.083333	1.011100	0.002843
10.166667	1.013217	0.001948
10.250000	0.999558	0.002074
10.333333	0.999472	0.001945
10.416667	1.000018	0.001705
10.500000	1.001421	0.001324
10.583333	0.994863	0.002159
10.666667	1.000698	0.002784
10.750000	0.984936	0.002503
10.833333	0.987218	0.002650
10.916667	0.991313	0.002897
11.000000	0.983319	0.002617
11.083333	0.986892	0.002559
11.166667	1.001826	0.001608
11.250000	0.995826	0.001234
11.333333	0.990172	0.002468
11.416667	1.000303	0.002110
11.500000	0.990116	0.002917
11.583333	1.002789	0.002326
11.666667	0.999825	0.001883
11.750000	1.005781	0.001633
11.833333	1.010707	0.001469
11.916667	1.008616	0.001223
12.000000	1.002542	0.001116
12.083333	1.011273	0.001243
12.166667	1.013570	0.001360
12.250000	1.008954	0.002580
12.333333	1.001944	0.002227
12.416667	0.999458	0.002919
12.500000	1.000453	0.001863
12.583333	0.995071	0.002559
12.666667	0.990012	0.001786
12.750000	0.986175	0.002181
12.833333	0.976019	0.001402
12.916667	0.987754	0.001791
13.000000	0.988634	0.001297
13.083333	0.986233	0.002743
13.166667	0.993859	0.001298
13.250000	0.996244	0.001979
13.333333	0.990209	0.001447
13.416667	1.005069	0.002038
13.500000	1.000079	0.001296
13.583333	1.002598	0.002364
13.666667	1.013482	0.001526
13.750000	1.012856	0.001585
13.833333	1.008812	0.001559
13.916667	1.017263	0.001280
14.000000	1.012389	0.001158
14.083333	1.010306	0.002427
14.166667	1.008901	0.002063
14.250000	1.004095	0.002799
14.333333	1.006199	0.001813
14.416667	1.002872	0.002890
14.500000	0.981290	0.001175
14.583333	1.001555	0.002857
14.666667	0.996671	0.001033
14.750000	0.986089	0.002306
14.833333	0.993019	0.001161
14.916667	0.990392	0.002050
15.000000	0.972329	0.001821
15.083333	0.984980	0.002570
15.166667	1.000880	0.002952
15.250000	0.990985	0.001501
15.333333	0.995799	0.001017
15.416667	1.006871	0.001238
15.500000	0.986725	0.002365
15.583333	1.014124	0.002059
15.666667	0.999658	0.002016
15.750000	1.010080	0.001636
15.833333	1.013364	0.001160
15.916667	0.997544	0.002423
16.000000	1.006154	0.002547
16.083333	1.007112	0.001390
16.166667	1.010663	0.002649
16.250000	1.022567	0.002727
16.333333	0.998489	0.001371
16.416667	0.999022	0.002087
16.500000	1.003181	0.002297
16.583333	0.993297	0.002695
16.666667	1.001049	0.001555
16.750000	0.986913	0.002099
16.833333	0.994431	0.001122
16.916667	0.984414	0.001586
17.000000	0.985185	0.002724
17.083333	0.988433	0.002484
17.166667	0.993310	0.002986
17.250000	0.995345	0.002337
17.333333	0.998301	0.002472
17.416667	0.990458	0.002853
17.500000	0.997049	0.002218
17.583333	0.995419	0.002591
17.666667	1.009724	0.001492
17.750000	1.012667	0.001655
17.833333	1.013944	0.002911
17.916667	1.007061	0.002679
18.000000	1.004858	0.001637
18.083333	1.012411	0.001692
18.166667	1.010487	0.002822
18.250000	1.025362	0.001151
18.333333	1.001597	0.002830
18.416667	1.001531	0.002681
18.500000	1.004835	0.002853
18.583333	0.998335	0.001215
18.666667	0.994966	0.002447
18.750000	0.994663	0.002540
18.833333	0.994446	0.001540
18.916667	0.988640	0.001956
19.000000	1.001401	0.002798
19.083333	0.983636	0.001176
19.166667	0.993241	0.001034
19.250000	0.996393	0.001761
19.333333	0.985906	0.001771
19.416667	0.994047	0.001874
19.500000	1.000864	0.001945
19.583333	0.995036	0.001227
19.666667	0.988170	0.002938
19.750000	0.996703	0.001356
19.833333	0.986299	0.001739
19.916667	0.986305	0.002640
20.000000	0.991381	0.002841
20.083333	0.990414	0.002499
20.166667	0.996396	0.001054
20.250000	1.020710	0.002795
20.333333	1.001027	0.001928
20.416667	0.999505	0.002741
20.500000	1.007280	0.002569
20.583333	1.002162	0.002108
20.666667	1.001457	0.001659
20.750000	1.017050	0.001555
20.833333	1.008141	0.001319
20.916667	0.998984	0.002403
21.000000	0.993339	0.002770
21.083333	1.006475	0.001916
21.166667	0.997138	0.001297
21.250000	0.991610	0.001657
21.333333	0.995143	0.002455
21.416667	0.995407	0.001796
21.500000	0.979670	0.002576
21.583333	0.999022	0.002169
21.666667	0.997464	0.001036
21.750000	0.987802	0.001548
21.833333	0.986514	0.001547
21.916667	0.992476	0.002547
22.000000	0.986902	0.001315
22.083333	0.994420	0.001501
22.166667	0.996619	0.002352
22.250000	0.998524	0.001114
22.333333	1.003571	0.002514
22.416667	1.005593	0.002074
22.500000	1.009026	0.002456
22.583333	1.011801	0.001723
22.666667	1.018408	0.002057
22.750000	1.013637	0.002263
22.833333	1.011086	0.001672
22.916667	0.997196	0.002119
23.000000	1.006182	0.001854
23.083333	0.979153	0.002059
23.166667	1.001542	0.002746
23.250000	1.007362	0.002609
23.333333	0.993667	0.002492
23.416667	0.992859	0.001932
23.500000	1.005388	0.001392
23.583333	0.974176	0.001947
23.666667	0.988076	0.002727
23.750000	0.993980	0.001660
23.833333	0.986946	0.001934
23.916667	0.982895	0.002698
24.000000	0.997687	0.001104
24.083333	1.001687	0.001759
24.166667	0.992890	0.002904
24.250000	0.992224	0.002310
24.333333	0.998932	0.002805
24.416667	1.002035	0.002948
24.500000	1.009073	0.002307
24.583333	1.017106	0.001838
24.666667	1.007429	0.001262
24.750000	1.019998	0.002347
24.833333	1.004449	0.002079
24.916667	1.021294	0.001327
25.000000	1.026968	0.001943
25.083333	1.030488	0.001144
25.166667	1.012866	0.002986
25.250000	1.002409	0.001465
25.333333	1.003428	0.001509
25.416667	0.989809	0.002924
25.500000	0.990584	0.001575
25.583333	0.978827	0.002828
25.666667	0.973948	0.002978
25.750000	0.969323	0.001403
25.833333	0.983479	0.002912
25.916667	0.976039	0.001545
26.000000	0.972106	0.002718
26.083333	0.989833	0.001672
26.166667	0.987626	0.001375
26.250000	0.984988	0.001043
26.333333	1.010722	0.001963
26.416667	1.012231	0.001913
26.500000	1.013262	0.002570
26.583333	1.022097	0.002603
26.666667	1.024190	0.001199
26.750000	1.011214	0.002786
26.833333	1.008172	0.001660
26.916667	1.022273	0.002863
