# Time (days)	Flux	Error
0.000000	0.994582	0.002228
0.031250	1.005486	0.001246
0.062500	1.012153	0.001148
0.093750	1.010413	0.001867
0.125000	1.016606	0.001879
0.156250	1.026182	0.002522
0.187500	1.020445	0.002052
0.218750	1.032236	0.001543
0.250000	1.032626	0.002614
0.281250	1.026639	0.001461
0.312500	1.032142	0.001414
0.343750	1.034097	0.002733
0.375000	1.037591	0.002272
0.406250	1.035160	0.001858
0.437500	1.024604	0.001505
0.468750	1.031068	0.001374
0.500000	1.017445	0.001389
0.531250	1.006899	0.002041
0.562500	1.019829	0.002207
0.593750	1.019336	0.001715
0.625000	1.000715	0.002989
0.656250	0.996405	0.001504
0.687500	1.004163	0.001043
0.718750	0.999486	0.002712
0.750000	0.998735	0.001307
0.781250	0.992253	0.001987
0.812500	0.986528	0.002863
0.843750	0.985864	0.001492
0.875000	0.997215	0.001665
0.906250	0.985369	0.001246
0.937500	0.992106	0.001629
0.968750	0.996978	0.002100
1.000000	0.988531	0.002779
1.031250	0.996563	0.002335
1.062500	0.998293	0.002329
1.093750	1.004751	0.002544
1.125000	1.003431	0.002115
1.156250	1.011944	0.002652
1.187500	1.008517	0.001092
1.218750	1.019811	0.001636
1.250000	1.024895	0.001403
1.281250	1.028207	0.002593
1.312500	1.026298	0.001922
1.343750	1.030010	0.002839
1.375000	1.029884	0.002919
1.406250	1.037310	0.002689
1.437500	1.044034	0.002017
1.468750	1.046388	0.002309
1.500000	1.041213	0.001017
1.531250	1.033197	0.001390
1.562500	1.041523	0.001420
1.593750	1.041055	0.002814
1.625000	1.033305	0.001043
1.656250	1.034638	0.002578
1.687500	1.030200	0.001386
1.718750	1.032987	0.001650
1.750000	1.022688	0.002487
1.781250	1.017288	0.001372
1.812500	1.010264	0.001596
1.843750	1.009451	0.001681
1.875000	1.013915	0.001551
1.906250	0.994811	0.001998
1.937500	0.999070	0.001894
1.968750	0.987508	0.002897
2.000000	0.987682	0.001877
2.031250	0.994763	0.001895
2.062500	0.990246	0.002430
2.093750	0.994487	0.002679
2.125000	0.989633	0.001791
2.156250	0.990079	0.001097
2.187500	0.986111	0.001244
2.218750	0.987610	0.002328
2.250000	0.985883	0.002191
2.281250	0.995703	0.002950
2.312500	1.009356	0.002982
2.343750	1.008090	0.002667
2.375000	1.006080	0.002076
2.406250	1.010374	0.002244
2.437500	1.019027	0.001815
2.468750	1.016605	0.002075
2.500000	1.022838	0.001557
2.531250	1.027469	0.002287
2.562500	1.027119	0.002528
2.593750	1.030571	0.001224
2.625000	1.025674	0.002936
2.656250	1.021694	0.001923
2.687500	1.031644	0.002373
2.718750	1.023386	0.001981
2.750000	1.035196	0.001405
2.781250	1.018867	0.001556
2.812500	1.019855	0.002692
2.843750	1.023941	0.002000
2.875000	1.014812	0.001570
2.906250	1.010128	0.002426
2.937500	0.994879	0.002753
2.968750	0.999986	0.002034
3.000000	1.001931	0.001503
3.031250	1.000266	0.002968
3.062500	0.994458	0.001299
3.093750	0.981184	0.001220
3.125000	0.972893	0.002782
3.156250	0.983209	0.002299
3.187500	0.976868	0.001796
3.218750	0.972244	0.001822
3.250000	0.969127	0.002761
3.281250	0.965984	0.001635
3.312500	0.971704	0.002868
3.343750	0.961700	0.001404
3.375000	0.963739	0.002846
3.406250	0.977366	0.002183
3.437500	0.975329	0.001530
3.468750	0.969464	0.001845
3.500000	0.970564	0.001699
3.531250	0.978282	0.002869
3.562500	0.984764	0.002077
3.593750	0.983615	0.001101
3.625000	0.991733	0.002257
3.656250	0.996074	0.001816
3.687500	1.003088	0.001348
3.718750	1.001421	0.001011
3.750000	0.992283	0.002179
3.781250	1.005536	0.001498
3.812500	1.012093	0.002102
3.843750	1.001223	0.001728
3.875000	1.007944	0.002150
3.906250	1.001691	0.002628
3.937500	1.002955	0.002768
3.968750	1.004391	0.001865
4.000000	1.002340	0.002356
4.031250	1.010773	0.002077
4.062500	1.002034	0.002542
4.093750	1.003704	0.002661
4.125000	0.985096	0.002301
4.156250	0.983187	0.001076
4.187500	0.988544	0.002139
4.218750	0.983181	0.001936
4.250000	0.971816	0.002169
4.281250	0.967740	0.001414
4.312500	0.961919	0.002786
4.343750	0.971225	0.002243
4.375000	0.964667	0.002751
4.406250	0.957352	0.001007
4.437500	0.960828	0.001833
4.468750	0.964797	0.002144
4.500000	0.961410	0.001809
4.531250	0.959071	0.002764
4.562500	0.947963	0.001449
4.593750	0.956000	0.001964
4.625000	0.959310	0.002540
4.656250	0.966714	0.001841
4.687500	0.978357	0.002527
4.718750	0.982653	0.001258
4.750000	0.975550	0.002907
4.781250	0.987249	0.002656
4.812500	0.987718	0.001487
4.843750	0.988155	0.001689
4.875000	1.005407	0.001578
4.906250	0.999652	0.002731
4.937500	1.010113	0.002593
4.968750	1.003708	0.001447
5.000000	1.009237	0.002462
5.031250	1.002630	0.001309
5.062500	1.006938	0.001164
5.093750	1.013819	0.002631
5.125000	1.006402	0.001823
5.156250	1.018409	0.001724
5.187500	1.005661	0.002142
5.218750	1.006207	0.002189
5.250000	1.009104	0.002772
5.281250	1.006887	0.001483
5.312500	1.005204	0.002463
5.343750	1.004438	0.002065
5.375000	0.991588	0.002529
5.406250	0.998287	0.001471
5.437500	0.981766	0.002157
5.468750	0.988153	0.002777
5.500000	0.976168	0.001884
5.531250	0.971546	0.002200
5.562500	0.981802	0.002203
5.593750	0.970841	0.002309
5.625000	0.974843	0.001660
5.656250	0.977316	0.002072
5.687500	0.979026	0.002033
5.718750	0.975660	0.001122
5.750000	0.966730	0.002231
5.781250	0.977699	0.001479
5.812500	0.980097	0.001939
5.843750	0.976215	0.001630
5.875000	0.982366	0.001847
5.906250	0.987923	0.001658
5.937500	0.997451	0.001898
5.968750	1.005973	0.001913
6.000000	1.006202	0.001591
6.031250	0.995891	0.001594
6.062500	1.018521	0.002835
6.093750	1.019255	0.001567
6.125000	1.024499	0.002742
6.156250	1.016755	0.001029
6.187500	1.032253	0.002665
6.218750	1.027106	0.002007
6.250000	1.026022	0.001245
6.281250	1.028772	0.002836
6.312500	1.033644	0.001612
6.343750	1.029239	0.002453
6.375000	1.035165	0.001736
6.406250	1.031036	0.002515
6.437500	1.032519	0.002404
6.468750	1.032531	0.002376
6.500000	1.025099	0.002345
6.531250	1.024449	0.002518
6.562500	1.013666	0.002593
6.593750	1.010354	0.001199
6.625000	1.005181	0.002851
6.656250	1.013926	0.001861
6.687500	0.993844	0.001515
6.718750	1.006750	0.002985
6.750000	1.002551	0.002945
6.781250	0.993136	0.002289
6.812500	0.993800	0.002335
6.843750	0.991408	0.001991
6.875000	0.986472	0.002104
6.906250	0.999300	0.001254
6.937500	0.994557	0.002583
6.968750	0.992949	0.002572
7.000000	0.993550	0.002763
7.031250	0.999359	0.001954
7.062500	1.005505	0.001532
7.093750	1.002033	0.002977
7.125000	1.007702	0.001279
7.156250	1.013966	0.002957
7.187500	1.009679	0.001814
7.218750	1.029037	0.002344
7.250000	1.024671	0.002729
7.281250	1.021275	0.002839
7.312500	1.025708	0.002415
7.343750	1.034306	0.001063
7.375000	1.045255	0.001788
7.406250	1.045494	0.001188
7.437500	1.046493	0.001778
7.468750	1.048256	0.001078
7.500000	1.045858	0.001409
7.531250	1.034012	0.001581
7.562500	1.050361	0.002104
7.593750	1.046844	0.001282
7.625000	1.033493	0.002470
7.656250	1.035150	0.002188
7.687500	1.037157	0.002747
7.718750	1.014107	0.002270
7.750000	1.022849	0.001426
7.781250	1.014975	0.002024
7.812500	1.013391	0.001169
7.843750	1.015451	0.002893
7.875000	1.003480	0.002297
7.906250	1.002767	0.002770
7.937500	0.999309	0.002098
7.968750	0.996821	0.001693
8.000000	0.998905	0.001415
8.031250	0.996787	0.001735
8.062500	0.986978	0.002064
8.093750	0.978476	0.002119
8.125000	0.993365	0.001636
8.156250	0.983363	0.002546
8.187500	0.990694	0.002858
8.218750	0.990714	0.001051
8.250000	0.987984	0.001678
8.281250	0.987614	0.001563
8.312500	0.997434	0.002949
8.343750	0.997508	0.002872
8.375000	0.999940	0.002415
8.406250	1.005922	0.002534
8.437500	1.011998	0.002458
8.468750	1.013669	0.002745
8.500000	1.019735	0.002779
8.531250	1.005711	0.002578
8.562500	1.015936	0.001180
8.593750	1.026443	0.002547
8.625000	1.030228	0.002599
8.656250	1.024667	0.002062
8.687500	1.031326	0.001749
8.718750	1.025422	0.002246
8.750000	1.027736	0.001661
8.781250	1.027552	0.002971
8.812500	1.026196	0.001863
8.843750	1.014948	0.002282
8.875000	1.016025	0.001570
8.906250	1.012544	0.002126
8.937500	1.002242	0.001375
8.968750	0.999558	0.001960
9.000000	0.989732	0.002939
9.031250	0.992465	0.001434
9.062500	0.982228	0.002920
9.093750	0.980729	0.002616
9.125000	0.978116	0.002578
9.156250	0.972583	0.002609
9.187500	0.969473	0.001712
9.218750	0.967427	0.001520
9.250000	0.969003	0.002958
9.281250	0.960717	0.001460
9.312500	0.965352	0.001970
9.343750	0.968039	0.002816
9.375000	0.958070	0.002331
9.406250	0.970495	0.001686
9.437500	0.965319	0.002672
9.468750	0.962178	0.002734
9.500000	0.974742	0.002815
9.531250	0.974078	0.002056
9.562500	0.972726	0.002575
9.593750	0.993786	0.002825
9.625000	0.986542	0.001489
9.656250	0.996173	0.002375
9.687500	0.997111	0.002679
9.718750	1.002049	0.002643
9.750000	0.998681	0.002394
9.781250	1.004264	0.001723
9.812500	1.001295	0.001331
9.843750	1.004466	0.001129
9.875000	1.009129	0.001705
9.906250	1.004002	0.002054
9.937500	1.008567	0.001770
9.968750	1.006024	0.001237
10.000000	1.004613	0.001913
10.031250	1.007103	0.001987
10.062500	1.001353	0.002826
10.093750	0.994976	0.001686
10.125000	0.990811	0.002809
10.156250	0.990853	0.002013
10.187500	0.985760	0.002162
10.218750	0.973401	0.002829
10.250000	0.974005	0.001754
10.281250	0.977665	0.001049
10.312500	0.966781	0.001646
10.343750	0.972825	0.001257
10.375000	0.966769	0.001253
10.406250	0.958251	0.001551
10.437500	0.944593	0.002156
10.468750	0.962197	0.002201
10.500000	0.958777	0.002082
10.531250	0.960100	0.002409
10.562500	0.963741	0.002482
10.593750	0.953724	0.002759
10.625000	0.964810	0.001443
10.656250	0.970538	0.001838
10.687500	0.968672	0.002702
10.718750	0.980377	0.001468
10.750000	0.983044	0.001998
10.781250	0.986204	0.002102
10.812500	0.991391	0.002713
10.843750	0.990512	0.002685
10.875000	0.993327	0.002060
10.906250	1.011597	0.001965
10.937500	1.010105	0.002592
10.968750	1.011432	0.002270
11.000000	0.999078	0.001495
11.031250	1.012038	0.001763
11.062500	1.005188	0.001283
11.093750	1.015201	0.001410
11.125000	1.012342	0.002575
11.156250	1.025182	0.001031
11.187500	1.023173	0.001084
11.218750	1.001839	0.001742
11.250000	1.004622	0.002472
11.281250	1.010353	0.001007
11.312500	1.003864	0.001157
11.343750	1.004357	0.001184
11.375000	1.004835	0.002613
11.406250	0.998507	0.001355
11.437500	0.996226	0.002927
11.468750	0.979112	0.001716
11.500000	0.980581	0.002073
11.531250	0.986336	0.001625
11.562500	0.972007	0.002020
11.593750	0.969546	0.002722
11.625000	0.973429	0.001623
11.656250	0.978286	0.002120
11.687500	0.968737	0.001453
11.718750	0.974062	0.002014
11.750000	0.974056	0.002493
11.781250	0.984722	0.002858
11.812500	0.976764	0.002320
11.843750	0.995383	0.002275
11.875000	0.982668	0.001118
11.906250	0.989203	0.001642
11.937500	1.000781	0.002154
11.968750	1.006333	0.001560
12.000000	1.008921	0.002092
12.031250	1.013874	0.001799
12.062500	1.023622	0.002695
12.093750	1.017978	0.001508
12.125000	1.021537	0.001385
12.156250	1.026343	0.002387
12.187500	1.035271	0.001835
12.218750	1.037684	0.002804
12.250000	1.039069	0.001157
12.281250	1.028266	0.002183
12.312500	1.033360	0.002275
12.343750	1.038276	0.002362
12.375000	1.032521	0.001819
12.406250	1.033620	0.001674
12.437500	1.049031	0.002157
12.468750	1.036083	0.001428
12.500000	1.026594	0.002294
12.531250	1.015422	0.002649
12.562500	1.007237	0.002900
12.593750	1.012365	0.001509
12.625000	1.018173	0.001087
12.656250	1.006559	0.001727
12.687500	0.997944	0.001247
12.718750	1.007622	0.002047
12.750000	0.994398	0.002131
12.781250	0.995340	0.001213
12.812500	0.994489	0.001381
12.843750	0.994610	0.002851
12.875000	0.996956	0.001656
12.906250	0.991765	0.002938
12.937500	0.992626	0.002233
12.968750	0.989155	0.002425
13.000000	0.985776	0.001369
13.031250	0.998470	0.002153
13.062500	1.006745	0.002394
13.093750	1.008852	0.001103
13.125000	1.003025	0.001624
13.156250	1.005986	0.001493
13.187500	1.009463	0.002403
13.218750	1.016628	0.001295
13.250000	1.012670	0.002397
13.281250	1.026997	0.001902
13.312500	1.030956	0.001715
13.343750	1.028007	0.002653
13.375000	1.034108	0.001213
13.406250	1.039994	0.002596
13.437500	1.036063	0.001212
13.468750	1.040259	0.002195
13.500000	1.037395	0.001001
13.531250	1.048343	0.001518
13.562500	1.044424	0.001603
13.593750	1.041147	0.002652
13.625000	1.035732	0.002480
13.656250	1.031898	0.002943
13.687500	1.022867	0.002127
13.718750	1.023004	0.001940
13.750000	1.028408	0.001484
13.781250	1.007353	0.001669
13.812500	1.002166	0.001752
13.843750	1.003627	0.001244
13.875000	1.007477	0.002315
13.906250	0.984091	0.002435
13.937500	0.987083	0.002744
13.968750	0.984090	0.002373
14.000000	0.980192	0.001384
14.031250	0.974433	0.002592
14.062500	0.985569	0.002137
14.093750	0.986343	0.001151
14.125000	0.985208	0.001464
14.156250	0.979609	0.001522
14.187500	0.985824	0.001263
14.218750	0.989314	0.002388
14.250000	0.982324	0.001750
14.281250	0.987454	0.002198
14.312500	0.990697	0.002645
14.343750	0.994096	0.002973
14.375000	1.001390	0.001466
14.406250	1.001429	0.002511
14.437500	1.010704	0.002747
14.468750	1.020009	0.002700
14.500000	1.004401	0.002958
14.531250	1.011582	0.002635
14.562500	1.026182	0.001480
14.593750	1.024072	0.001364
14.625000	1.017848	0.001911
14.656250	1.024597	0.001419
14.687500	1.018875	0.001790
14.718750	1.036614	0.001876
14.750000	1.018989	0.001630
14.781250	1.020520	0.001621
14.812500	1.019475	0.001930
14.843750	1.004088	0.001637
14.875000	1.002605	0.001365
14.906250	1.005406	0.001519
14.937500	1.009441	0.001694
14.968750	0.991219	0.001557
15.000000	1.006450	0.001988
15.031250	0.991147	0.001251
15.062500	0.986522	0.001014
15.093750	0.980099	0.001512
15.125000	0.966532	0.002929
15.156250	0.970956	0.001572
15.187500	0.963644	0.002682
15.218750	0.957677	0.001728
15.250000	0.958748	0.001704
15.281250	0.955617	0.001899
15.312500	0.956930	0.001859
15.343750	0.962739	0.002478
15.375000	0.958857	0.002835
15.406250	0.959075	0.002392
15.437500	0.962778	0.002782
15.468750	0.969765	0.001932
15.500000	0.971657	0.002775
15.531250	0.974751	0.002840
15.562500	0.986221	0.002571
15.593750	0.977238	0.002004
15.625000	0.986533	0.001722
15.656250	0.996687	0.002438
15.687500	0.991320	0.002279
15.718750	0.997692	0.002977
15.750000	1.001218	0.002483
15.781250	1.003316	0.001320
15.812500	1.003737	0.002255
15.843750	1.005623	0.002495
15.875000	1.005903	0.002104
15.906250	1.008710	0.001780
15.937500	1.001919	0.002899
15.968750	1.004194	0.001974
16.000000	1.010599	0.002503
16.031250	1.003061	0.002147
16.062500	1.002587	0.002904
16.093750	1.001059	0.001300
16.125000	0.991222	0.002681
16.156250	0.990871	0.001393
16.187500	0.984246	0.001601
16.218750	0.982976	0.002622
16.250000	0.975181	0.001290
16.281250	0.962823	0.001101
16.312500	0.968768	0.002357
16.343750	0.958685	0.001862
16.375000	0.964321	0.001801
16.406250	0.960154	0.002055
16.437500	0.953691	0.002019
16.468750	0.952915	0.001809
16.500000	0.965912	0.001151
16.531250	0.965141	0.001529
16.562500	0.969364	0.002734
16.593750	0.968709	0.001344
16.625000	0.971681	0.001341
16.656250	0.972685	0.001657
16.687500	0.967400	0.001356
16.718750	0.986477	0.002600
16.750000	0.990580	0.002277
16.781250	0.996455	0.002999
16.812500	0.990329	0.001496
16.843750	0.999514	0.002654
16.875000	1.007834	0.001364
16.906250	1.002549	0.002309
16.937500	1.008728	0.001296
16.968750	1.009091	0.001192
17.000000	1.012348	0.002653
17.031250	1.023163	0.001926
17.062500	1.020639	0.002251
17.093750	1.023756	0.002939
17.125000	1.022303	0.001265
17.156250	1.016721	0.002089
17.187500	1.018994	0.001618
17.218750	1.021080	0.001685
17.250000	1.018502	0.001870
17.281250	1.007945	0.001472
17.312500	1.014649	0.001217
17.343750	1.004071	0.001705
17.375000	1.002199	0.001520
17.406250	0.997897	0.002677
17.437500	0.987887	0.001846
17.468750	0.997493	0.002514
17.500000	0.991195	0.001786
17.531250	0.977595	0.002608
17.562500	0.973113	0.001505
17.593750	0.976405	0.002343
17.625000	0.979023	0.001930
17.656250	0.980223	0.002260
17.687500	0.976990	0.001534
17.718750	0.977653	0.002378
17.750000	0.977671	0.002885
17.781250	0.985834	0.001230
17.812500	0.986813	0.002681
17.843750	0.993111	0.002220
17.875000	0.990905	0.002620
17.906250	0.989953	0.001975
17.937500	1.004311	0.001387
17.968750	1.008050	0.001283
18.000000	1.003872	0.002820
18.031250	1.003853	0.002387
18.062500	1.018195	0.002083
18.093750	1.020756	0.001994
18.125000	1.024679	0.002392
18.156250	1.024163	0.002336
18.187500	1.028982	0.001904
18.218750	1.035010	0.002533
18.250000	1.035095	0.001961
18.281250	1.038789	0.002582
18.312500	1.049573	0.002918
18.343750	1.034937	0.002282
18.375000	1.036570	0.002013
18.406250	1.028806	0.001935
18.437500	1.034778	0.002909
18.468750	1.032171	0.001995
18.500000	1.030625	0.001693
18.531250	1.033721	0.001198
18.562500	1.020960	0.001609
18.593750	1.018081	0.001488
18.625000	1.014871	0.001840
18.656250	1.019470	0.002585
18.687500	1.011028	0.001730
18.718750	1.001534	0.002768
18.750000	1.001252	0.001643
18.781250	0.993917	0.002257
18.812500	1.002906	0.001754
18.843750	0.992054	0.001905
18.875000	0.994149	0.002529
18.906250	0.994358	0.001439
18.937500	0.995840	0.001629
18.968750	1.004282	0.001272
19.000000	1.001184	0.002720
19.031250	0.992875	0.002141
19.062500	0.999213	0.002834
19.093750	1.016712	0.002653
19.125000	1.009756	0.001008
19.156250	1.006271	0.001307
19.187500	1.010304	0.001192
19.218750	1.013712	0.002981
19.250000	1.031826	0.001521
19.281250	1.021642	0.002475
19.312500	1.031436	0.001038
19.343750	1.037179	0.002188
19.375000	1.035691	0.002760
19.406250	1.037994	0.002142
19.437500	1.040373	0.002233
19.468750	1.030371	0.002696
19.500000	1.031864	0.001356
19.531250	1.038099	0.001302
19.562500	1.033971	0.002433
19.593750	1.034894	0.001191
19.625000	1.035754	0.001179
19.656250	1.027707	0.002698
19.687500	1.027620	0.001565
19.718750	1.025782	0.002941
19.750000	1.021226	0.001317
19.781250	1.018702	0.002071
19.812500	1.004674	0.002548
19.843750	1.007659	0.001929
19.875000	1.000325	0.001707
19.906250	0.993899	0.001371
19.937500	0.990326	0.001286
19.968750	0.986438	0.002762
20.000000	0.984624	0.001150
20.031250	0.986573	0.002595
20.062500	0.974111	0.001632
20.093750	0.977291	0.001041
20.125000	0.988487	0.002016
20.156250	0.978982	0.002936
20.187500	0.974356	0.001908
20.218750	0.994456	0.002782
20.250000	0.975912	0.002308
20.281250	0.981569	0.001909
20.312500	0.985026	0.001882
20.343750	0.985533	0.001703
20.375000	0.991976	0.001386
20.406250	0.996663	0.001143
20.437500	0.995323	0.002969
20.468750	1.002143	0.002238
20.500000	1.005261	0.001592
20.531250	1.014098	0.002432
20.562500	1.010904	0.002421
20.593750	1.002544	0.001899
20.625000	1.020061	0.002037
20.656250	1.009398	0.001463
20.687500	1.022397	0.001033
20.718750	1.023248	0.001397
20.750000	1.011138	0.001943
20.781250	1.015453	0.001240
20.812500	1.007180	0.002798
20.843750	1.006935	0.002646
20.875000	1.003258	0.002091
20.906250	1.004397	0.002361
20.937500	1.006325	0.001236
20.968750	0.997882	0.002851
21.000000	0.984205	0.001722
21.031250	0.979322	0.002811
21.062500	0.970430	0.001243
21.093750	0.969059	0.001974
21.125000	0.972263	0.002850
21.156250	0.957134	0.002393
21.187500	0.963630	0.001027
21.218750	0.961506	0.001378
21.250000	0.965990	0.001325
21.281250	0.956597	0.001630
21.312500	0.957861	0.001757
21.343750	0.957008	0.001042
21.375000	0.958454	0.001245
21.406250	0.958310	0.001694
21.437500	0.960480	0.001192
21.468750	0.964345	0.002303
21.500000	0.970219	0.002766
21.531250	0.969564	0.002347
21.562500	0.976654	0.002004
21.593750	0.984377	0.001746
21.625000	0.989292	0.002122
21.656250	0.978064	0.002402
21.687500	0.995195	0.001183
21.718750	0.995406	0.001556
21.750000	0.990772	0.002418
21.781250	1.002115	0.001069
21.812500	1.001714	0.001182
21.843750	1.000019	0.002062
21.875000	1.011668	0.001200
21.906250	1.010817	0.001581
21.937500	1.003493	0.001857
21.968750	0.998496	0.002577
22.000000	1.014795	0.001655
22.031250	1.003930	0.002491
22.062500	0.997052	0.002136
22.093750	0.983311	0.001844
22.125000	0.997093	0.002605
22.156250	0.989125	0.001920
22.187500	0.984080	0.002235
22.218750	0.990845	0.001697
22.250000	0.985857	0.002381
22.281250	0.979431	0.001404
22.312500	0.969188	0.002591
22.343750	0.963709	0.001181
22.375000	0.970498	0.002045
22.406250	0.968207	0.001441
22.437500	0.959525	0.001481
22.468750	0.964119	0.001183
22.500000	0.967008	0.001373
22.531250	0.954854	0.002595
22.562500	0.964804	0.002299
22.593750	0.968960	0.002813
22.625000	0.966671	0.002349
22.656250	0.971113	0.001840
22.687500	0.979258	0.002294
22.718750	0.982398	0.001646
22.750000	0.978696	0.001015
22.781250	0.994151	0.002827
22.812500	0.993820	0.002731
22.843750	1.003900	0.001212
22.875000	0.994443	0.001516
22.906250	1.003285	0.002184
22.937500	1.013961	0.002428
22.968750	1.015469	0.002391
23.000000	1.016659	0.002927
23.031250	1.020354	0.001633
23.062500	1.021125	0.001867
23.093750	1.031421	0.002481
23.125000	1.027383	0.002904
23.156250	1.022674	0.002548
23.187500	1.030891	0.001126
23.218750	1.008619	0.002255
23.250000	1.027336	0.002444
23.281250	1.024582	0.001591
23.312500	1.012662	0.002375
23.343750	1.004944	0.001104
23.375000	1.006855	0.001485
23.406250	1.005988	0.001638
23.437500	1.005067	0.001364
23.468750	0.985198	0.001619
23.500000	0.991748	0.001399
23.531250	0.988925	0.002089
23.562500	0.986372	0.002700
23.593750	0.983418	0.002174
23.625000	0.981848	0.001320
23.656250	0.987330	0.002886
23.687500	0.988816	0.002660
23.718750	0.993788	0.002024
23.750000	0.986350	0.002244
23.781250	0.993081	0.001603
23.812500	0.988603	0.002503
23.843750	0.991443	0.001410
23.875000	0.991990	0.001884
23.906250	1.004325	0.001868
23.937500	1.003284	0.002939
23.968750	1.012385	0.001097
24.000000	1.014596	0.001679
24.031250	1.010801	0.001563
24.062500	1.022421	0.002059
24.093750	1.023247	0.001110
24.125000	1.022975	0.002958
24.156250	1.028996	0.001787
24.187500	1.033455	0.001182
24.218750	1.034136	0.002821
24.250000	1.033989	0.001846
24.281250	1.043309	0.001374
24.312500	1.042618	0.002476
24.343750	1.044065	0.002062
24.375000	1.039645	0.001429
24.406250	1.030863	0.001149
24.437500	1.035111	0.001589
24.468750	1.035033	0.002772
24.500000	1.034817	0.002596
24.531250	1.033260	0.001251
24.562500	1.026176	0.002504
24.593750	1.022801	0.002775
24.625000	1.021166	0.002224
24.656250	1.002256	0.001942
24.687500	1.008425	0.001774
24.718750	1.007796	0.002201
24.750000	0.994679	0.002663
24.781250	1.000502	0.001683
24.812500	1.001535	0.002974
24.843750	0.992147	0.001172
24.875000	0.989485	0.002488
24.906250	0.993064	0.002018
24.937500	0.995692	0.002725
24.968750	0.992089	0.002285
25.000000	1.002793	0.002832
25.031250	0.997262	0.001610
25.062500	1.002873	0.001806
25.093750	1.011077	0.001901
25.125000	0.996306	0.002309
25.156250	1.014445	0.001046
25.187500	1.018321	0.002068
25.218750	1.013816	0.002174
25.250000	1.020496	0.001858
25.281250	1.022934	0.002988
25.312500	1.027305	0.002722
25.343750	1.038796	0.002514
25.375000	1.025823	0.002321
25.406250	1.034501	0.001170
25.437500	1.035108	0.001044
25.468750	1.031378	0.002379
25.500000	1.038800	0.001904
25.531250	1.032573	0.001809
25.562500	1.031821	0.002972
25.593750	1.035364	0.001982
25.625000	1.027201	0.001447
25.656250	1.028523	0.001442
25.687500	1.028655	0.001946
25.718750	1.021251	0.001063
25.750000	1.007309	0.001084
25.781250	1.012481	0.002783
25.812500	1.006155	0.001944
25.843750	1.005575	0.001186
25.875000	0.999467	0.001659
25.906250	0.998015	0.001051
25.937500	0.991317	0.002065
25.968750	0.973817	0.002375
26.000000	0.980291	0.002824
26.031250	0.986021	0.002654
26.062500	0.978467	0.002138
26.093750	0.973108	0.001696
26.125000	0.966064	0.001649
26.156250	0.981470	0.002783
26.187500	0.973479	0.001266
26.218750	0.975586	0.002282
26.250000	0.978974	0.002816
26.281250	0.979456	0.002657
26.312500	0.983091	0.002952
26.343750	0.996387	0.002047
26.375000	0.992759	0.002840
26.406250	0.997070	0.002437
26.437500	0.989596	0.001676
26.468750	1.000097	0.001450
26.500000	1.001793	0.002445
26.531250	1.005006	0.001714
26.562500	1.011139	0.001279
26.593750	1.007943	0.002671
26.625000	1.021654	0.002683
26.656250	1.013774	0.002143
26.687500	1.014272	0.002444
26.718750	1.011257	0.001469
26.750000	1.009198	0.001246
26.781250	1.010140	0.001722
26.812500	1.017226	0.002072
26.843750	1.003540	0.001561
26.875000	1.003765	0.001408
26.906250	0.996454	0.001783
26.937500	0.997602	0.002262
26.968750	0.988872	0.002218
27.000000	0.986858	0.001191
27.031250	0.975649	0.002515
27.062500	0.983189	0.001932
27.093750	0.973192	0.002917
27.125000	0.964682	0.002822
27.156250	0.970031	0.001776
27.187500	0.962696	0.002258
27.218750	0.965724	0.002764
27.250000	0.956303	0.001501
27.281250	0.960547	0.001699
27.312500	0.949116	0.001313
27.343750	0.958757	0.001295
27.375000	0.961154	0.001677
27.406250	0.967207	0.002895
27.437500	0.964409	0.001327
27.468750	0.962030	0.002853
27.500000	0.968659	0.002818
27.531250	0.970343	0.002266
27.562500	0.975412	0.002127
27.593750	0.980789	0.001035
27.625000	0.991757	0.001209
27.656250	0.982951	0.001797
27.687500	0.998419	0.001219
27.718750	1.002859	0.001444
27.750000	1.001682	0.002404
27.781250	1.004958	0.002976
27.812500	1.002455	0.001244
27.843750	1.012585	0.002296
27.875000	1.009799	0.001754
27.906250	1.014529	0.002194
27.937500	1.005042	0.002717
27.968750	1.005964	0.002608
28.000000	1.006674	0.001773
28.031250	1.004671	0.001742
28.062500	1.001433	0.002012
28.093750	1.003443	0.001302
28.125000	0.987317	0.002947
28.156250	0.998066	0.002189
28.187500	0.985581	0.002881
28.218750	0.987074	0.002794
28.250000	0.982346	0.001729
28.281250	0.972779	0.002547
28.312500	0.979905	0.002064
28.343750	0.963518	0.002140
28.375000	0.968572	0.002482
28.406250	0.958896	0.002304
28.437500	0.966441	0.001514
28.468750	0.968104	0.002294
28.500000	0.965619	0.001023
28.531250	0.967517	0.002074
28.562500	0.976504	0.002700
28.593750	0.961338	0.002176
28.625000	0.980308	0.002732
28.656250	0.974231	0.002349
28.687500	0.970758	0.001615
28.718750	0.994360	0.001934
28.750000	0.987918	0.002133
28.781250	0.992230	0.002005
28.812500	0.998373	0.002084
28.843750	1.006011	0.001442
28.875000	1.005706	0.002122
28.906250	1.003992	0.001873
28.937500	1.025817	0.002483
28.968750	1.024709	0.001309
29.000000	1.019757	0.001245
29.031250	1.023606	0.002781
29.062500	1.021352	0.002770
29.093750	1.027941	0.001449
29.125000	1.028375	0.002232
29.156250	1.025478	0.001230
29.187500	1.031801	0.001793
29.218750	1.023292	0.001930
29.250000	1.020331	0.001822
29.281250	1.025521	0.001388
29.312500	1.010519	0.001274
29.343750	1.017361	0.001770
29.375000	1.013001	0.002642
29.406250	0.996215	0.001977
29.437500	1.001970	0.001081
29.468750	1.009667	0.001516
29.500000	0.989881	0.002014
29.531250	0.989912	0.002324
29.562500	0.998502	0.001802
29.593750	0.997139	0.002447
29.625000	0.982692	0.002000
29.656250	0.984007	0.002687
29.687500	0.987292	0.001821
29.718750	0.996852	0.001222
29.750000	0.986828	0.001490
29.781250	0.987188	0.001837
29.812500	0.995337	0.002456
29.843750	0.992893	0.002507
29.875000	0.995265	0.002990
29.906250	1.006810	0.002838
29.937500	1.011554	0.002437
29.968750	1.013271	0.002746
30.000000	1.013072	0.002523
30.031250	1.020965	0.001934
30.062500	1.031844	0.002554
30.093750	1.015910	0.002389
30.125000	1.025779	0.002939
30.156250	1.032966	0.001509
30.187500	1.037882	0.002756
30.218750	1.045517	0.001162
30.250000	1.045687	0.001046
30.281250	1.045968	0.002376
30.312500	1.041012	0.001426
30.343750	1.041564	0.002063
30.375000	1.042229	0.001585
30.406250	1.032550	0.001109
30.437500	1.040060	0.001919
30.468750	1.037326	0.002961
30.500000	1.021627	0.001023
30.531250	1.013555	0.002288
30.562500	1.016077	0.001228
30.593750	1.021673	0.001121
30.625000	1.012079	0.001473
30.656250	1.004255	0.002525
30.687500	1.008244	0.002317
30.718750	1.004323	0.002516
30.750000	1.005400	0.001645
30.781250	0.991266	0.002352
30.812500	0.992061	0.002047
30.843750	1.001335	0.002747
30.875000	0.985633	0.001872
30.906250	0.989452	0.002933
30.937500	0.988418	0.001710
30.968750	0.995514	0.002223
31.000000	0.993820	0.002158
31.031250	0.997787	0.001995
31.062500	0.998897	0.002687
31.093750	1.005725	0.002024
31.125000	1.003916	0.002554
31.156250	1.006393	0.001820
31.187500	1.007673	0.001331
31.218750	1.012567	0.001422
31.250000	1.024403	0.002586
31.281250	1.014117	0.002054
31.312500	1.031087	0.002091
31.343750	1.034678	0.002265
31.375000	1.024393	0.002869
31.406250	1.022176	0.002503
31.437500	1.025666	0.001902
31.468750	1.033639	0.002313
31.500000	1.032683	0.002508
31.531250	1.042946	0.001304
31.562500	1.024744	0.002154
31.593750	1.018462	0.001608
31.625000	1.022888	0.001830
31.656250	1.024611	0.002147
31.687500	1.025152	0.002176
31.718750	1.008188	0.002673
31.750000	1.004660	0.002617
31.781250	0.995774	0.002628
31.812500	0.997588	0.001618
31.843750	0.986410	0.001811
31.875000	0.985921	0.001069
31.906250	0.992295	0.001953
31.937500	0.987351	0.001077
31.968750	0.973046	0.002197
32.000000	0.971760	0.002112
32.031250	0.980566	0.002476
32.062500	0.975587	0.002503
32.093750	0.974205	0.001272
32.125000	0.973019	0.002581
32.156250	0.971749	0.002165
32.187500	0.968574	0.001207
32.218750	0.970727	0.002602
32.250000	0.984675	0.002470
32.281250	0.983119	0.002842
32.312500	0.991468	0.002440
32.343750	0.973173	0.002924
32.375000	0.991732	0.001124
32.406250	0.992960	0.001799
32.437500	0.997471	0.002753
32.468750	0.995548	0.001332
32.500000	1.002509	0.001672
32.531250	1.003094	0.002969
32.562500	1.001111	0.002689
32.593750	1.013861	0.001647
32.625000	1.017268	0.001148
32.656250	1.009214	0.002191
32.687500	1.007165	0.001016
32.718750	1.010551	0.002031
32.750000	1.005797	0.001576
32.781250	1.009221	0.001223
32.812500	1.002144	0.002183
32.843750	0.998843	0.001244
32.875000	0.998683	0.001727
32.906250	0.999285	0.001149
32.937500	0.984768	0.001573
32.968750	0.993808	0.001904
33.000000	0.969073	0.002925
33.031250	0.979795	0.002746
33.062500	0.971748	0.001645
33.093750	0.966870	0.002920
33.125000	0.964153	0.002149
33.156250	0.959868	0.002454
33.187500	0.961530	0.002844
33.218750	0.962633	0.001190
33.250000	0.959028	0.001197
33.281250	0.952087	0.002550
33.312500	0.947367	0.002208
33.343750	0.966151	0.001834
33.375000	0.949024	0.002806
33.406250	0.959629	0.001919
33.437500	0.956781	0.001085
33.468750	0.964144	0.001777
33.500000	0.980874	0.001529
33.531250	0.970307	0.002710
33.562500	0.978149	0.001001
33.593750	0.989543	0.002498
33.625000	0.985253	0.002042
33.656250	0.988560	0.002771
33.687500	0.994217	0.002754
33.718750	0.992747	0.002677
33.750000	1.001884	0.002460
33.781250	1.010639	0.001413
33.812500	1.008814	0.002614
33.843750	1.004340	0.002953
33.875000	1.011037	0.002033
33.906250	1.009827	0.001296
33.937500	1.005741	0.002049
33.968750	0.997413	0.001481
34.000000	1.019162	0.002800
34.031250	1.002089	0.001717
34.062500	1.004429	0.002655
34.093750	0.999050	0.001129
34.125000	0.997044	0.002838
34.156250	0.990632	0.001038
34.187500	0.988490	0.002471
34.218750	0.990836	0.002733
34.250000	0.985022	0.001677
34.281250	0.983630	0.002343
34.312500	0.972745	0.002582
34.343750	0.978406	0.001296
34.375000	0.967135	0.002569
34.406250	0.967661	0.002126
34.437500	0.972362	0.002057
34.468750	0.956521	0.002781
34.500000	0.965676	0.001035
34.531250	0.960772	0.002352
34.562500	0.975838	0.001534
34.593750	0.973830	0.001601
34.625000	0.983915	0.002886
34.656250	0.978685	0.002304
34.687500	0.982704	0.001617
34.718750	0.984681	0.002425
34.750000	0.993400	0.002711
34.781250	0.989978	0.001192
34.812500	1.005119	0.001415
34.843750	1.008766	0.001400
34.875000	1.014568	0.002915
34.906250	1.014037	0.001532
34.937500	1.017549	0.001124
34.968750	1.020422	0.001800
35.000000	1.025266	0.002792
35.031250	1.032163	0.001806
35.062500	1.022957	0.002545
35.093750	1.030307	0.002770
35.125000	1.024282	0.001751
35.156250	1.034303	0.002658
35.187500	1.028186	0.002010
35.218750	1.028479	0.002974
35.250000	1.025011	0.001476
35.281250	1.030509	0.001812
35.312500	1.025186	0.002102
35.343750	1.020651	0.001583
35.375000	1.013504	0.002429
35.406250	1.006905	0.001617
35.437500	1.008282	0.001075
35.468750	0.998511	0.002422
35.500000	1.002713	0.002427
35.531250	0.995861	0.001995
35.562500	0.993936	0.001458
35.593750	0.984933	0.002478
35.625000	0.998944	0.002094
35.656250	0.994408	0.002153
35.687500	0.989323	0.002112
35.718750	0.991305	0.001337
35.750000	0.983340	0.002111
35.781250	0.983634	0.002805
35.812500	0.991445	0.002718
35.843750	0.990968	0.001559
35.875000	0.997891	0.002747
35.906250	1.003247	0.002635
35.937500	1.015696	0.001405
35.968750	0.999349	0.001050
36.000000	1.013876	0.002350
36.031250	1.018055	0.002914
36.062500	1.021701	0.002624
36.093750	1.033506	0.002995
36.125000	1.037323	0.001038
36.156250	1.038828	0.002114
36.187500	1.039778	0.001009
36.218750	1.043714	0.002180
36.250000	1.052644	0.001665
36.281250	1.037735	0.002905
36.312500	1.047766	0.002184
36.343750	1.041255	0.001738
36.375000	1.046794	0.002593
36.406250	1.046433	0.001086
36.437500	1.030547	0.001887
36.468750	1.031474	0.002195
36.500000	1.020172	0.001363
36.531250	1.022235	0.002238
36.562500	1.022604	0.002167
36.593750	1.016681	0.002171
36.625000	1.009415	0.001326
36.656250	1.019933	0.001034
36.687500	0.998229	0.001229
36.718750	0.999343	0.001371
36.750000	0.992516	0.002904
36.781250	1.005070	0.001939
36.812500	0.992617	0.002112
36.843750	0.991253	0.002350
36.875000	0.980422	0.001960
36.906250	0.989467	0.001068
36.937500	0.991901	0.001229
36.968750	0.991831	0.002423
37.000000	1.005828	0.002569
37.031250	0.986800	0.002719
37.062500	0.991375	0.001381
37.093750	0.998786	0.001416
37.125000	1.008625	0.002311
37.156250	1.009891	0.001163
37.187500	1.004792	0.001979
37.218750	1.017909	0.001450
37.250000	1.012845	0.001081
37.281250	1.023648	0.002161
37.312500	1.016857	0.002889
37.343750	1.032102	0.001334
37.375000	1.029863	0.001566
37.406250	1.025558	0.001142
37.437500	1.026185	0.001984
37.468750	1.027969	0.001680
37.500000	1.030403	0.002062
37.531250	1.032006	0.002841
37.562500	1.024950	0.002846
37.593750	1.028835	0.001003
37.625000	1.023681	0.001816
37.656250	1.020526	0.002551
37.687500	1.009946	0.002386
37.718750	1.011436	0.002418
37.750000	0.997121	0.001546
37.781250	1.002567	0.001951
37.812500	0.996877	0.001545
37.843750	0.991027	0.001326
37.875000	0.984886	0.001576
37.906250	0.982385	0.002735
37.937500	0.980722	0.001285
37.968750	0.976827	0.002330
38.000000	0.965606	0.001068
38.031250	0.971316	0.002971
38.062500	0.978717	0.001253
38.093750	0.972134	0.001970
38.125000	0.968109	0.002099
38.156250	0.960803	0.002970
38.187500	0.976750	0.001235
38.218750	0.968420	0.001021
38.250000	0.976638	0.002224
38.281250	0.983128	0.001543
38.312500	0.978311	0.002850
38.343750	0.982805	0.001535
38.375000	0.984221	0.001645
38.406250	1.000565	0.001971
38.437500	0.992576	0.002939
38.468750	0.997326	0.002204
38.500000	0.995772	0.001247
38.531250	1.012104	0.002900
38.562500	1.006683	0.001727
38.593750	1.008692	0.001642
38.625000	1.009130	0.002443
38.656250	1.007641	0.002862
38.687500	1.009049	0.001546
38.718750	1.015107	0.002543
38.750000	1.006264	0.001109
38.781250	1.003054	0.002842
38.812500	1.007894	0.001847
38.843750	0.995187	0.002830
38.875000	0.995320	0.002336
38.906250	1.001072	0.002238
38.937500	0.990078	0.001012
38.968750	0.981200	0.001680
39.000000	0.979171	0.001685
39.031250	0.975251	0.001212
39.062500	0.975875	0.002737
39.093750	0.973703	0.001343
39.125000	0.971004	0.002683
39.156250	0.959854	0.001198
39.187500	0.955582	0.001056
39.218750	0.962309	0.002973
39.250000	0.964071	0.001327
39.281250	0.956362	0.002545
39.312500	0.965923	0.001575
39.343750	0.954279	0.002211
39.375000	0.952583	0.001647
39.406250	0.960520	0.002078
39.437500	0.965795	0.002450
39.468750	0.964102	0.002760
39.500000	0.965636	0.002790
39.531250	0.977695	0.002276
39.562500	0.979259	0.001070
39.593750	0.977096	0.001006
39.625000	0.981979	0.001904
39.656250	1.002117	0.002905
39.687500	1.001401	0.002932
39.718750	0.999402	0.001473
39.750000	0.996936	0.001508
39.781250	0.998626	0.002272
39.812500	1.011702	0.002362
39.843750	1.008348	0.001160
39.875000	1.007181	0.002915
39.906250	1.002834	0.002033
39.937500	1.017967	0.001838
39.968750	1.018357	0.001672
40.000000	1.016471	0.002947
40.031250	1.014706	0.001260
40.062500	1.007877	0.001300
40.093750	1.000388	0.001925
40.125000	0.998440	0.002830
40.156250	0.986571	0.001364
40.187500	0.995802	0.002297
40.218750	0.992342	0.002421
40.250000	0.974188	0.001569
40.281250	0.978146	0.002506
40.312500	0.981184	0.001001
40.343750	0.981675	0.002336
40.375000	0.980003	0.001074
40.406250	0.974728	0.002472
40.437500	0.968361	0.002999
40.468750	0.972498	0.001904
40.500000	0.968758	0.001163
40.531250	0.979413	0.001967
40.562500	0.974169	0.002283
40.593750	0.975848	0.002752
40.625000	0.982995	0.002771
40.656250	0.981675	0.001412
40.687500	0.988356	0.002232
40.718750	1.003597	0.002247
40.750000	0.995950	0.001404
40.781250	1.004937	0.002347
40.812500	0.995175	0.001115
40.843750	1.013255	0.002055
40.875000	1.005425	0.001815
40.906250	1.016032	0.001573
40.937500	1.025699	0.001429
40.968750	1.029347	0.001293
41.000000	1.032311	0.001893
41.031250	1.040023	0.002064
41.062500	1.035035	0.001163
41.093750	1.040312	0.002282
41.125000	1.035184	0.002534
41.156250	1.032104	0.002203
41.187500	1.031987	0.001748
41.218750	1.029060	0.001289
41.250000	1.032411	0.001170
41.281250	1.026733	0.002842
41.312500	1.018823	0.002216
41.343750	1.020296	0.002417
41.375000	1.007437	0.002792
41.406250	1.006459	0.002325
41.437500	1.018116	0.001478
41.468750	1.006703	0.002103
41.500000	0.996771	0.002009
41.531250	0.994146	0.002046
41.562500	0.991646	0.002835
41.593750	1.001398	0.001471
41.625000	0.990322	0.002565
41.656250	0.998678	0.002707
41.687500	0.994059	0.002225
41.718750	0.989270	0.001355
41.750000	0.987969	0.002911
41.781250	0.985590	0.001596
41.812500	1.001159	0.001062
41.843750	1.004529	0.002711
41.875000	1.006639	0.001926
41.906250	1.010054	0.002103
41.937500	1.008851	0.001668
41.968750	1.009810	0.001740
42.000000	1.017391	0.002319
42.031250	1.016478	0.001976
42.062500	1.029615	0.002977
42.093750	1.017470	0.001995
42.125000	1.030751	0.002827
42.156250	1.034417	0.002376
42.187500	1.030805	0.002365
42.218750	1.045909	0.002288
42.250000	1.036854	0.002098
42.281250	1.038593	0.002477
42.312500	1.041595	0.001264
42.343750	1.039710	0.001447
42.375000	1.042404	0.002992
42.406250	1.038734	0.001430
42.437500	1.030410	0.001806
42.468750	1.034859	0.001154
42.500000	1.024348	0.002956
42.531250	1.030474	0.001453
42.562500	1.021706	0.002717
42.593750	1.014006	0.002779
42.625000	1.013673	0.001863
42.656250	1.015295	0.002244
42.687500	0.998182	0.002022
42.718750	0.992249	0.002477
42.750000	0.988886	0.001385
42.781250	0.995125	0.001182
42.812500	0.991388	0.002146
42.843750	0.990189	0.002312
42.875000	0.982340	0.001117
42.906250	0.986743	0.001769
42.937500	0.979505	0.002653
42.968750	0.983270	0.002092
43.000000	0.996993	0.002564
43.031250	0.987914	0.002100
43.062500	0.986013	0.002516
43.093750	0.999506	0.002736
43.125000	0.993099	0.002385
43.156250	0.999909	0.002362
43.187500	1.007170	0.002877
43.218750	1.006027	0.001260
43.250000	1.007026	0.002351
43.281250	1.017056	0.001277
43.312500	1.016421	0.001549
43.343750	1.026455	0.002803
43.375000	1.025498	0.002562
43.406250	1.034869	0.002373
43.437500	1.023449	0.001990
43.468750	1.019657	0.001859
43.500000	1.026649	0.001829
43.531250	1.025497	0.002107
43.562500	1.023266	0.002885
43.593750	1.021856	0.002471
43.625000	1.014541	0.001384
43.656250	1.009219	0.002703
43.687500	1.014729	0.001504
43.718750	1.009296	0.001061
43.750000	1.001030	0.001678
43.781250	0.998037	0.001318
43.812500	0.991836	0.002084
43.843750	0.982374	0.002849
43.875000	0.990847	0.001014
43.906250	0.968502	0.002188
43.937500	0.973086	0.002439
43.968750	0.965060	0.002060
44.000000	0.968109	0.002437
44.031250	0.972728	0.002907
44.062500	0.970569	0.002796
44.093750	0.963206	0.002885
44.125000	0.955861	0.001943
44.156250	0.973278	0.001318
44.187500	0.962700	0.002555
44.218750	0.964033	0.001379
44.250000	0.972390	0.002265
44.281250	0.980487	0.001900
44.312500	0.971543	0.002799
44.343750	0.980635	0.001741
44.375000	0.992627	0.001746
44.406250	0.983754	0.002951
44.437500	0.994223	0.001932
44.468750	0.995749	0.002796
44.500000	0.991940	0.001537
44.531250	1.007764	0.002412
44.562500	1.003181	0.001196
44.593750	0.996568	0.002155
44.625000	1.001666	0.002228
44.656250	1.003278	0.001354
44.687500	1.011217	0.001765
44.718750	0.999988	0.002322
44.750000	1.013953	0.002120
44.781250	1.001053	0.001746
44.812500	1.008112	0.002077
44.843750	1.001361	0.002562
44.875000	0.993610	0.002690
44.906250	0.991470	0.002599
44.937500	0.988180	0.002768
44.968750	0.983400	0.001050
45.000000	0.983713	0.001892
45.031250	0.981305	0.002517
45.062500	0.982559	0.002875
45.093750	0.967768	0.001066
45.125000	0.973465	0.002644
45.156250	0.958612	0.002162
45.187500	0.951830	0.002554
45.218750	0.956537	0.002048
45.250000	0.966307	0.002111
45.281250	0.952972	0.002864
45.312500	0.955443	0.001195
45.343750	0.952526	0.002553
45.375000	0.952590	0.001270
45.406250	0.963453	0.002545
45.437500	0.958753	0.002803
45.468750	0.968202	0.001092
45.500000	0.967709	0.001184
45.531250	0.980874	0.001046
45.562500	0.982518	0.001133
45.593750	0.984203	0.002740
45.625000	0.992640	0.002696
45.656250	0.997052	0.002400
45.687500	1.007201	0.001390
45.718750	1.006994	0.001227
45.750000	1.005176	0.001758
45.781250	1.016457	0.002628
45.812500	1.025148	0.002425
45.843750	1.012098	0.002302
45.875000	1.016371	0.002205
45.906250	1.018529	0.001041
45.937500	1.018565	0.001826
45.968750	1.006188	0.002515
46.000000	1.009753	0.002419
46.031250	1.009325	0.001575
46.062500	1.009688	0.002626
46.093750	1.006930	0.001918
46.125000	0.998152	0.002904
46.156250	1.010580	0.001969
46.187500	1.001724	0.002259
46.218750	0.997465	0.001728
46.250000	0.984815	0.002163
46.281250	0.991593	0.001391
46.312500	0.983204	0.001013
46.343750	0.984762	0.001210
46.375000	0.977665	0.002384
46.406250	0.974129	0.002121
46.437500	0.971518	0.002946
46.468750	0.969572	0.001557
46.500000	0.974807	0.002140
46.531250	0.972453	0.001919
46.562500	0.976520	0.002626
46.593750	0.978095	0.001530
46.625000	0.980720	0.002065
46.656250	0.992095	0.001443
46.687500	0.985822	0.002390
46.718750	0.999191	0.001817
46.750000	0.996328	0.001959
46.781250	0.999028	0.002450
46.812500	1.019077	0.001665
46.843750	1.013124	0.002238
46.875000	1.016978	0.002749
46.906250	1.014553	0.002702
46.937500	1.029202	0.001058
46.968750	1.032625	0.002642
47.000000	1.038382	0.002986
47.031250	1.029109	0.002646
47.062500	1.038053	0.002125
47.093750	1.033306	0.001005
47.125000	1.036998	0.002609
47.156250	1.037719	0.001814
47.187500	1.038832	0.001393
47.218750	1.029025	0.001349
47.250000	1.030416	0.001002
47.281250	1.021254	0.002183
47.312500	1.031183	0.002079
47.343750	1.032548	0.001314
47.375000	1.015558	0.002471
47.406250	1.017684	0.002655
47.437500	1.008360	0.002810
47.468750	1.000263	0.001238
47.500000	1.007137	0.001200
47.531250	1.005085	0.002487
47.562500	1.004370	0.001637
47.593750	1.001270	0.001601
47.625000	0.989685	0.002175
47.656250	0.995910	0.002776
47.687500	0.994733	0.002597
47.718750	0.991721	0.002739
47.750000	0.995418	0.001173
47.781250	0.991411	0.001112
47.812500	0.996863	0.002434
47.843750	0.995182	0.001698
47.875000	1.005807	0.001093
47.906250	1.014207	0.001249
47.937500	1.005818	0.002742
47.968750	1.011626	0.001732
48.000000	1.008717	0.002481
48.031250	1.028922	0.001391
48.062500	1.026392	0.002683
48.093750	1.026338	0.001607
48.125000	1.036165	0.002820
48.156250	1.031472	0.001072
48.187500	1.040567	0.002306
48.218750	1.045781	0.001426
48.250000	1.045952	0.002161
48.281250	1.040669	0.001028
48.312500	1.035784	0.002285
48.343750	1.048066	0.001313
48.375000	1.045968	0.002131
48.406250	1.040553	0.002833
48.437500	1.031910	0.001640
48.468750	1.028635	0.002673
48.500000	1.033289	0.001755
48.531250	1.020800	0.001842
48.562500	1.015493	0.002081
48.593750	1.012823	0.001963
48.625000	1.004726	0.002859
48.656250	1.009242	0.002557
48.687500	0.991519	0.002027
48.718750	0.998937	0.001918
48.750000	0.986600	0.001621
48.781250	0.997657	0.001342
48.812500	0.976517	0.001467
48.843750	0.980962	0.001694
48.875000	0.983063	0.002462
48.906250	0.973470	0.001248
48.937500	0.975068	0.002907
48.968750	0.982450	0.001866
49.000000	0.984253	0.002321
49.031250	0.990770	0.001398
49.062500	0.993756	0.002037
49.093750	0.993665	0.002663
49.125000	0.994976	0.001557
49.156250	0.990994	0.001896
49.187500	0.988959	0.002859
49.218750	0.995187	0.001169
49.250000	1.006215	0.001249
49.281250	1.016186	0.002278
49.312500	1.006056	0.001542
49.343750	1.023439	0.002078
49.375000	1.005454	0.001976
49.406250	1.015542	0.002013
49.437500	1.023481	0.001527
49.468750	1.009639	0.002135
49.500000	1.016181	0.001218
49.531250	1.015481	0.001574
49.562500	1.022655	0.001451
49.593750	1.018660	0.001353
49.625000	1.015149	0.002418
49.656250	1.000327	0.002442
49.687500	0.994650	0.001558
49.718750	1.006294	0.002304
49.750000	0.993268	0.001560
49.781250	0.997963	0.002561
49.812500	0.983910	0.002884
49.843750	0.984599	0.001008
49.875000	0.977217	0.001706
49.906250	0.979924	0.002587
49.937500	0.978538	0.001677
49.968750	0.967125	0.002437
50.000000	0.975267	0.001392
50.031250	0.960668	0.002016
50.062500	0.963664	0.001149
50.093750	0.953972	0.002364
50.125000	0.954407	0.001421
50.156250	0.967920	0.002023
50.187500	0.968537	0.002398
50.218750	0.967438	0.002376
50.250000	0.964234	0.002916
50.281250	0.977145	0.001705
50.312500	0.962624	0.001215
50.343750	0.968671	0.002920
50.375000	0.977783	0.002480
50.406250	0.980451	0.001362
50.437500	0.988352	0.001650
50.468750	0.988142	0.001027
50.500000	0.991177	0.002589
50.531250	1.004425	0.001816
50.562500	0.996260	0.002986
50.593750	1.006765	0.002431
50.625000	1.010416	0.002614
50.656250	1.008544	0.002648
50.687500	1.008375	0.001913
50.718750	1.000559	0.002066
50.750000	1.008028	0.002524
50.781250	1.003123	0.002658
50.812500	1.001246	0.002773
50.843750	1.004674	0.002830
50.875000	0.999687	0.002180
50.906250	0.997530	0.002301
50.937500	0.992240	0.002759
50.968750	0.986485	0.002698
51.000000	0.983792	0.002080
51.031250	0.991390	0.002118
51.062500	0.965484	0.001008
51.093750	0.973382	0.002660
51.125000	0.966297	0.001277
51.156250	0.958796	0.002236
51.187500	0.958286	0.002769
51.218750	0.955774	0.001029
51.250000	0.960215	0.002375
51.281250	0.953236	0.002886
51.312500	0.952597	0.001600
51.343750	0.956734	0.001126
51.375000	0.955572	0.001338
51.406250	0.967299	0.002461
51.437500	0.968730	0.001036
51.468750	0.970551	0.002555
51.500000	0.978026	0.002455
51.531250	0.979408	0.001614
51.562500	0.983268	0.002950
51.593750	0.981479	0.001410
51.625000	0.987002	0.002493
51.656250	0.996328	0.001419
51.687500	1.005757	0.002141
51.718750	1.004132	0.002252
51.750000	1.000776	0.001875
51.781250	1.008004	0.001778
51.812500	1.026270	0.002373
51.843750	1.016719	0.002787
51.875000	1.011443	0.002551
51.906250	1.026332	0.001441
51.937500	1.017539	0.001790
51.968750	1.013740	0.001815
52.000000	1.024553	0.001930
52.031250	1.014991	0.001561
52.062500	1.026068	0.001265
52.093750	1.018266	0.002600
52.125000	1.000707	0.002745
52.156250	1.007346	0.001749
52.187500	1.006420	0.001142
52.218750	1.000185	0.001679
52.250000	0.992224	0.002322
52.281250	0.996498	0.001777
52.312500	0.995970	0.002259
52.343750	0.980632	0.001651
52.375000	0.985184	0.001452
52.406250	0.989525	0.001910
52.437500	0.975186	0.001691
52.468750	0.986074	0.002219
52.500000	0.980208	0.001832
52.531250	0.984372	0.001844
52.562500	0.981999	0.001974
52.593750	0.984570	0.002565
52.625000	0.996379	0.001361
52.656250	1.005295	0.002809
52.687500	0.999120	0.001580
52.718750	0.997748	0.001057
52.750000	1.004623	0.002272
52.781250	1.009685	0.001258
52.812500	1.017276	0.001425
52.843750	1.020387	0.001042
52.875000	1.023711	0.001440
52.906250	1.015845	0.001686
52.937500	1.031409	0.001584
52.968750	1.026799	0.001306
53.000000	1.030948	0.001245
53.031250	1.046383	0.001406
53.062500	1.045356	0.002499
53.093750	1.041705	0.002930
53.125000	1.045273	0.002359
53.156250	1.040994	0.001920
53.187500	1.043030	0.002450
53.218750	1.042040	0.002080
53.250000	1.035737	0.002663
53.281250	1.031389	0.002506
53.312500	1.026907	0.002158
53.343750	1.027051	0.002306
53.375000	1.022964	0.001395
53.406250	1.018260	0.002827
53.437500	1.009479	0.002560
53.468750	1.008507	0.001978
53.500000	0.997877	0.002824
53.531250	0.998365	0.001265
53.562500	0.997597	0.002861
53.593750	0.997734	0.001802
53.625000	1.004291	0.001991
53.656250	1.000934	0.001961
53.687500	1.006306	0.001983
53.718750	0.989669	0.002478
53.750000	0.986954	0.001941
53.781250	0.988478	0.001765
53.812500	0.996874	0.001165
53.843750	0.993147	0.002533
53.875000	1.004445	0.002853
53.906250	1.016962	0.002647
53.937500	1.007394	0.001588
53.968750	1.010326	0.002018
54.000000	1.024161	0.001036
54.031250	1.019855	0.001164
54.062500	1.024062	0.001052
54.093750	1.026011	0.002248
54.125000	1.028955	0.001464
54.156250	1.040029	0.001818
54.187500	1.024398	0.001655
54.218750	1.044237	0.002575
54.250000	1.040456	0.002407
54.281250	1.033108	0.001168
54.312500	1.039528	0.001642
54.343750	1.034521	0.002704
54.375000	1.028848	0.001313
54.406250	1.036614	0.001141
54.437500	1.026471	0.001655
54.468750	1.031841	0.001353
54.500000	1.017170	0.002643
54.531250	1.021673	0.002758
54.562500	1.013354	0.001655
54.593750	1.007531	0.002532
54.625000	1.002085	0.002225
54.656250	1.018639	0.001754
54.687500	0.998870	0.001151
54.718750	0.994418	0.001682
54.750000	0.983996	0.001087
54.781250	0.992117	0.001809
54.812500	0.982156	0.002936
54.843750	0.986113	0.001107
54.875000	0.987711	0.001412
54.906250	0.972330	0.002643
54.937500	0.982777	0.001602
54.968750	0.989421	0.001884
55.000000	0.984272	0.002760
55.031250	0.988158	0.001352
55.062500	0.985992	0.001804
55.093750	0.985012	0.001138
55.125000	0.988116	0.002357
55.156250	0.991286	0.001223
55.187500	0.997580	0.001470
55.218750	0.997152	0.001753
55.250000	1.011617	0.002909
55.281250	1.010412	0.002652
55.312500	1.014723	0.002413
55.343750	1.019308	0.002189
55.375000	1.007588	0.001691
55.406250	1.031082	0.001298
55.437500	1.010113	0.001341
55.468750	1.021694	0.001123
55.500000	1.022423	0.002165
55.531250	1.012433	0.001394
55.562500	1.021972	0.001337
55.593750	1.001482	0.002497
55.625000	1.019430	0.002243
55.656250	1.003755	0.001476
55.687500	0.999865	0.002294
55.718750	1.001127	0.001038
55.750000	0.995850	0.001725
55.781250	0.992970	0.002891
55.812500	0.976917	0.002645
55.843750	0.984744	0.001545
55.875000	0.978257	0.002914
55.906250	0.970506	0.001546
55.937500	0.977538	0.001133
55.968750	0.965902	0.001242
56.000000	0.951718	0.002309
56.031250	0.966558	0.002692
56.062500	0.963241	0.002642
56.093750	0.962895	0.001689
56.125000	0.964742	0.001554
56.156250	0.954498	0.002645
56.187500	0.959873	0.001378
56.218750	0.962004	0.002572
56.250000	0.968437	0.001024
56.281250	0.968247	0.001121
56.312500	0.978133	0.001133
56.343750	0.979365	0.001991
56.375000	0.975356	0.002196
56.406250	0.981650	0.001117
56.437500	0.987876	0.002769
56.468750	0.984185	0.002379
56.500000	0.993077	0.001967
56.531250	0.997467	0.001736
56.562500	1.000416	0.001854
56.593750	1.002341	0.002906
56.625000	1.007272	0.002003
56.656250	1.006391	0.001914
56.687500	0.998764	0.001207
56.718750	1.009695	0.002941
56.750000	1.005814	0.002801
56.781250	1.009015	0.001760
56.812500	0.993829	0.001124
56.843750	0.996708	0.002486
56.875000	1.001390	0.001471
56.906250	0.989948	0.001790
56.937500	0.991321	0.001986
56.968750	0.978659	0.002387
57.000000	0.975880	0.002020
57.031250	0.979819	0.001671
57.062500	0.976049	0.002811
57.093750	0.961980	0.001483
57.125000	0.972542	0.002163
57.156250	0.971884	0.002089
57.187500	0.957981	0.002630
57.218750	0.959702	0.001469
57.250000	0.961655	0.002559
57.281250	0.958190	0.002208
57.312500	0.960902	0.002397
57.343750	0.964916	0.001383
57.375000	0.968003	0.002567
57.406250	0.978495	0.001366
57.437500	0.978339	0.002681
57.468750	0.975851	0.002728
57.500000	0.975308	0.001917
57.531250	0.981206	0.002925
57.562500	0.984171	0.001216
57.593750	0.988380	0.002051
57.625000	0.993513	0.001363
57.656250	1.002315	0.001568
57.687500	1.006742	0.002015
57.718750	1.008663	0.002259
57.750000	1.009477	0.002340
57.781250	1.023171	0.002951
57.812500	1.022394	0.001023
57.843750	1.027664	0.002645
57.875000	1.021038	0.002377
57.906250	1.020900	0.001618
57.937500	1.025166	0.001367
57.968750	1.021772	0.002169
58.000000	1.015434	0.002508
58.031250	1.020890	0.002588
58.062500	1.021833	0.002582
58.093750	1.028306	0.001353
58.125000	1.017512	0.002288
58.156250	1.008901	0.001587
58.187500	1.005822	0.001864
58.218750	1.001190	0.001733
58.250000	1.003981	0.001030
58.281250	1.010740	0.002425
58.312500	0.994024	0.002454
58.343750	0.985135	0.001077
58.375000	0.987700	0.001520
58.406250	0.995362	0.001924
58.437500	0.990274	0.002638
58.468750	0.985464	0.001407
58.500000	0.977537	0.002834
58.531250	0.988635	0.001126
58.562500	0.984541	0.001181
58.593750	0.980710	0.001422
58.625000	0.989262	0.001449
58.656250	0.994065	0.002423
58.687500	0.991168	0.001395
58.718750	1.006424	0.002982
58.750000	1.004549	0.002203
58.781250	1.011787	0.001966
58.812500	1.012653	0.002085
58.843750	1.015933	0.001883
58.875000	1.017763	0.001216
58.906250	1.028472	0.002946
58.937500	1.034091	0.002798
58.968750	1.030832	0.002606
59.000000	1.034063	0.001400
59.031250	1.042169	0.002466
59.062500	1.037848	0.002945
59.093750	1.046581	0.001300
59.125000	1.046140	0.001827
59.156250	1.045556	0.001574
59.187500	1.040545	0.002668
59.218750	1.034206	0.001094
59.250000	1.037068	0.001032
59.281250	1.031012	0.002770
59.312500	1.028273	0.001165
59.343750	1.015638	0.001324
59.375000	1.024922	0.002632
59.406250	1.013718	0.002989
59.437500	1.009835	0.002483
59.468750	1.007160	0.001619
59.500000	1.010010	0.002368
59.531250	1.003880	0.002494
59.562500	1.016018	0.001189
59.593750	0.993811	0.001717
59.625000	0.987428	0.002620
59.656250	0.990583	0.001003
59.687500	0.988825	0.001168
59.718750	0.994414	0.002094
59.750000	0.990557	0.001632
59.781250	0.996716	0.002714
59.812500	0.997737	0.001364
59.843750	0.994162	0.001940
59.875000	1.015751	0.002713
59.906250	1.008060	0.001625
59.937500	1.008631	0.002491
59.968750	1.000928	0.001742
