# Time (days) | Flux (normalized)
# Generated sample data for astronomical analysis - Type: dipper
# Multiple campaigns with gaps
0.000000	0.745213
0.503145	0.758714
1.006289	0.749361
1.509434	0.740737
2.012579	0.744301
2.515723	0.751867
3.018868	0.743624
3.522013	0.735644
4.025157	0.734565
4.528302	0.745718
5.031447	0.731989
5.534591	0.742982
6.037736	0.737533
6.540881	0.724924
7.044025	0.740495
7.547170	0.743839
8.050314	0.742842
8.553459	0.749041
9.056604	0.754493
9.559748	0.748516
10.062893	0.729668
10.566038	0.740973
11.069182	0.743339
11.572327	0.740190
12.075472	0.751009
12.578616	0.713852
13.081761	0.749929
13.584906	0.742766
14.088050	0.745336
14.591195	0.738906
15.094340	0.659642
15.597484	0.748944
16.100629	0.722850
16.603774	0.746998
17.106918	0.730105
17.610063	0.736462
18.113208	0.751712
18.616352	0.759892
19.119497	0.740075
19.622642	0.736143
20.125786	0.752823
20.628931	0.747146
21.132075	0.742611
21.635220	0.723490
22.138365	0.735927
22.641509	0.744528
23.144654	0.752262
23.647799	0.748522
24.150943	0.752511
24.654088	0.751639
25.157233	0.739885
25.660377	0.750861
26.163522	0.749801
26.666667	0.740536
27.169811	0.741173
27.672956	0.746640
28.176101	0.742283
28.679245	0.750084
29.182390	0.758207
29.685535	0.744533
30.188679	0.730509
30.691824	0.750322
31.194969	0.740141
31.698113	0.740401
32.201258	0.746990
32.704403	0.749772
33.207547	0.741840
33.710692	0.745207
34.213836	0.736935
34.716981	0.752919
35.220126	0.746371
35.723270	0.757073
36.226415	0.753059
36.729560	0.745573
37.232704	0.744756
37.735849	0.742483
38.238994	0.747956
38.742138	0.741288
39.245283	0.747038
39.748428	0.756855
40.251572	0.745652
40.754717	0.758616
41.257862	0.741722
41.761006	0.747103
42.264151	0.747185
42.767296	0.736459
43.270440	0.735253
43.773585	0.746293
44.276730	0.758521
44.779874	0.744064
45.283019	0.741749
45.786164	0.735812
46.289308	0.757241
46.792453	0.737303
47.295597	0.735154
47.798742	0.743975
48.301887	0.733345
48.805031	0.737173
49.308176	0.732253
49.811321	0.740638
50.314465	0.745959
50.817610	0.774158
51.320755	0.730536
51.823899	0.748349
52.327044	0.747213
52.830189	0.735666
53.333333	0.735426
53.836478	0.756626
54.339623	0.745092
54.842767	0.742869
55.345912	0.742447
55.849057	0.714296
56.352201	0.742495
56.855346	0.736712
57.358491	0.755845
57.861635	0.737612
58.364780	0.748480
58.867925	0.684956
59.371069	0.744418
59.874214	0.744645
60.377358	0.746494
60.880503	0.753179
61.383648	0.750203
61.886792	0.754918
62.389937	0.732607
62.893082	0.725527
63.396226	0.747327
63.899371	0.743996
64.402516	0.732231
64.905660	0.734942
65.408805	0.747496
65.911950	0.745201
66.415094	0.746482
66.918239	0.739534
67.421384	0.734235
67.924528	0.759654
68.427673	0.737717
68.930818	0.753532
69.433962	0.738416
69.937107	0.743360
70.440252	0.744074
70.943396	0.742908
71.446541	0.749737
71.949686	0.745109
72.452830	0.738113
72.955975	0.731168
73.459119	0.740910
73.962264	0.748151
74.465409	0.736268
74.968553	0.730862
75.471698	0.740677
75.974843	0.731246
76.477987	0.742598
76.981132	0.740821
77.484277	0.733289
77.987421	0.723796
78.490566	0.749840
78.993711	0.738188
79.496855	0.737602
80.000000	0.759401
200.000000	0.735545
200.502092	0.748313
201.004184	0.736599
201.506276	0.735550
202.008368	0.734703
202.510460	0.742411
203.012552	0.729083
203.514644	0.723952
204.016736	0.730119
204.518828	0.739018
205.020921	0.750312
205.523013	0.741139
206.025105	0.720806
206.527197	0.747277
207.029289	0.736294
207.531381	0.758049
208.033473	0.749217
208.535565	0.731251
209.037657	0.737828
209.539749	0.749678
210.041841	0.765199
210.543933	0.747261
211.046025	0.745872
211.548117	0.740933
212.050209	0.733765
212.552301	0.739980
213.054393	0.744864
213.556485	0.746710
214.058577	0.740842
214.560669	0.742473
215.062762	0.743635
215.564854	0.738770
216.066946	0.712572
216.569038	0.759404
217.071130	0.738419
217.573222	0.748194
218.075314	0.732087
218.577406	0.745702
219.079498	0.769829
219.581590	0.746588
220.083682	0.742775
220.585774	0.750170
221.087866	0.746197
221.589958	0.738924
222.092050	0.733804
222.594142	0.732566
223.096234	0.742839
223.598326	0.756492
224.100418	0.745778
224.602510	0.745083
225.104603	0.743966
225.606695	0.748139
226.108787	0.745698
226.610879	0.737684
227.112971	0.741846
227.615063	0.723308
228.117155	0.759551
228.619247	0.731601
229.121339	0.737213
229.623431	0.750490
230.125523	0.738553
230.627615	0.757423
231.129707	0.742740
231.631799	0.762180
232.133891	0.750123
232.635983	0.740926
233.138075	0.790559
233.640167	0.743549
234.142259	0.745232
234.644351	0.729737
235.146444	0.733566
235.648536	0.745173
236.150628	0.745548
236.652720	0.739806
237.154812	0.735893
237.656904	0.754213
238.158996	0.741455
238.661088	0.749557
239.163180	0.730767
239.665272	0.739793
240.167364	0.736111
240.669456	0.739740
241.171548	0.748741
241.673640	0.751081
242.175732	0.737775
242.677824	0.746606
243.179916	0.739366
243.682008	0.736847
244.184100	0.737826
244.686192	0.728681
245.188285	0.743833
245.690377	0.747759
246.192469	0.755411
246.694561	0.750165
247.196653	0.738262
247.698745	0.749444
248.200837	0.750552
248.702929	0.739704
249.205021	0.717597
249.707113	0.754986
250.209205	0.747116
250.711297	0.739699
251.213389	0.733946
251.715481	0.733055
252.217573	0.744652
252.719665	0.750514
253.221757	0.740457
253.723849	0.745285
254.225941	0.746252
254.728033	0.743376
255.230126	0.745850
255.732218	0.759975
256.234310	0.741734
256.736402	0.755615
257.238494	0.749365
257.740586	0.742169
258.242678	0.751146
258.744770	0.743467
259.246862	0.812222
259.748954	0.745308
260.251046	0.740434
260.753138	0.749198
261.255230	0.734169
261.757322	0.734546
262.259414	0.750742
262.761506	0.744555
263.263598	0.744711
263.765690	0.739433
264.267782	0.749664
264.769874	0.738006
265.271967	0.733258
265.774059	0.745641
266.276151	0.749612
266.778243	0.731902
267.280335	0.757116
267.782427	0.744355
268.284519	0.739377
268.786611	0.742984
269.288703	0.658477
269.790795	0.740671
270.292887	0.748336
270.794979	0.778387
271.297071	0.757914
271.799163	0.733561
272.301255	0.755210
272.803347	0.747186
273.305439	0.743605
273.807531	0.740298
274.309623	0.740489
274.811715	0.733660
275.313808	0.739039
275.815900	0.748453
276.317992	0.747467
276.820084	0.738550
277.322176	0.742278
277.824268	0.731405
278.326360	0.735882
278.828452	0.738645
279.330544	0.748810
279.832636	0.743564
280.334728	0.728301
280.836820	0.728900
281.338912	0.747554
281.841004	0.747018
282.343096	0.738124
282.845188	0.725396
283.347280	0.744530
283.849372	0.719493
284.351464	0.732339
284.853556	0.744621
285.355649	0.737663
285.857741	0.740413
286.359833	0.748940
286.861925	0.750550
287.364017	0.750810
287.866109	0.753360
288.368201	0.731810
288.870293	0.736875
289.372385	0.747999
289.874477	0.741848
290.376569	0.761816
290.878661	0.748081
291.380753	0.730120
291.882845	0.736379
292.384937	0.728921
292.887029	0.736421
293.389121	0.746562
293.891213	0.749373
294.393305	0.737044
294.895397	0.742118
295.397490	0.748465
295.899582	0.747113
296.401674	0.757377
296.903766	0.765484
297.405858	0.743147
297.907950	0.728531
298.410042	0.737860
298.912134	0.734067
299.414226	0.745312
299.916318	0.747662
300.418410	0.743182
300.920502	0.750434
301.422594	0.763139
301.924686	0.721715
302.426778	0.746145
302.928870	0.733833
303.430962	0.741566
303.933054	0.686710
304.435146	0.729947
304.937238	0.741869
305.439331	0.748169
305.941423	0.743090
306.443515	0.746068
306.945607	0.742094
307.447699	0.748297
307.949791	0.763336
308.451883	0.751420
308.953975	0.746711
309.456067	0.736851
309.958159	0.747530
310.460251	0.744236
310.962343	0.747302
311.464435	0.750807
311.966527	0.752441
312.468619	0.739056
312.970711	0.746569
313.472803	0.734851
313.974895	0.748202
314.476987	0.750190
314.979079	0.747309
315.481172	0.746206
315.983264	0.750418
316.485356	0.740672
316.987448	0.762474
317.489540	0.745577
317.991632	0.735113
318.493724	0.752427
318.995816	0.740991
319.497908	0.734501
320.000000	0.738595
400.000000	0.776810
400.504202	0.738281
401.008403	0.741169
401.512605	0.740911
402.016807	0.723522
402.521008	0.734888
403.025210	0.736891
403.529412	0.743876
404.033613	0.731069
404.537815	0.739538
405.042017	0.750834
405.546218	0.734702
406.050420	0.730031
406.554622	0.742401
407.058824	0.741595
407.563025	0.743854
408.067227	0.786888
408.571429	0.736572
409.075630	0.742812
409.579832	0.751257
410.084034	0.738140
410.588235	0.758419
411.092437	0.751322
411.596639	0.752697
412.100840	0.754886
412.605042	0.740318
413.109244	0.737105
413.613445	0.741172
414.117647	0.745456
414.621849	0.753578
415.126050	0.741708
415.630252	0.732162
416.134454	0.750707
416.638655	0.749616
417.142857	0.743081
417.647059	0.761775
418.151261	0.742101
418.655462	0.749790
419.159664	0.749698
419.663866	0.726512
420.168067	0.744720
420.672269	0.745092
421.176471	0.748717
421.680672	0.747054
422.184874	0.732892
422.689076	0.730888
423.193277	0.736190
423.697479	0.727735
424.201681	0.808913
424.705882	0.748307
425.210084	0.736725
425.714286	0.747745
426.218487	0.751101
426.722689	0.750901
427.226891	0.839161
427.731092	0.746791
428.235294	0.739216
428.739496	0.736481
429.243697	0.727671
429.747899	0.746709
430.252101	0.736613
430.756303	0.740410
431.260504	0.765753
431.764706	0.736690
432.268908	0.743425
432.773109	0.734602
433.277311	0.746630
433.781513	0.730978
434.285714	0.744075
434.789916	0.740239
435.294118	0.733086
435.798319	0.735617
436.302521	0.743288
436.806723	0.737923
437.310924	0.740799
437.815126	0.744381
438.319328	0.744265
438.823529	0.739423
439.327731	0.737271
439.831933	0.733024
440.336134	0.729822
440.840336	0.728911
441.344538	0.738730
441.848739	0.751868
442.352941	0.753962
442.857143	0.750981
443.361345	0.740692
443.865546	0.751192
444.369748	0.719343
444.873950	0.746156
445.378151	0.734024
445.882353	0.735328
446.386555	0.745147
446.890756	0.735105
447.394958	0.736498
447.899160	0.737144
448.403361	0.747317
448.907563	0.744738
449.411765	0.792488
449.915966	0.733177
450.420168	0.741827
450.924370	0.741868
451.428571	0.747860
451.932773	0.740964
452.436975	0.748499
452.941176	0.741391
453.445378	0.742327
453.949580	0.751116
454.453782	0.740149
454.957983	0.745028
455.462185	0.744854
455.966387	0.739896
456.470588	0.743202
456.974790	0.744105
457.478992	0.747718
457.983193	0.747955
458.487395	0.741667
458.991597	0.755215
459.495798	0.744960
460.000000	0.741536
